1711102285908 0.8016113042831421 0
1711102285952 0.8136958479881287 0
1711102285993 0.8207452297210693 0
1711102286031 0.8096676468849182 0
1711102286149 0.8106747269630432 0
1711102286190 0.8116817474365234 0
1711102286227 0.8046324253082275 0
1711102286315 0.7965760231018066 0
1711102286378 0.7965760231018066 0
1711102286445 0.8016113042831421 0
1711102286576 0.8096676468849182 0
1711102286775 0.8036254048347473 0
1711102286822 0.7955690026283264 0
1711102286867 0.7975831031799316 0
1711102286915 0.8066465258598328 0
1711102286964 0.8136958479881287 0
1711102287011 0.8177240490913391 0
1711102287057 0.8277945518493652 0
1711102287103 0.8388720750808716 0
1711102287145 0.8459214568138123 0
1711102287188 0.8519637584686279 0
1711102287235 0.8811681866645813 0
1711102287280 0.8962739109992981 0
1711102287327 0.9405840635299683 0
1711102287369 0.9506545662879944 0
1711102287435 0.9687814712524414 0
1711102287506 0.9838871955871582 0
1711102287565 0.9939576983451843 0
1711102287613 1.0020140409469604 0
1711102287664 0.9969788789749146 0
