1711102285901 0.6853627637028694 0
1711102285944 0.6796239204704762 0
1711102285987 0.671903345733881 0
1711102286024 0.6599916107952595 0
1711102286062 0.6408079378306866 0
1711102286184 0.611386377364397 0
1711102286220 0.5719343796372414 0
1711102286307 0.5264201909303665 0
1711102286368 0.48194495774805546 0
1711102286435 0.44587636552751064 0
1711102286503 0.422268845140934 0
1711102286763 0.4095573090016842 0
1711102286814 0.40303528122603893 0
1711102286859 0.39962680265307426 0
1711102286907 0.39722946286201477 0
1711102286957 0.39574802480638027 0
1711102287002 0.39446319825947285 0
1711102287049 0.39371237345039845 0
1711102287095 0.3930794559419155 0
1711102287138 0.39276512525975704 0
1711102287180 0.3924358915537596 0
1711102287227 0.3923271521925926 0
1711102287272 0.39209682680666447 0
1711102287318 0.3920527268201113 0
1711102287360 0.39188202284276485 0
1711102287422 0.39179522916674614 0
1711102287491 0.39173854514956474 0
1711102287557 0.3916474673897028 0
1711102287605 0.3916502334177494 0
1711102287656 0.3914909418672323 0
