1691748857199 0.8163900375366211 0
1691748857302 0.8858920931816101 0
1691748857449 0.9522821307182312 0
1691748857808 1.018672227859497 0
1691748857929 1.0954357385635376 0
1691748858451 1.1234439611434937 0
1691748858594 1.177385926246643 0
1691748858753 1.336099624633789 0
1691748858932 1.3765560388565063 0
1691748859070 1.4668049812316895 0
1691748859233 1.616182565689087 0
1691748859523 1.5165975093841553 0
1691748859689 1.748962640762329 0
1691748859833 1.841286301612854 0
1691748859931 1.8682572841644287 0
