1693563107725 0.8066183924674988 0
1693563108004 0.7952430248260498 0
1693563108283 0.8014477491378784 0
1693563108560 0.8128231763839722 0
1693563108717 0.8366080522537231 0
1693563108879 0.8469493389129639 0
1693563109117 0.8417786955833435 0
1693563109170 0.8304033279418945 0
1693563109324 0.8314374089241028 0
1693563109563 0.8335056900978088 0
1693563109839 0.8407445549964905 0
1693563110116 0.8614270687103271 0
1693563110392 0.8945191502571106 0
1693563110671 0.93795245885849 0
1693563110950 0.9286453127861023 0
1693563111166 0.9286453127861023 0
1693563111320 0.9513960480690002 0
1693563111596 0.9555325508117676 0
1693563111874 0.9576008319854736 0
1693563112195 0.9782833456993103 0
1693563112472 0.9607031941413879 0
1693563112747 0.9658738374710083 0
1693563113024 0.9834539890289307 0
1693563113303 0.9772492051124573 0
1693563113473 0.9906928539276123 0
1693563113629 0.9927611351013184 0
1693563113907 0.9896587133407593 0
1693563114183 1.0 0
1693563114540 0.9948293566703796 0
1693563114816 1.004136562347412 0
1693563115092 1.0206825733184814 0
1693563115370 1.027921438217163 0
1693563115647 1.0361944437026978 0
