1695982259923 0.6822713132827513 0
1695982260078 0.6711597481081563 0
1695982260157 0.6480519425484442 0
1695982260269 0.5963255801508504 0
1695982260339 0.5146187236232143 0
1695982260408 0.4423762281094828 0
1695982260484 0.4093536071238979 0
1695982260558 0.39959208330800455 0
1695982260640 0.3955914878076123 0
1695982260711 0.3937731452526585 0
1695982260794 0.3929301058092425 0
1695982260891 0.3923736474206371 0
1695982260962 0.39210760785687354 0
1695982261033 0.39190265920854384 0
1695982261114 0.39179515838623047 0
1695982261191 0.39160568387277667 0
1695982261261 0.39153185102247423 0
1695982261331 0.39139681093154416 0
1695982261401 0.3912820912176563 0
1695982261470 0.39119062789024844 0
