1692353419845 0.8217616677284241 0
1692353419900 0.8269429802894592 0
1692353419954 0.8134714961051941 0
1692353420010 0.7896373271942139 0
1692353420058 0.7772020697593689 0
1692353420103 0.7751295566558838 0
1692353420150 0.800000011920929 0
1692353420195 0.8601036071777344 0
1692353420239 0.8663212656974792 0
1692353420287 0.8860103487968445 0
1692353420332 0.8984456062316895 0
1692353420378 0.9170984625816345 0
1692353420422 0.9005181193351746 0
1692353420467 0.9264248609542847 0
1692353420511 0.9305699467658997 0
1692353420555 0.9264248609542847 0
1692353420603 0.9616580605506897 0
1692353420651 0.9668393731117249 0
1692353420695 0.9658030867576599 0
1692353420741 0.9948186278343201 0
1692353420786 0.9865285158157349 0
1692353420829 0.98860102891922 0
