1686305411071 0.8274058699607849 0
1686305411107 0.8242678046226501 0
1686305411141 0.823221743106842 0
1686305411174 0.8274058699607849 0
1686305411209 0.8326359987258911 0
1686305411242 0.8410041928291321 0
1686305411275 0.8368200659751892 0
1686305411309 0.8535565137863159 0
1686305411341 0.8420501947402954 0
1686305411373 0.8629707098007202 0
1686305411407 0.8598326444625854 0
1686305411439 0.883891224861145 0
1686305411471 0.9205020666122437 0
1686305411503 0.9707112908363342 0
1686305411535 1.0083682537078857 0
1686305411567 1.0407949686050415 0
1686305411599 1.01778244972229 0
1686305411631 1.0407949686050415 0
1686305411663 1.0502091646194458 0
1686305411695 1.0930962562561035 0
1686305411728 1.1307531595230103 0
