1686305411067 0.6857586354017258 0
1686305411102 0.6704086065292358 0
1686305411137 0.6421191319823265 0
1686305411170 0.5927068740129471 0
1686305411204 0.523048423230648 0
1686305411238 0.4558403417468071 0
1686305411271 0.42030465602874756 0
1686305411305 0.4094364047050476 0
1686305411337 0.40076686069369316 0
1686305411369 0.3951250687241554 0
1686305411402 0.3934558853507042 0
1686305411435 0.39261873811483383 0
1686305411467 0.3921339698135853 0
1686305411499 0.39199288189411163 0
1686305411531 0.39179864153265953 0
1686305411563 0.39167023822665215 0
1686305411595 0.39145250245928764 0
1686305411627 0.3913229815661907 0
1686305411659 0.39117250218987465 0
1686305411691 0.39100586622953415 0
1686305411724 0.3907954655587673 0
