1730456023406 0.686501756310463 0
1730456023447 0.6658553369343281 0
1730456023491 0.6216007545590401 0
1730456023533 0.5401062704622746 0
1730456023574 0.4499977342784405 0
1730456023648 0.4105104338377714 0
1730456023717 0.39973514899611473 0
1730456023760 0.39494403824210167 0
1730456023803 0.39333940111100674 0
1730456023864 0.3927138950675726 0
1730456023954 0.3924698270857334 0
1730456024122 0.3922919575124979 0
1730456024166 0.3921452146023512 0
1730456024208 0.39203914999961853 0
1730456024321 0.39191240817308426 0
1730456024380 0.3918053675442934 0
1730456024423 0.39170788787305355 0
1730456024467 0.3915859740227461 0
1730456024509 0.39150052703917027 0
