1689934346541 0.6803407818078995 0
1689934346614 0.6660724058747292 0
1689934346682 0.6399926841259003 0
1689934346752 0.5948490984737873 0
1689934346826 0.5291117820888758 0
1689934346870 0.46112014167010784 0
1689934346914 0.4147620163857937 0
1689934346960 0.40114848874509335 0
1689934347003 0.39638473838567734 0
1689934347059 0.39497347362339497 0
1689934347124 0.393217945471406 0
1689934347201 0.39270684123039246 0
1689934347297 0.3924330845475197 0
1689934347405 0.39258926175534725 0
1689934347508 0.39185701683163643 0
1689934347591 0.3921507429331541 0
1689934347769 0.3923013601452112 0
1689934347858 0.392122320830822 0
1689934347949 0.3918721992522478 0
1689934348085 0.3920410107821226 0
1689934348176 0.39159949868917465 0
1689934348272 0.39163136668503284 0
1689934348358 0.3914714213460684 0
1689934348458 0.39149791561067104 0
1689934348537 0.39119232445955276 0
1689934348640 0.39126650616526604 0
1689934348727 0.39037926495075226 0
1689934348847 0.39106177538633347 0
1689934348927 0.39022680558264256 0
1689934349018 0.3910599406808615 0
1689934349102 0.39050484634935856 0
1689934349190 0.3905325625091791 0
