1689934346549 0.8108108043670654 0
1689934346622 0.807692289352417 0
1689934346690 0.8024948239326477 0
1689934346757 0.8316008448600769 0
1689934346831 0.8232848048210144 0
1689934346875 0.8326403498649597 0
1689934346918 0.8232848048210144 0
1689934346965 0.82536381483078 0
1689934347008 0.8326403498649597 0
1689934347082 0.8513513803482056 0
1689934347129 0.8752598762512207 0
1689934347215 0.8804574012756348 0
1689934347310 0.9033263921737671 0
1689934347412 0.8991683721542358 0
1689934347513 0.9209979176521301 0
1689934347599 0.9085239171981812 0
1689934347774 0.9365904331207275 0
1689934347864 0.9355509281158447 0
1689934347976 0.9937629699707031 0
1689934348101 1.0103950500488281 0
1689934348188 1.0218294858932495 0
1689934348284 0.9864864945411682 0
1689934348371 1.0197504758834839 0
1689934348463 1.0322245359420776 0
1689934348543 1.09563410282135 0
1689934348657 1.0758836269378662 0
1689934348782 1.0623700618743896 0
1689934348852 1.079002022743225 0
1689934348935 1.0748441219329834 0
1689934349026 1.126819133758545 0
1689934349115 1.1133055686950684 0
1689934349201 1.1351351737976074 0
