1703844642027 0.6922661438584328 0
1703844642177 0.685009703040123 0
1703844642206 0.6760935857892036 0
1703844642237 0.6636869758367538 0
1703844642267 0.6457216069102287 0
1703844642303 0.619832418859005 0
1703844642426 0.5842224210500717 0
1703844642456 0.5393274277448654 0
1703844642486 0.49015164747834206 0
1703844642515 0.4456620067358017 0
1703844642544 0.41548557206988335 0
1703844642702 0.4025666080415249 0
1703844642801 0.39894619956612587 0
1703844642830 0.39691162109375 0
1703844642859 0.39480457082390785 0
1703844642890 0.3936338573694229 0
1703844642920 0.39303676038980484 0
1703844642950 0.39277108013629913 0
1703844642980 0.39258983358740807 0
1703844643010 0.3924543038010597 0
1703844643040 0.39239292591810226 0
1703844643069 0.3923335038125515 0
1703844643098 0.3922675885260105 0
