1703844642035 0.7942973375320435 0
1703844642183 0.7922607064247131 0
1703844642212 0.8248472213745117 0
1703844642243 0.8095722794532776 0
1703844642274 0.790224015712738 0
1703844642311 0.790224015712738 0
1703844642432 0.7739307284355164 0
1703844642462 0.7759674191474915 0
1703844642492 0.7698574066162109 0
1703844642521 0.7729124426841736 0
1703844642551 0.7739307284355164 0
1703844642709 0.795315682888031 0
1703844642807 0.7993890047073364 0
1703844642836 0.7993890047073364 0
1703844642866 0.8248472213745117 0
1703844642896 0.8431771993637085 0
1703844642926 0.8492871522903442 0
1703844642956 0.8940936923027039 0
1703844642986 0.909368634223938 0
1703844643016 0.914460301399231 0
1703844643046 0.9164969325065613 0
1703844643075 0.9164969325065613 0
1703844643104 0.9307535886764526 0
