1707473409848 0.8178137540817261 0
1707473409891 0.7874494194984436 0
1707473409936 0.8066801428794861 0
1707473409972 0.7894737124443054 0
1707473410010 0.8147773146629333 0
1707473410046 0.8937246799468994 0
1707473410081 0.9382591247558594 0
1707473410122 0.9868420958518982 0
1707473410166 0.9382591247558594 0
1707473410211 0.9858299493789673 0
1707473410293 1.0070849657058716 0
1707473410330 1.0010120868682861 0
1707473410363 1.0809717178344727 0
1707473410401 1.1103239059448242 0
1707473410437 1.0890687704086304 0
1707473410472 1.1781376600265503 0
1707473410506 1.1305668354034424 0
1707473410540 1.1852226257324219 0
1707473410573 1.2064777612686157 0
1707473410607 1.2580971717834473 0
1707473410644 1.282388687133789 0
1707473410681 1.3097165822982788 0
