1700215816129 0.8249744176864624 0
1700215816159 0.7963152527809143 0
1700215816188 0.7952917218208313 0
1700215816217 0.809621274471283 0
1700215816245 0.8004094362258911 0
1700215816273 0.8055271506309509 0
1700215816301 0.8331627249717712 0
1700215816330 0.9426816701889038 0
1700215816358 0.9477993845939636 0
1700215816387 0.9293756484985352 0
1700215816415 0.9682702422142029 0
1700215816444 0.9774820804595947 0
1700215816472 1.0204708576202393 0
1700215816501 1.0532242059707642 0
1700215816530 1.0644831657409668 0
1700215816558 1.0716478824615479 0
1700215816586 1.1064482927322388 0
1700215816614 1.0941658020019531 0
1700215816642 1.13101327419281 0
1700215816672 1.1811668872833252 0
1700215816700 1.1842374801635742 0
1700215816728 1.2282497882843018 0
1700215816757 1.2302968502044678 0
1700215816785 1.2384852170944214 0
1700215816813 1.2794268131256104 0
1700215816841 1.3203685283660889 0
