1700215816124 0.6881797313690186 0
1700215816154 0.6643501743674278 0
1700215816183 0.6192583441734314 0
1700215816212 0.538287740200758 0
1700215816240 0.44200992211699486 0
1700215816268 0.40273909270763397 0
1700215816296 0.4040692001581192 0
1700215816325 0.3945390544831753 0
1700215816353 0.3931013010442257 0
1700215816382 0.3929770886898041 0
1700215816410 0.39212528243660927 0
1700215816439 0.39205722510814667 0
1700215816467 0.39178308472037315 0
1700215816496 0.3915884420275688 0
1700215816525 0.3914838992059231 0
1700215816553 0.39128536358475685 0
1700215816581 0.39109471067786217 0
1700215816609 0.39089256152510643 0
1700215816637 0.3907306119799614 0
1700215816667 0.3905479721724987 0
1700215816695 0.39035889878869057 0
1700215816723 0.39011749997735023 0
1700215816752 0.38987238705158234 0
1700215816780 0.3895852789282799 0
1700215816808 0.38939259946346283 0
1700215816836 0.3890567943453789 0
