1684491033056 0.6929366866747538 0
1684491033095 0.6876899003982544 0
1684491033131 0.6815959493319194 0
1684491033168 0.6728298465410868 0
1684491033205 0.6587226549784343 0
1684491033242 0.6364914814631144 0
1684491033295 0.6035157402356466 0
1684491033332 0.5596779306729635 0
1684491033368 0.5104308426380157 0
1684491033404 0.46595771114031476 0
1684491033442 0.43411111235618594 0
1684491033478 0.41613897681236267 0
1684491033514 0.40692512194315594 0
1684491033550 0.4018187463283539 0
1684491033586 0.3986094335714976 0
1684491033622 0.39650212128957113 0
1684491033658 0.3951186537742615 0
1684491033695 0.3941697537899017 0
1684491033732 0.3935639560222626 0
1684491033768 0.39311784903208413 0
1684491033803 0.3928210536638896 0
1684491033840 0.39260090589523317 0
1684491033876 0.3924229860305786 0
1684491033912 0.3923063615957896 0
