1726827170759 0.6856605708599091 0
1726827170803 0.6711172834038734 0
1726827170848 0.6496550813317299 0
1726827170891 0.615134634077549 0
1726827170936 0.5619037598371506 0
1726827170979 0.49265334010124207 0
1726827171022 0.4290161468088627 0
1726827171066 0.4012764245271683 0
1726827171109 0.3998202383518219 0
1726827171152 0.3964958004653454 0
1726827171194 0.393184881657362 0
1726827171236 0.3928241431713104 0
1726827171278 0.3925948888063431 0
1726827171321 0.39227502793073654 0
1726827171364 0.39217888191342354 0
1726827171407 0.3920566812157631 0
1726827171450 0.39192260056734085 0
1726827171493 0.3917941637337208 0
1726827171536 0.39169691875576973 0
1726827171579 0.3915434293448925 0
1726827171621 0.39144378900527954 0
1726827171665 0.39130735397338867 0
1726827171710 0.3911800868809223 0
1726827171754 0.39104973897337914 0
1726827171797 0.39091410115361214 0
1726827171840 0.39079419896006584 0
1726827171883 0.3906635120511055 0
1726827171925 0.39051905646920204 0
1726827171968 0.3903847001492977 0
1726827172011 0.3902411013841629 0
1726827172055 0.3900832571089268 0
1726827172099 0.38993846997618675 0
1726827172143 0.3897838667035103 0
1726827172186 0.3896225243806839 0
1726827172230 0.3894573822617531 0
1726827172274 0.38927533477544785 0
1726827172317 0.38911181688308716 0
1726827172360 0.38892892748117447 0
1726827172402 0.38875648006796837 0
1726827172445 0.38854413479566574 0
1726827172488 0.38835251703858376 0
1726827172531 0.38812338933348656 0
1726827172575 0.3879225142300129 0
1726827172617 0.3876911774277687 0
1726827172660 0.3874550014734268 0
1726827172701 0.38719087839126587 0
