1726827170769 0.7590953707695007 0
1726827170813 0.7935103178024292 0
1726827170858 0.8053097128868103 0
1726827170901 0.7866273522377014 0
1726827170946 0.7876105904579163 0
1726827170990 0.7974434494972229 0
1726827171032 0.7984267473220825 0
1726827171076 0.8102261424064636 0
1726827171120 0.8338249921798706 0
1726827171162 0.841691255569458 0
1726827171204 0.928220272064209 0
1726827171246 0.945919394493103 0
1726827171288 0.9429695010185242 0
1726827171331 0.9675516486167908 0
1726827171374 0.9783677458763123 0
1726827171417 0.9970501661300659 0
1726827171460 1.0049164295196533 0
1726827171503 1.0265486240386963 0
1726827171546 1.0304818153381348 0
1726827171589 1.0491641759872437 0
1726827171631 1.051130771636963 0
1726827171676 1.0727630853652954 0
1726827171720 1.086529016494751 0
1726827171764 1.0953785181045532 0
1726827171807 1.1091445684432983 0
1726827171850 1.1179940700531006 0
1726827171893 1.1307767629623413 0
1726827171935 1.1465092897415161 0
1726827171978 1.1602753400802612 0
1726827172021 1.1592919826507568 0
1726827172065 1.1691248416900635 0
1726827172109 1.2104227542877197 0
1726827172153 1.2241888046264648 0
1726827172196 1.244837760925293 0
1726827172240 1.2546706199645996 0
1726827172284 1.2900688648223877 0
1726827172327 1.3176007270812988 0
1726827172370 1.3117010593414307 0
1726827172413 1.319567322731018 0
1726827172455 1.349065899848938 0
1726827172498 1.352998971939087 0
1726827172542 1.391347050666809 0
1726827172585 1.3962634801864624 0
1726827172627 1.3933136463165283 0
1726827172670 1.4277286529541016 0
1726827172712 1.4257620573043823 0
