1694772619169 0.66230962545641 0
1694772619233 0.48938067401609114 0
1694772619294 0.39989092080823835 0
1694772619357 0.3927906540132338 0
1694772619419 0.3921041065646756 0
1694772619480 0.39179119852281385 0
1694772619540 0.3914340542208764 0
1694772619602 0.39093182836809465 0
1694772619663 0.39050630888631266 0
1694772619729 0.3898483716672467 0
1694772619792 0.38918253298728694 0
1694772619853 0.3885295592969464 0
1694772619915 0.38767236663449195 0
1694772619978 0.3869628387112771 0
1694772620041 0.3859447644602868 0
1694772620104 0.3849977610572692 0
1694772620166 0.38380491925824073 0
1694772620230 0.38233221442468707 0
1694772620290 0.3810208814759408 0
1694772620353 0.3795216910300716 0
1694772620416 0.3778897398902524 0
1694772620477 0.3761372825791759 0
