1694772619174 0.8039215803146362 0
1694772619238 0.7936016321182251 0
1694772619299 0.850361168384552 0
1694772619361 0.9669762849807739 0
1694772619424 0.9969040155410767 0
1694772619485 1.0619194507598877 0
1694772619545 1.083591341972351 0
1694772619607 1.1424148082733154 0
1694772619669 1.1713106632232666 0
1694772619734 1.2765737771987915 0
1694772619797 1.3178534507751465 0
1694772619858 1.364293098449707 0
1694772619920 1.4014447927474976 0
1694772619983 1.5510835647583008 0
1694772620046 1.5964912176132202 0
1694772620109 1.6707946062088013 0
1694772620172 1.7244582176208496 0
1694772620235 1.7533539533615112 0
1694772620295 1.8173375129699707 0
1694772620358 1.8648090362548828 0
1694772620421 1.8771929740905762 0
1694772620482 1.9752322435379028 0
