1707473412478 0.8056679964065552 0
1707473412510 0.8157894611358643 0
1707473412541 0.8269230723381042 0
1707473412575 0.8208501935005188 0
1707473412610 0.8289473652839661 0
1707473412642 0.8309716582298279 0
1707473412675 0.8238866329193115 0
1707473412706 0.8238866329193115 0
1707473412739 0.8248987793922424 0
1707473412773 0.829959511756897 0
1707473412809 0.8329959511756897 0
1707473412846 0.8441295623779297 0
1707473412880 0.8380566835403442 0
1707473412915 0.862348198890686 0
1707473412949 0.8775303363800049 0
1707473412984 0.909919023513794 0
1707473413016 0.9220647811889648 0
1707473413052 0.9412955641746521 0
1707473413088 0.9443320035934448 0
1707473413127 0.942307710647583 0
1707473413161 0.9645748734474182 0
1707473413195 0.9969635605812073 0
1707473413227 1.0172064304351807 0
1707473413259 1.0607287883758545 0
1707473413292 1.0526316165924072 0
