1706263829861 0.8002028465270996 0
1706263829923 0.8255578279495239 0
1706263829987 0.8073022365570068 0
1706263830049 0.7991886138916016 0
1706263830107 0.7981744408607483 0
1706263830165 0.7951318621635437 0
1706263830226 0.8012170195579529 0
1706263830285 0.8042596578598022 0
1706263830344 0.8073022365570068 0
1706263830405 0.8032454252243042 0
1706263830466 0.8316429853439331 0
1706263830529 0.8417850136756897 0
1706263830590 0.8377282023429871 0
1706263830651 0.8681541681289673 0
1706263830712 0.8701825737953186 0
1706263830771 0.9016227126121521 0
1706263830830 0.9695740342140198 0
1706263830891 0.982758641242981 0
1706263830951 0.9807302355766296 0
1706263831012 1.0070993900299072 0
1706263831129 0.9979715943336487 0
