1706263829853 0.6886517117100377 0
1706263829916 0.6788638714821108 0
1706263829979 0.6616139546517403 0
1706263830042 0.6257651852023217 0
1706263830100 0.5628101979532549 0
1706263830159 0.48749338523034125 0
1706263830219 0.4337867219601908 0
1706263830278 0.4114580702397131 0
1706263830337 0.4026988129461965 0
1706263830398 0.3980787348362707 0
1706263830459 0.39553448653990225 0
1706263830522 0.39407564459308503 0
1706263830582 0.39329785589248906 0
1706263830644 0.3928317985227031 0
1706263830704 0.3925565135094427 0
1706263830764 0.3923260127344439 0
1706263830822 0.39221450974864347 0
1706263830884 0.3921014291624869 0
1706263830943 0.39202429498395613 0
1706263831005 0.39191882168093034 0
1706263831079 0.39186971129909637 0
