1718964680301 0.774129331111908 0
1718964680331 0.7761194109916687 0
1718964680363 0.7661691308021545 0
1718964680395 0.7601990103721619 0
1718964680426 0.7661691308021545 0
1718964680458 0.7562189102172852 0
1718964680488 0.7691542506217957 0
1718964680517 0.7990049719810486 0
1718964680546 0.806965172290802 0
1718964680576 0.8268656730651855 0
1718964680604 0.8149253726005554 0
1718964680633 0.8218905329704285 0
1718964680664 0.8218905329704285 0
1718964680695 0.8288556933403015 0
1718964680726 0.8288556933403015 0
1718964680759 0.8278607130050659 0
1718964680791 0.8288556933403015 0
1718964680821 0.8288556933403015 0
1718964680850 0.8278607130050659 0
1718964680879 0.8278607130050659 0
1718964680909 0.8278607130050659 0
1718964680940 0.8288556933403015 0
1718964680973 0.8278607130050659 0
1718964681005 0.8278607130050659 0
1718964681035 0.8457711338996887 0
1718964681067 0.8656716346740723 0
1718964681101 0.8726367950439453 0
1718964681133 0.9004974961280823 0
1718964681164 0.904477596282959 0
1718964681195 0.9442785978317261 0
1718964681227 0.9582089781761169 0
1718964681259 0.9562188982963562 0
1718964681293 0.9870646595954895 0
1718964681328 0.9830845594406128 0
1718964681360 0.9800994992256165 0
1718964681391 0.9761193990707397 0
1718964681422 0.9950248599052429 0
1718964681454 1.0 0
1718964681485 1.0109453201293945 0
1718964681516 1.0348259210586548 0
1718964681547 1.043781042098999 0
1718964681578 1.0338308811187744 0
