1718964680293 0.700133815407753 0
1718964680323 0.6956439763307571 0
1718964680355 0.6902316361665726 0
1718964680387 0.6831442266702652 0
1718964680418 0.6735137403011322 0
1718964680451 0.6606144532561302 0
1718964680481 0.64372468739748 0
1718964680509 0.6220931857824326 0
1718964680539 0.595422551035881 0
1718964680568 0.5649946480989456 0
1718964680596 0.532102607190609 0
1718964680626 0.4999527186155319 0
1718964680656 0.47134944424033165 0
1718964680687 0.4482223093509674 0
1718964680719 0.4316551797091961 0
1718964680750 0.42050983384251595 0
1718964680782 0.4128612205386162 0
1718964680813 0.407153133302927 0
1718964680842 0.40285083279013634 0
1718964680872 0.39968055859208107 0
1718964680901 0.39737826585769653 0
1718964680933 0.3957812786102295 0
1718964680965 0.39466526359319687 0
1718964680997 0.39392537996172905 0
1718964681027 0.39333777874708176 0
1718964681060 0.3929276168346405 0
1718964681092 0.3926478698849678 0
1718964681125 0.39241717755794525 0
1718964681156 0.39222463592886925 0
1718964681187 0.3920775204896927 0
1718964681219 0.3919800706207752 0
1718964681251 0.3918767087161541 0
1718964681285 0.39179467409849167 0
1718964681320 0.39170387014746666 0
1718964681352 0.39164968580007553 0
1718964681383 0.39156346395611763 0
1718964681415 0.39151307940483093 0
1718964681446 0.3914516605436802 0
1718964681477 0.3913807235658169 0
1718964681508 0.39132334664463997 0
1718964681539 0.3912770077586174 0
1718964681571 0.3911902457475662 0
