1700215817628 0.8167860507965088 0
1700215817666 0.8004094362258911 0
1700215817706 0.809621274471283 0
1700215817744 0.8331627249717712 0
1700215817783 0.835209846496582 0
1700215817822 0.9242579340934753 0
1700215817863 0.9324462413787842 0
1700215817906 0.934493362903595 0
1700215817951 0.9396110773086548 0
1700215818001 0.9406346082687378 0
1700215818053 0.9682702422142029 0
1700215818108 0.9928352236747742 0
1700215818166 0.9846468567848206 0
1700215818227 1.0102354288101196 0
1700215818275 1.034800410270691 0
1700215818337 1.0143295526504517 0
1700215818382 1.0255885124206543 0
1700215818425 1.0624359846115112 0
1700215818467 1.0931422710418701 0
1700215818510 1.091095209121704 0
1700215818554 1.126919150352478 0
