1729246431015 0.6821629237383604 0
1729246431063 0.6762637849897146 0
1729246431110 0.6683466248214245 0
1729246431158 0.655594365671277 0
1729246431208 0.6335401590913534 0
1729246431256 0.596691707149148 0
1729246431304 0.546453919261694 0
1729246431352 0.49467314314097166 0
1729246431413 0.45421674475073814 0
1729246431466 0.42930312640964985 0
1729246431522 0.4155508801341057 0
1729246431581 0.40767052583396435 0
1729246431628 0.40268007293343544 0
1729246431676 0.39931630436331034 0
1729246431723 0.39706617780029774 0
1729246431772 0.39550537057220936 0
1729246431820 0.39446358010172844 0
1729246431867 0.39373075496405363 0
1729246431915 0.3931998098269105 0
1729246431964 0.3928454387933016 0
1729246432013 0.3925518970936537 0
1729246432061 0.3923440398648381 0
1729246432109 0.39220013190060854 0
1729246432156 0.3920679911971092 0
1729246432204 0.3919561542570591 0
1729246432252 0.3918626056984067 0
1729246432306 0.39177807699888945 0
1729246432361 0.39169400464743376 0
1729246432433 0.3916196096688509 0
