1688724753751 0.7833333611488342 0
1688724753819 0.8416666388511658 0
1688724753877 0.8083333373069763 0
1688724753934 0.8062499761581421 0
1688724754001 0.8041666746139526 0
1688724754063 0.8020833134651184 0
1688724754133 0.7979166507720947 0
1688724754190 0.8260416388511658 0
1688724754252 0.8052083253860474 0
1688724754303 0.8416666388511658 0
1688724754374 0.9125000238418579 0
1688724754436 0.9520833492279053 0
1688724754492 0.984375 0
1688724754555 0.9927083253860474 0
1688724754621 1.0177083015441895 0
1688724754683 1.0520833730697632 0
1688724754723 1.0854166746139526 0
1688724754777 1.1052082777023315 0
1688724754837 1.103124976158142 0
1688724754894 1.1322916746139526 0
1688724754969 1.1427083015441895 0
1688724755035 1.1947916746139526 0
1688724755107 1.1916667222976685 0
1688724755167 1.2239583730697632 0
1688724755223 1.2270833253860474 0
1688724755293 1.2937500476837158 0
