1725617563424 0.6882066652178764 0
1725617563459 0.6820902898907661 0
1725617563496 0.6744152009487152 0
1725617563531 0.6635368093848228 0
1725617563567 0.6473219618201256 0
1725617563602 0.6227945312857628 0
1725617563640 0.5873819217085838 0
1725617563683 0.5409139692783356 0
1725617563727 0.4887503795325756 0
1725617563773 0.44208985567092896 0
1725617563816 0.41235408931970596 0
1725617563863 0.4010744281113148 0
1725617563911 0.39835284650325775 0
1725617563960 0.39623795077204704 0
1725617564020 0.39423489570617676 0
1725617564108 0.39324530959129333 0
1725617564208 0.39296264573931694 0
1725617564299 0.3927580341696739 0
1725617564341 0.3925953693687916 0
1725617564383 0.3924741670489311 0
1725617564421 0.39241577312350273 0
1725617564463 0.3923514150083065 0
1725617564503 0.392264474183321 0
1725617564542 0.39220141991972923 0
1725617564625 0.3921470567584038 0
