1716545492612 0.8501498699188232 0
1716545492671 0.8481518626213074 0
1716545492721 0.8231768012046814 0
1716545492772 0.8251748085021973 0
1716545492821 0.8351648449897766 0
1716545492871 0.8511488437652588 0
1716545492921 0.9310689568519592 0
1716545492971 0.9470529556274414 0
1716545493022 0.9660339951515198 0
1716545493072 1.0029970407485962 0
1716545493122 1.0129870176315308 0
1716545493174 1.0419580936431885 0
1716545493223 1.033966064453125 0
1716545493277 1.0689311027526855 0
1716545493332 1.0809190273284912 0
