1720779080091 0.8115079402923584 0
1720779080256 0.8095238208770752 0
1720779080327 0.8144841194152832 0
1720779080393 0.9097222089767456 0
1720779080460 0.9523809552192688 0
1720779080528 0.9960317611694336 0
1720779080603 1.038690447807312 0
1720779080758 1.0545635223388672 0
1720779080826 1.0892857313156128 0
1720779080887 1.1378967761993408 0
1720779080954 1.1676586866378784 0
1720779081235 1.202380895614624 0
1720779081309 1.2619047164916992 0
1720779081378 1.283730149269104 0
1720779081445 1.3928571939468384 0
1720779081509 1.3968254327774048 0
1720779081575 1.4513888359069824 0
1720779081642 1.5128967761993408 0
1720779081708 1.5763888359069824 0
1720779081779 1.634920597076416 0
1720779081918 1.6547619104385376 0
1720779082017 1.6875 0
1720779082093 1.7242063283920288 0
1720779082178 1.8214285373687744 0
1720779082285 1.8392857313156128 0
1720779082385 1.8521825075149536 0
1720779082473 1.8869047164916992 0
1720779082555 1.9166666269302368 0
1720779082638 1.9315476417541504 0
