1720779082973 0.6811185069382191 0
1720779083138 0.658894395455718 0
1720779083209 0.6084234621375799 0
1720779083480 0.5283833844587207 0
1720779083593 0.4558888552710414 0
1720779083782 0.4210185157135129 0
1720779083857 0.4068268248811364 0
1720779083941 0.4001333238556981 0
1720779084387 0.39650382101535797 0
1720779084456 0.3946699872612953 0
1720779084674 0.39350428618490696 0
1720779084842 0.392912145704031 0
1720779085058 0.3924747798591852 0
1720779085190 0.3921325355768204 0
1720779085273 0.39192874543368816 0
1720779085544 0.39180565252900124 0
1720779085628 0.39157226774841547 0
1720779085951 0.39144930616021156 0
1720779086012 0.3912487579509616 0
1720779086170 0.3911061827093363 0
1720779086401 0.3909609243273735 0
1720779086498 0.3907344778999686 0
1720779086644 0.39056115970015526 0
1720779086701 0.3903577923774719 0
1720779086759 0.39015744999051094 0
1720779086941 0.3898594509810209 0
1720779087008 0.3896801183000207 0
1720779087071 0.3893869938328862 0
1720779087154 0.3891566852107644 0
1720779087578 0.3888653554022312 0
1720779087751 0.3885319195687771 0
1720779087826 0.3882438624277711 0
1720779087885 0.3878862960264087 0
1720779087937 0.38753355480730534 0
1720779087988 0.38726496510207653 0
1720779088042 0.38683599047362804 0
1720779088095 0.38641994167119265 0
1720779088181 0.38610731065273285 0
1720779088238 0.3857078179717064 0
1720779088291 0.38526161201298237 0
1720779088344 0.3847980974242091 0
1720779088397 0.3843754166737199 0
1720779088450 0.3839143682271242 0
