1721988717748 0.8255698680877686 0
1721988717780 0.8384538888931274 0
1721988717810 0.8285431265830994 0
1721988717841 0.8087214827537537 0
1721988717872 0.7978196144104004 0
1721988717903 0.803766131401062 0
1721988717934 0.7938553094863892 0
1721988717964 0.8186323046684265 0
1721988717994 0.8344895839691162 0
1721988718025 0.8186323046684265 0
1721988718056 0.8097125887870789 0
1721988718086 0.806739330291748 0
1721988718117 0.8166501522064209 0
1721988718147 0.8156590461730957 0
1721988718177 0.8136768937110901 0
1721988718208 0.8225966095924377 0
1721988718238 0.8216055631637573 0
1721988718269 0.8265609741210938 0
1721988718300 0.8285431265830994 0
1721988718330 0.8354806900024414 0
1721988718360 0.8255698680877686 0
1721988718391 0.8632309436798096 0
1721988718422 0.8919722437858582 0
1721988718452 0.8830525279045105 0
1721988718483 0.8790882229804993 0
1721988718513 0.894945502281189 0
1721988718544 0.9058473706245422 0
1721988718575 0.9038652181625366 0
1721988718605 0.9226957559585571 0
1721988718636 0.9246779084205627 0
1721988718666 0.9246779084205627 0
1721988718701 0.9415262341499329 0
1721988718732 0.9504460096359253 0
1721988718762 0.9544103145599365 0
1721988718793 0.9554013609886169 0
1721988718825 0.9633300304412842 0
1721988718857 0.969276487827301 0
1721988718888 0.9811694622039795 0
1721988718920 0.9871159791946411 0
1721988718951 0.9752230048179626 0
1721988718982 0.9841427206993103 0
1721988719013 0.9871159791946411 0
1721988719044 0.9890981316566467 0
1721988719075 0.9910802841186523 0
1721988719106 1.013875126838684 0
1721988719137 1.0198216438293457 0
1721988719168 1.0148662328720093 0
1721988719200 1.0158573389053345 0
1721988719230 1.0198216438293457 0
1721988719261 1.0297324657440186 0
1721988719291 1.0287413597106934 0
1721988719323 1.037661075592041 0
1721988719354 1.053518295288086 0
