1686305415358 0.8451882600784302 0
1686305415424 0.8096234202384949 0
1686305415488 0.8096234202384949 0
1686305415553 0.8985355496406555 0
1686305415618 0.9414225816726685 0
1686305415683 1.0156903266906738 0
1686305415748 1.0271966457366943 0
1686305415813 1.0972803831100464 0
1686305415880 1.1297070980072021 0
1686305415943 1.1391212940216064 0
1686305416007 1.2479079961776733 0
1686305416073 1.2416317462921143 0
1686305416137 1.313807487487793 0
1686305416201 1.371338963508606 0
1686305416266 1.400627613067627 0
1686305416331 1.4916317462921143 0
1686305416395 1.5230125188827515 0
