1718359893639 0.6902750357985497 0
1718359893682 0.6783637776970863 0
1718359893719 0.6585487127304077 0
1718359893751 0.6236787140369415 0
1718359893782 0.5689955651760101 0
1718359893814 0.4992101229727268 0
1718359893846 0.4375414773821831 0
1718359893880 0.40866421163082123 0
1718359893912 0.4022262394428253 0
1718359893972 0.3966151587665081 0
1718359894040 0.392965666949749 0
1718359894092 0.3924096152186394 0
1718359894134 0.39201752468943596 0
1718359894172 0.3917194493114948 0
1718359894218 0.3916246220469475 0
1718359894342 0.3914758116006851 0
