1694772633232 0.8059855699539185 0
1694772633274 0.7946336269378662 0
1694772633314 0.8070175647735596 0
1694772633356 0.8235294222831726 0
1694772633397 0.8276574015617371 0
1694772633439 0.8255934119224548 0
1694772633480 0.8255934119224548 0
1694772633521 0.7977296113967896 0
1694772633563 0.818369448184967 0
1694772633604 0.8152734637260437 0
1694772633645 0.8152734637260437 0
1694772633685 0.7946336269378662 0
1694772633726 0.7936016321182251 0
1694772633768 0.7946336269378662 0
1694772633808 0.792569637298584 0
1694772633849 0.7863777279853821 0
1694772633891 0.8224974274635315 0
1694772633932 0.826625406742096 0
1694772633973 0.8173374533653259 0
1694772634015 0.8400412797927856 0
1694772634057 0.859649121761322 0
1694772634098 0.8740969896316528 0
1694772634138 0.8978328108787537 0
1694772634181 0.9081527590751648 0
1694772634221 0.9226006269454956 0
1694772634262 0.9453044533729553 0
1694772634303 0.9576883316040039 0
1694772634346 0.968008279800415 0
1694772634386 0.9731681942939758 0
1694772634427 0.9855521321296692 0
1694772634468 0.9979360103607178 0
1694772634508 1.0144479274749756 0
1694772634549 1.008255958557129 0
1694772634590 1.0257997512817383 0
1694772634631 1.023735761642456 0
1694772634678 1.0361196994781494 0
1694772634719 1.0361196994781494 0
1694772634760 1.0474716424942017 0
1694772634800 1.065015435218811 0
1694772634841 1.0577915906906128 0
1694772634881 1.0577915906906128 0
1694772634921 1.0815273523330688 0
1694772634961 1.0815273523330688 0
1694772635001 1.1042311191558838 0
1694772635045 1.106295108795166 0
