1700215808029 0.6877196729183197 0
1700215808058 0.6688958965241909 0
1700215808086 0.6275201179087162 0
1700215808115 0.5529387034475803 0
1700215808143 0.46786112152040005 0
1700215808171 0.4175002481788397 0
1700215808201 0.4018489271402359 0
1700215808230 0.39560733176767826 0
1700215808258 0.3934285119175911 0
1700215808285 0.3926246874034405 0
1700215808313 0.3922215774655342 0
1700215808341 0.39205155707895756 0
1700215808369 0.3917612172663212 0
1700215808400 0.39164637960493565 0
1700215808430 0.39161222241818905 0
1700215808457 0.3913460597395897 0
1700215808487 0.3912367559969425 0
1700215808517 0.3910352773964405 0
1700215808548 0.39098869636654854 0
1700215808582 0.39067394100129604 0
1700215808615 0.39052390679717064 0
1700215808643 0.3902935963124037 0
1700215808671 0.39015855081379414 0
