1721988727657 0.792864203453064 0
1721988727688 0.79682856798172 0
1721988727718 0.8027750253677368 0
1721988727748 0.810703694820404 0
1721988727778 0.8077304363250732 0
1721988727809 0.8116947412490845 0
1721988727839 0.8196234107017517 0
1721988727870 0.8166501522064209 0
1721988727900 0.8196234107017517 0
1721988727930 0.8166501522064209 0
1721988728109 0.8176412582397461 0
1721988728159 0.8225966095924377 0
1721988728202 0.8216055631637573 0
1721988728288 0.8235877156257629 0
1721988728375 0.8434092998504639 0
1721988728442 0.8523290157318115 0
1721988728515 0.8582755327224731 0
1721988728580 0.8969276547431946 0
1721988728610 0.9028741121292114 0
1721988728641 0.9217046499252319 0
1721988728672 0.9217046499252319 0
1721988728702 0.9425173401832581 0
1721988728733 0.9474727511405945 0
1721988728763 0.966303288936615 0
1721988728794 0.9672943353652954 0
1721988728824 0.9643211364746094 0
1721988728854 0.9920713305473328 0
1721988728884 1.0317145586013794 0
