1711707086547 0.7977867126464844 0
1711707086590 0.7957746386528015 0
1711707086637 0.818913459777832 0
1711707086684 0.8108651638031006 0
1711707086728 0.7997987866401672 0
1711707086782 0.8048290014266968 0
1711707086829 0.8169013857841492 0
1711707086880 0.8752515316009521 0
1711707086922 0.9366196990013123 0
1711707086965 0.9748491048812866 0
1711707087012 1.017102599143982 0
1711707087059 1.0533199310302734 0
1711707087106 1.0643863677978516 0
1711707087152 1.1156941652297974 0
1711707087203 1.1116700172424316 0
1711707087452 1.1026157140731812 0
1711707087514 1.1680080890655518 0
1711707087582 1.2464789152145386 0
