1707473401136 0.8238866329193115 0
1707473401178 0.841093122959137 0
1707473401212 0.840080976486206 0
1707473401250 0.8451417088508606 0
1707473401284 0.8329959511756897 0
1707473401318 0.8137651681900024 0
1707473401352 0.8218623399734497 0
1707473401386 0.8259109258651733 0
1707473401421 0.8390688300132751 0
1707473401456 0.8360323905944824 0
1707473401491 0.8259109258651733 0
1707473401525 0.8269230723381042 0
1707473401561 0.8269230723381042 0
1707473401596 0.8279352188110352 0
1707473401629 0.8329959511756897 0
1707473401661 0.8380566835403442 0
1707473401694 0.8309716582298279 0
1707473401727 0.829959511756897 0
1707473401762 0.8380566835403442 0
1707473401799 0.8633603453636169 0
1707473401833 0.8674089312553406 0
1707473401867 0.8633603453636169 0
1707473401900 0.8674089312553406 0
1707473401933 0.8694332242012024 0
1707473401966 0.8846153616905212 0
1707473402004 0.8785424828529358 0
1707473402047 0.8957489728927612 0
1707473402079 0.8967611193656921 0
1707473402113 0.898785412311554 0
1707473402147 0.9078947305679321 0
1707473402180 0.9139676094055176 0
1707473402215 0.9170040488243103 0
1707473402250 0.920040488243103 0
1707473402286 0.9261133670806885 0
1707473402320 0.9281376600265503 0
1707473402354 0.9180161952972412 0
1707473402387 0.9190283417701721 0
1707473402426 0.9210526347160339 0
1707473402465 0.9119433164596558 0
1707473402509 0.9058704376220703 0
1707473402550 0.9109311699867249 0
1707473402592 0.9261133670806885 0
1707473402632 0.9271255135536194 0
1707473402665 0.9301619529724121 0
1707473402698 0.9433198571205139 0
1707473402735 0.9443320035934448 0
1707473402770 0.9493927359580994 0
1707473402804 0.9504048824310303 0
1707473402837 0.9574899077415466 0
1707473402871 0.9574899077415466 0
1707473402904 0.9615384340286255 0
1707473402940 0.9615384340286255 0
