1707473401129 0.6948687918484211 0
1707473401172 0.6908327303826809 0
1707473401205 0.6863065771758556 0
1707473401243 0.6804913133382797 0
1707473401278 0.6729401089251041 0
1707473401312 0.6623809672892094 0
1707473401346 0.6476715058088303 0
1707473401380 0.62758968770504 0
1707473401415 0.6007771715521812 0
1707473401449 0.5681769289076328 0
1707473401485 0.5305558517575264 0
1707473401519 0.4925199802964926 0
1707473401555 0.4581666197627783 0
1707473401590 0.4322718698531389 0
1707473401623 0.4148692935705185 0
1707473401656 0.40558220632374287 0
1707473401688 0.40020881965756416 0
1707473401721 0.3975510410964489 0
1707473401755 0.3959552254527807 0
1707473401793 0.39472832530736923 0
1707473401827 0.39405151456594467 0
1707473401861 0.39352741837501526 0
1707473401894 0.3932193871587515 0
1707473401927 0.3930604737251997 0
1707473401960 0.39284131675958633 0
1707473401997 0.3927554842084646 0
1707473402040 0.39269689098000526 0
1707473402074 0.3925912659615278 0
1707473402107 0.3925143890082836 0
1707473402141 0.39247093722224236 0
1707473402174 0.3924472723156214 0
1707473402209 0.3923557512462139 0
1707473402243 0.392299709841609 0
1707473402280 0.3923261221498251 0
1707473402314 0.39228319749236107 0
1707473402348 0.39221566915512085 0
1707473402381 0.39219473116099834 0
1707473402420 0.3921623192727566 0
1707473402459 0.39207642897963524 0
1707473402502 0.392080906778574 0
1707473402544 0.39209775999188423 0
1707473402585 0.392040828242898 0
1707473402626 0.3919676933437586 0
1707473402659 0.3919486217200756 0
1707473402692 0.39185270480811596 0
1707473402728 0.3918193690478802 0
1707473402764 0.3918114546686411 0
1707473402798 0.3918232787400484 0
1707473402831 0.39176791720092297 0
1707473402865 0.3916989676654339 0
1707473402898 0.39168394543230534 0
1707473402934 0.3916020542383194 0
