1687515124468 0.6769098222255707 0
1687515124530 0.6224435706933339 0
1687515124593 0.47817303737004596 0
1687515124657 0.4005113939444224 0
1687515124721 0.39382755359013877 0
1687515124787 0.392690979441007 0
1687515124850 0.3924054096142451 0
1687515124912 0.39221013883749645 0
1687515124976 0.39194764494895934 0
1687515125040 0.3918039192756017 0
1687515125133 0.3915341784556707 0
1687515125195 0.3913248300552368 0
1687515125257 0.3911080718040466 0
1687515125321 0.39094297885894774 0
1687515125385 0.3906320055325826 0
