1687515124472 0.7557411193847656 0
1687515124535 0.7703549265861511 0
1687515124597 0.7640918493270874 0
1687515124661 0.7995824813842773 0
1687515124726 0.8914405107498169 0
1687515124792 0.9572024941444397 0
1687515124854 0.9759916663169861 0
1687515124916 0.9812108278274536 0
1687515124981 1.0177452564239502 0
1687515125045 1.0177452564239502 0
1687515125138 1.049060583114624 0
1687515125199 1.0699373483657837 0
1687515125262 1.0855950117111206 0
1687515125326 1.1189979314804077 0
1687515125390 1.1336116790771484 0
