1688724756701 0.6982261260350545 0
1688724756737 0.6922128438949585 0
1688724756821 0.685266649723053 0
1688724756857 0.6759698152542114 0
1688724756892 0.6624833226203919 0
1688724756928 0.642728328704834 0
1688724756964 0.6153020699818929 0
1688724757021 0.5805684487024944 0
1688724757109 0.540567934513092 0
1688724757168 0.5005601783593495 0
1688724757224 0.4664075314998627 0
1688724757273 0.4414284626642863 0
1688724757333 0.4251189212004344 0
1688724757397 0.4149822652339935 0
1688724757444 0.4084146797657013 0
1688724757479 0.4038954714934031 0
1688724757517 0.40075586636861166 0
1688724757555 0.39835161368052163 0
1688724757592 0.39668991764386496 0
1688724757628 0.39548617204030356 0
1688724757663 0.39461628794670106 0
1688724757698 0.3939934015274048 0
1688724757734 0.39355372786521914 0
1688724757770 0.393239293495814 0
1688724757806 0.3929843008518219 0
1688724757841 0.39281441768010456 0
1688724757877 0.3926685392856598 0
1688724757912 0.39255715211232506 0
1688724757978 0.3924658159414927 0
1688724758014 0.3924069265524546 0
1688724758048 0.39234483043352764 0
1688724758084 0.3922852118810018 0
1688724758120 0.3922287166118622 0
1688724758156 0.39216936031977334 0
1688724758191 0.3921515285968781 0
1688724758225 0.39208378195762633 0
1688724758259 0.3920576830705007 0
1688724758294 0.392004789908727 0
1688724758327 0.3919682284196218 0
1688724758361 0.39192182819048565 0
1688724758395 0.3918718159198761 0
1688724758430 0.391837485631307 0
1688724758463 0.39178405205408734 0
1688724758497 0.3917469263076782 0
1688724758532 0.39170771837234497 0
1688724758566 0.3916376729806264 0
1688724758600 0.3916024585564931 0
