1727431990538 0.7964601516723633 0
1727431990598 0.809242844581604 0
1727431990660 0.8053097128868103 0
1727431990823 0.8062930107116699 0
1727431990871 0.8043264746665955 0
1727431990919 0.8082596063613892 0
1727431990967 0.8023598790168762 0
1727431991019 0.8161258697509766 0
1727431991070 0.8279252648353577 0
1727431991323 0.823992133140564 0
1727431991370 0.818092405796051 0
1727431991417 0.826941967010498 0
1727431991462 0.818092405796051 0
1727431991504 0.8190757036209106 0
1727431991547 0.8259587287902832 0
1727431991703 0.8289085626602173 0
1727431991826 0.8249754309654236 0
1727431991870 0.8210422992706299 0
1727431991919 0.8171091675758362 0
1727431991965 0.8171091675758362 0
1727431992013 0.8289085626602173 0
1727431992055 0.8259587287902832 0
1727431992100 0.8367748260498047 0
1727431992149 0.8338249921798706 0
1727431992197 0.8515241146087646 0
1727431992244 0.8544739484786987 0
1727431992292 0.8751229047775269 0
1727431992343 0.8810226321220398 0
1727431992397 0.8721730709075928 0
1727431992459 0.8711897730827332 0
1727431992574 0.8918387293815613 0
1727431992624 0.8967551589012146 0
1727431992678 0.8977384567260742 0
1727431992847 0.9115044474601746 0
1727431992895 0.9095378518104553 0
1727431992942 0.9233038425445557 0
1727431993088 0.922320544719696 0
1727431993136 0.9341199398040771 0
1727431993185 0.9351032376289368 0
1727431993431 0.9272369742393494 0
1727431993480 0.9380530714988708 0
1727431993528 0.9439527988433838 0
1727431993579 0.9478859305381775 0
