1692353434684 0.8279792666435242 0
1692353434773 0.7844559550285339 0
1692353434865 0.794818639755249 0
1692353434952 0.9502590894699097 0
1692353435043 1.0217616558074951 0
1692353435131 1.0259066820144653 0
1692353435219 1.0766838788986206 0
1692353435305 1.0777201652526855 0
1692353435410 1.1709845066070557 0
1692353435502 1.1844559907913208 0
1692353435593 1.2445595264434814 0
1692353435681 1.3502590656280518 0
1692353435768 1.3896373510360718 0
1692353435859 1.425906777381897 0
1692353435952 1.4424870014190674 0
