1689934331245 0.6844448633491993 0
1689934331337 0.6445353142917156 0
1689934331437 0.5499828457832336 0
1689934331528 0.43369589000940323 0
1689934331651 0.4012316446751356 0
1689934331760 0.3943510688841343 0
1689934331849 0.3926016092300415 0
1689934331924 0.3933313116431236 0
1689934331989 0.3923636954277754 0
1689934332034 0.3923301622271538 0
1689934332079 0.39192032627761364 0
1689934332122 0.39181127957999706 0
1689934332165 0.3914902526885271 0
1689934332215 0.39136526361107826 0
1689934332265 0.39096458815038204 0
1689934332308 0.39077936485409737 0
1689934332357 0.3902690205723047 0
1689934332431 0.39081145264208317 0
1689934332495 0.39021571539342403 0
1689934332540 0.3895979579538107 0
