1727431980894 0.823992133140564 0
1727431980944 0.8023598790168762 0
1727431980989 0.7708947658538818 0
1727431981036 0.7866273522377014 0
1727431981186 0.7866273522377014 0
1727431981236 0.8023598790168762 0
1727431981286 0.8013765811920166 0
1727431981504 0.8062930107116699 0
1727431981583 0.8397246599197388 0
1727431981630 0.8387414216995239 0
1727431981677 0.8702064752578735 0
1727431981724 0.8898721933364868 0
1727431981776 0.9026548862457275 0
1727431981935 0.919370710849762 0
1727431981982 0.928220272064209 0
1727431982030 0.9557521939277649 0
1727431982078 0.9537856578826904 0
1727431982128 0.9665683507919312 0
