1708683055618 0.8252525329589844 0
1708683055651 0.8232323527336121 0
1708683055684 0.8323232531547546 0
1708683055716 0.8141413927078247 0
1708683055750 0.8353535532951355 0
1708683055782 0.8333333134651184 0
1708683055814 0.8252525329589844 0
1708683055847 0.8282828330993652 0
1708683055879 0.8242424130439758 0
1708683055911 0.8262626528739929 0
1708683055944 0.8262626528739929 0
1708683055978 0.8252525329589844 0
1708683056011 0.8383838534355164 0
1708683056044 0.8464646339416504 0
1708683056077 0.8909090757369995 0
1708683056110 0.8909090757369995 0
1708683056143 0.9080808162689209 0
1708683056180 0.8878787755966187 0
1708683056213 0.8898990154266357 0
1708683056245 0.8939393758773804 0
1708683056278 0.9282828569412231 0
1708683056311 0.9444444179534912 0
1708683056347 0.9636363387107849 0
1708683056380 0.973737359046936 0
1708683056412 0.9808080792427063 0
1708683056450 0.9808080792427063 0
1708683056485 1.005050539970398 0
1708683056521 1.0272727012634277 0
1708683056555 1.0131312608718872 0
1708683056591 1.0252525806427002 0
1708683056625 1.0202020406723022 0
1708683056657 1.0131312608718872 0
1708683056690 1.0464646816253662 0
1708683056722 1.0363636016845703 0
1708683056754 1.0727273225784302 0
