1726827172850 0.7817109227180481 0
1726827172914 0.7807276248931885 0
1726827172978 0.7935103178024292 0
1726827173043 0.7846607565879822 0
1726827173109 0.8220255374908447 0
1726827173173 0.9105211496353149 0
1726827173240 0.9518190622329712 0
1726827173305 0.9488692283630371 0
1726827173369 0.9931170344352722 0
1726827173434 1.0235987901687622 0
1726827173496 1.0137659311294556 0
1726827173556 1.0491641759872437 0
1726827173616 1.0776793956756592 0
1726827173676 1.086529016494751 0
1726827173734 1.1386430263519287 0
1726827173793 1.140609622001648 0
1726827173850 1.1848573684692383 0
1726827173906 1.215339183807373 0
1726827173962 1.259587049484253 0
1726827174019 1.2684365510940552 0
