1694167813688 0.694997988641262 0
1694167813727 0.6894065476953983 0
1694167813765 0.6811938993632793 0
1694167813803 0.66770189255476 0
1694167813840 0.644898135215044 0
1694167813878 0.6099693067371845 0
1694167813916 0.5636525452136993 0
1694167813954 0.5126642268151045 0
1694167813992 0.4684729166328907 0
1694167814030 0.43863588757812977 0
1694167814067 0.4211840759962797 0
1694167814105 0.4095589481294155 0
1694167814144 0.4033916648477316 0
1694167814183 0.39879930205643177 0
1694167814221 0.3967810068279505 0
1694167814260 0.39502167515456676 0
1694167814298 0.3937976509332657 0
1694167814337 0.393122898414731 0
1694167814376 0.3924073036760092 0
1694167814415 0.39203061908483505 0
1694167814454 0.3920402470976114 0
1694167814493 0.3919228743761778 0
1694167814531 0.391760541126132 0
1694167814572 0.3917344678193331 0
1694167814610 0.3915700539946556 0
1694167814649 0.39145953208208084 0
1694167814688 0.3913652803748846 0
1694167814726 0.39091651141643524 0
1694167814764 0.39112029038369656 0
1694167814802 0.3908967301249504 0
1694167814840 0.39067541249096394 0
1694167814878 0.3907155841588974 0
1694167814915 0.3906395807862282 0
1694167814953 0.3905565310269594 0
1694167814991 0.3902941718697548 0
