1713521482616 0.8164493441581726 0
1713521482659 0.8314945101737976 0
1713521482701 0.8324974775314331 0
1713521482740 0.8304914832115173 0
1713521482778 0.8355064988136292 0
1713521482823 0.8294884562492371 0
1713521482867 0.8314945101737976 0
1713521482917 0.823470413684845 0
1713521482959 0.8304914832115173 0
1713521483002 0.8274824619293213 0
1713521483047 0.8304914832115173 0
1713521483088 0.8485456109046936 0
1713521483200 0.8495486378669739 0
1713521483248 0.8455365896224976 0
1713521483291 0.8595787286758423 0
1713521483340 0.8726178407669067 0
1713521483379 0.8986960649490356 0
1713521483419 0.9127382040023804 0
1713521483460 0.9007021188735962 0
1713521483517 0.9297893643379211 0
1713521483566 0.9358074069023132 0
1713521483610 0.9488465189933777 0
1713521483650 0.9428284764289856 0
1713521483693 0.9608826637268066 0
1713521483745 0.9699097275733948 0
1713521483797 0.9789367914199829 0
1713521483842 0.9759277701377869 0
1713521484111 0.964894711971283 0
1713521484162 0.9849548935890198 0
1713521484204 0.9859578609466553 0
1713521484340 1.0070210695266724 0
1713521484389 1.0160481929779053 0
1713521484434 1.0290873050689697 0
1713521484478 1.0270812511444092 0
