1713521482606 0.6880729719996452 0
1713521482650 0.6814888715744019 0
1713521482691 0.6737596541643143 0
1713521482731 0.6631918549537659 0
1713521482769 0.6480827406048775 0
1713521482811 0.6257451847195625 0
1713521482857 0.5937648564577103 0
1713521482903 0.5508697032928467 0
1713521482950 0.5008067637681961 0
1713521482991 0.45294205844402313 0
1713521483037 0.4192827306687832 0
1713521483078 0.4043984189629555 0
1713521483126 0.4001058265566826 0
1713521483237 0.3975979872047901 0
1713521483282 0.39518148452043533 0
1713521483331 0.39367320761084557 0
1713521483370 0.3930188789963722 0
1713521483410 0.39273564890027046 0
1713521483451 0.3925183527171612 0
1713521483502 0.3924171254038811 0
1713521483557 0.3923169672489166 0
1713521483601 0.39226580411195755 0
1713521483641 0.39219849184155464 0
1713521483684 0.3920852020382881 0
1713521483733 0.39202119782567024 0
1713521483783 0.3919665068387985 0
1713521483833 0.3918941654264927 0
1713521484099 0.3918457366526127 0
1713521484149 0.3917579688131809 0
1713521484194 0.3917117342352867 0
1713521484328 0.39165690541267395 0
1713521484379 0.39159929752349854 0
1713521484424 0.39149367809295654 0
1713521484469 0.39146407693624496 0
