1706263832077 0.7849898338317871 0
1706263832145 0.8306288123130798 0
1706263832210 0.8144016265869141 0
1706263832273 0.8245435953140259 0
1706263832338 0.8711967468261719 0
1706263832403 0.9198783040046692 0
1706263832469 0.9411764740943909 0
1706263832542 0.9817444086074829 0
1706263832610 0.9898580312728882 0
1706263832679 0.9979715943336487 0
1706263832745 1.0324543714523315 0
1706263832813 1.0425963401794434 0
1706263832882 1.0415821075439453 0
1706263832951 1.063894510269165 0
1706263833019 1.1085193157196045 0
1706263833087 1.1206896305084229 0
1706263833152 1.1602433919906616 0
1706263833219 1.1430020332336426 0
1706263833282 1.204868197441101 0
1706263833346 1.2170385122299194 0
