1725012760423 0.6917215511202812 0
1725012760499 0.6779718585312366 0
1725012760591 0.6410347037017345 0
1725012760642 0.5668716542422771 0
1725012760698 0.4771207571029663 0
1725012760757 0.4254119470715523 0
1725012760809 0.40593596175312996 0
1725012760905 0.39717800728976727 0
1725012760977 0.39384397864341736 0
1725012761026 0.39241962134838104 0
1725012761078 0.3917681574821472 0
1725012761182 0.3914122227579355 0
1725012761239 0.39108458161354065 0
1725012761290 0.39081428386271 0
1725012761343 0.3905677553266287 0
1725012761467 0.3903121743351221 0
1725012761516 0.3900371380150318 0
1725012761566 0.3897770345211029 0
1725012761702 0.38948031701147556 0
1725012761765 0.38923609256744385 0
1725012761816 0.3889064844697714 0
1725012761938 0.3885565847158432 0
1725012762082 0.3881905898451805 0
1725012762135 0.3878225293010473 0
1725012762185 0.3875031992793083 0
1725012762233 0.38712373562157154 0
