1725012760438 0.8027613162994385 0
1725012760511 0.8284023404121399 0
1725012760603 0.831360936164856 0
1725012760654 0.7998027801513672 0
1725012760711 0.8017751574516296 0
1725012760768 0.8106508851051331 0
1725012760821 0.8234714269638062 0
1725012760920 0.8698225021362305 0
1725012760988 0.8934911489486694 0
1725012761038 0.9201183319091797 0
1725012761089 0.9704142212867737 0
1725012761195 1.0246548652648926 0
1725012761252 1.0729782581329346 0
1725012761301 1.1272189617156982 0
1725012761366 1.1439841985702515 0
1725012761478 1.178501009941101 0
1725012761527 1.2278106212615967 0
1725012761581 1.2573964595794678 0
1725012761722 1.284023642539978 0
1725012761778 1.2800788879394531 0
1725012761828 1.317554235458374 0
1725012761952 1.3560158014297485 0
1725012762096 1.3629190921783447 0
1725012762147 1.4043391942977905 0
1725012762197 1.4339250326156616 0
1725012762245 1.428994059562683 0
