1701425473033 0.691091425716877 0
1701425473073 0.6819378063082695 0
1701425473111 0.6695118322968483 0
1701425473149 0.6507493406534195 0
1701425473186 0.6219324693083763 0
1701425473226 0.5793801546096802 0
1701425473265 0.5241957157850266 0
1701425473302 0.46486692875623703 0
1701425473409 0.4196059815585613 0
1701425473459 0.4005453884601593 0
1701425473497 0.39796430617570877 0
1701425473534 0.3961890749633312 0
1701425473572 0.39361046999692917 0
1701425473609 0.39265476539731026 0
1701425473647 0.39246973395347595 0
1701425473685 0.3922778554260731 0
