1695982280986 0.7950566411018372 0
1695982281029 0.7775489091873169 0
1695982281062 0.7837281227111816 0
1695982281220 0.7919670343399048 0
1695982281252 0.7796086668968201 0
1695982281281 0.794026792049408 0
1695982281312 0.8032955527305603 0
1695982281342 0.7878475785255432 0
1695982281371 0.7909371852874756 0
1695982281400 0.7991760969161987 0
1695982281429 0.8043254613876343 0
1695982281459 0.816683828830719 0
1695982281493 0.8022657036781311 0
1695982281524 0.7899073362350464 0
1695982281555 0.7960864901542664 0
1695982281586 0.7723996043205261 0
1695982281615 0.7796086668968201 0
1695982281643 0.78578782081604 0
1695982281672 0.7981462478637695 0
1695982281700 0.7971163988113403 0
1695982281729 0.8002059459686279 0
1695982281757 0.792996883392334 0
1695982281789 0.7909371852874756 0
1695982281817 0.7981462478637695 0
1695982281848 0.7971163988113403 0
1695982281876 0.8002059459686279 0
1695982281904 0.7909371852874756 0
1695982281931 0.7950566411018372 0
1695982281959 0.8032955527305603 0
1695982281988 0.8063851594924927 0
1695982282016 0.8146240711212158 0
1695982282044 0.8146240711212158 0
1695982282072 0.8249227404594421 0
1695982282101 0.8269824981689453 0
1695982282129 0.83934086561203 0
1695982282158 0.8414006233215332 0
1695982282189 0.8537589907646179 0
1695982282218 0.8712667226791382 0
1695982282247 0.870236873626709 0
1695982282276 0.8650875091552734 0
1695982282304 0.8877446055412292 0
1695982282332 0.8887744545936584 0
1695982282361 0.8846549987792969 0
1695982282389 0.9011328816413879 0
1695982282417 0.9155510067939758 0
1695982282445 0.916580855846405 0
1695982282474 0.9186405539512634 0
