1708078288996 0.7724974751472473 0
1708078289039 0.7694640755653381 0
1708078289084 0.8078867793083191 0
1708078289126 0.7987866401672363 0
1708078289168 0.7937310338020325 0
1708078289211 0.7896865606307983 0
1708078289257 0.8109201192855835 0
1708078289304 0.8210313320159912 0
1708078289353 0.8624873757362366 0
1708078289399 0.9524772763252258 0
1708078289442 0.9595550894737244 0
1708078289483 1.0020222663879395 0
1708078289527 0.9676440954208374 0
1708078289573 1.0242669582366943 0
1708078289616 1.0313447713851929 0
1708078289659 1.0424671173095703 0
1708078289701 1.0677452087402344 0
1708078289743 1.0738118886947632 0
1708078289786 1.0879676342010498 0
1708078289828 1.1031345129013062 0
1708078289871 1.1213346719741821 0
