1689329516691 0.8220603466033936 0
1689329516731 0.8314256072044373 0
1689329516772 0.8220603466033936 0
1689329516812 0.8126950860023499 0
1689329516852 0.8095733523368835 0
1689329516892 0.8189386129379272 0
1689329516932 0.8189386129379272 0
1689329516972 0.8314256072044373 0
1689329517011 0.8345473408699036 0
1689329517052 0.8220603466033936 0
1689329517092 0.819979190826416 0
1689329517131 0.8178980350494385 0
1689329517170 0.8335067629814148 0
1689329517208 0.8303850293159485 0
1689329517247 0.8387096524238586 0
1689329517284 0.840790867805481 0
1689329517324 0.844953179359436 0
1689329517363 0.8511966466903687 0
1689329517403 0.8491154909133911 0
1689329517442 0.8605619072914124 0
1689329517481 0.8636836409568787 0
1689329517521 0.8865764737129211 0
1689329517561 0.8813735842704773 0
1689329517601 0.9042664170265198 0
1689329517641 0.9313215613365173 0
1689329517680 0.9302809834480286 0
1689329517720 0.9334027171134949 0
1689329517758 0.9188345670700073 0
1689329517796 0.9458897113800049 0
