1702030269704 0.6962141990661621 0
1702030269734 0.6930409148335457 0
1702030269758 0.6896741688251495 0
1702030269785 0.6856282874941826 0
1702030269811 0.6802113875746727 0
1702030269834 0.6729407906532288 0
1702030269857 0.6629361361265182 0
1702030269880 0.6496326476335526 0
1702030269906 0.6321492940187454 0
1702030269931 0.6098487749695778 0
1702030269956 0.5821806117892265 0
1702030269984 0.5505427643656731 0
1702030270010 0.5160897076129913 0
1702030270038 0.482307743281126 0
1702030270063 0.4528365358710289 0
1702030270089 0.4298280104994774 0
1702030270115 0.41456181928515434 0
1702030270141 0.40584395453333855 0
1702030270167 0.4009539522230625 0
1702030270193 0.3984048441052437 0
1702030270220 0.39645445346832275 0
1702030270245 0.3952372372150421 0
1702030270269 0.3941028527915478 0
1702030270293 0.3935556747019291 0
1702030270317 0.39315027743577957 0
1702030270342 0.3928591348230839 0
1702030270366 0.39269399270415306 0
1702030270390 0.3925921097397804 0
1702030270418 0.39248961582779884 0
1702030270445 0.39239590987563133 0
1702030270471 0.3922840729355812 0
1702030270495 0.3922545425593853 0
1702030270519 0.3921649381518364 0
1702030270542 0.39215612411499023 0
1702030270567 0.3921239599585533 0
1702030270597 0.39207736402750015 0
