1715335919891 0.7677677869796753 0
1715335919936 0.7477477192878723 0
1715335919995 0.7557557821273804 0
1715335920141 0.7777777910232544 0
1715335920196 0.7677677869796753 0
1715335920248 0.7677677869796753 0
1715335920314 0.7617617845535278 0
1715335920383 0.7607607841491699 0
1715335920446 0.7497497200965881 0
1715335920505 0.8238238096237183 0
1715335920571 0.8438438177108765 0
1715335920639 0.8698698878288269 0
1715335920701 0.912912905216217 0
1715335920764 0.9329329133033752 0
1715335920823 0.9379379153251648 0
1715335920882 0.9489489197731018 0
