1729851174822 0.6783402413129807 0
1729851174868 0.6283699087798595 0
1729851174913 0.5052686482667923 0
1729851174957 0.40608210675418377 0
1729851175002 0.3969797305762768 0
1729851175047 0.3928873520344496 0
1729851175093 0.3923878092318773 0
1729851175140 0.3921399340033531 0
1729851175185 0.39185930788517 0
1729851175230 0.3916366156190634 0
1729851175274 0.3914076145738363 0
1729851175319 0.3911154270172119 0
1729851175364 0.390862425789237 0
1729851175410 0.39051554165780544 0
1729851175455 0.39027348533272743 0
1729851175501 0.3898980598896742 0
1729851175546 0.38953406549990177 0
1729851175591 0.38911324366927147 0
