1685095946213 0.6763851284980774 0
1685095946276 0.5840884764989217 0
1685095946333 0.4275875151157379 0
1685095946389 0.4013440370559692 0
1685095946445 0.3930756986141205 0
1685095946502 0.39223016500473024 0
1685095946554 0.3918213109175364 0
1685095946609 0.39147717555363976 0
1685095946662 0.3911962151527405 0
1685095946727 0.39077532291412354 0
1685095946781 0.39039284189542134 0
1685095946833 0.389937428633372 0
1685095946887 0.3894424875577291 0
1685095946938 0.38899577657381695 0
1685095946989 0.38842318058013914 0
