1687515102788 0.7839248180389404 0
1687515102964 0.7891440391540527 0
1687515103064 0.7974947690963745 0
1687515103214 0.8016701340675354 0
1687515103314 0.8455114960670471 0
1687515103409 0.8716075420379639 0
1687515103495 0.9394571781158447 0
1687515103579 0.9321503043174744 0
1687515103659 0.980167031288147 0
1687515103725 0.9979122877120972 0
1687515103978 1.0167014598846436 0
1687515104184 1.0219206809997559 0
1687515104311 1.0459290742874146 0
1687515104422 1.0824635028839111 0
1687515104541 1.0991649627685547 0
1687515104656 1.1054279804229736 0
1687515104827 1.1294363737106323 0
1687515104980 1.1691023111343384 0
1687515105117 1.1753653287887573 0
1687515105249 1.21294367313385 0
1687515105387 1.2296451330184937 0
1687515105529 1.2693110704421997 0
1687515105678 1.2661795616149902 0
1687515105844 1.334029197692871 0
1687515106022 1.405010461807251 0
