1699611057184 0.6894143223762512 0
1699611057227 0.6838798969984055 0
1699611057399 0.6773080267012119 0
1699611057465 0.6684902645647526 0
1699611057513 0.6558504179120064 0
1699611057553 0.6373709104955196 0
1699611057602 0.6115144826471806 0
1699611057644 0.5765187479555607 0
1699611057694 0.5338828824460506 0
1699611057741 0.4882187880575657 0
1699611057793 0.4484839253127575 0
1699611057831 0.4213042501360178 0
1699611057862 0.40690599009394646 0
1699611057893 0.40074397809803486 0
1699611057923 0.3977039307355881 0
1699611057954 0.3959349822252989 0
1699611057986 0.3947653342038393 0
1699611058017 0.3939146865159273 0
1699611058049 0.3934346530586481 0
1699611058081 0.3930848315358162 0
1699611058112 0.39294005930423737 0
1699611058143 0.3927630577236414 0
1699611058176 0.3925661463290453 0
1699611058208 0.3925980105996132 0
1699611058240 0.3923989925533533 0
1699611058273 0.3923354707658291 0
1699611058308 0.3923381604254246 0
1699611058342 0.39217534288764 0
1699611058375 0.3921955581754446 0
1699611058407 0.39211698435246944 0
1699611058440 0.3921186700463295 0
1699611058472 0.3921640384942293 0
1699611058504 0.3920409642159939 0
1699611058535 0.39191390946507454 0
1699611058568 0.39196742698550224 0
1699611058602 0.3919175062328577 0
1699611058634 0.3919212073087692 0
1699611058665 0.39178803749382496 0
1699611058698 0.3918540421873331 0
1699611058729 0.39179297164082527 0
1699611058761 0.39169424027204514 0
1699611058793 0.3916801027953625 0
1699611058825 0.3916492536664009 0
1699611058861 0.3916255570948124 0
1699611058896 0.39149354957044125 0
1699611058929 0.39153487235307693 0
1699611058961 0.39146191626787186 0
1699611058996 0.3914100043475628 0
1699611059028 0.39135988987982273 0
1699611059061 0.3913809899240732 0
