1712311940568 0.8211055397987366 0
1712311940622 0.8030150532722473 0
1712311940673 0.7949748635292053 0
1712311940725 0.8140703439712524 0
1712311940776 0.8623115420341492 0
1712311940828 0.843216061592102 0
1712311940881 0.8834170699119568 0
1712311940950 0.929648220539093 0
1712311941000 0.9628140926361084 0
1712311941052 0.9778894186019897 0
1712311941107 1.0060302019119263 0
1712311941158 1.0130653381347656 0
1712311941213 1.0391960144042969 0
1712311941266 1.0753768682479858 0
1712311941331 1.0864322185516357 0
1712311941383 1.1105527877807617 0
1712311941439 1.1346733570098877 0
1712311941494 1.1698492765426636 0
1712311941546 1.2291457653045654 0
1712311941596 1.2452261447906494 0
