1712311940559 0.6905476711690426 0
1712311940614 0.6689305193722248 0
1712311940665 0.617324598133564 0
1712311940717 0.5206957384943962 0
1712311940768 0.42712756618857384 0
1712311940820 0.4002343248575926 0
1712311940872 0.3947055749595165 0
1712311940942 0.3924609925597906 0
1712311940992 0.39195557683706284 0
1712311941044 0.39177809096872807 0
1712311941098 0.3916212935000658 0
1712311941150 0.39145221188664436 0
1712311941205 0.39127626456320286 0
1712311941258 0.39103116281330585 0
1712311941322 0.39088485948741436 0
1712311941375 0.39069249853491783 0
1712311941430 0.3904242031276226 0
1712311941486 0.39016782492399216 0
1712311941538 0.389898382127285 0
1712311941588 0.3896725755184889 0
