1729851189141 0.7727717757225037 0
1729851189201 0.8041136264801025 0
1729851189493 0.9157688617706299 0
1729851189554 1.0166503190994263 0
1729851189616 1.061704158782959 0
1729851189679 1.1204701662063599 0
1729851189741 1.1704211235046387 0
1729851189802 1.3006856441497803 0
1729851189862 1.4201762676239014 0
1729851189923 1.43388831615448 0
1729851189990 1.56611168384552 0
1729851190208 1.619001030921936 0
1729851190278 1.7012732028961182 0
1729851190340 1.779627799987793 0
1729851190402 1.7708128690719604 0
1729851190461 1.8609206676483154 0
1729851190527 1.942213535308838 0
1729851190591 1.9921644926071167 0
