1729851189132 0.6438429914414883 0
1729851189191 0.44189424999058247 0
1729851189483 0.39482853654772043 0
1729851189544 0.3924375008791685 0
1729851189606 0.39196597691625357 0
1729851189668 0.3914819499477744 0
1729851189731 0.39087314810603857 0
1729851189792 0.39021199475973845 0
1729851189852 0.3895893432199955 0
1729851189913 0.3887382000684738 0
1729851189973 0.3877409743145108 0
1729851190197 0.38659236766397953 0
1729851190267 0.38529446069151163 0
1729851190330 0.38390218187123537 0
1729851190391 0.3821163596585393 0
1729851190451 0.38007157389074564 0
1729851190514 0.3781183212995529 0
1729851190581 0.37578905187547207 0
