1696587087047 0.8179012537002563 0
1696587087104 0.8096708059310913 0
1696587087158 0.8158436417579651 0
1696587087213 0.8158436417579651 0
1696587087273 0.8209876418113708 0
1696587087333 0.8477365970611572 0
1696587087390 0.9063786268234253 0
1696587087449 0.9475308656692505 0
1696587087508 1.0072016716003418 0
1696587087567 1.0216048955917358 0
1696587087627 1.0545268058776855 0
1696587087684 1.0843621492385864 0
1696587087741 1.1162551641464233 0
1696587087797 1.153292179107666 0
1696587087854 1.1759259700775146 0
1696587087911 1.2067900896072388 0
