1696587087041 0.6799263550389197 0
1696587087098 0.6318325323443259 0
1696587087153 0.5154338469428401 0
1696587087208 0.42311550436481354 0
1696587087267 0.400518205858046 0
1696587087327 0.3946814960049045 0
1696587087385 0.3929731720878232 0
1696587087443 0.3923488374679319 0
1696587087502 0.39202767706686453 0
1696587087561 0.39177973328098176 0
1696587087621 0.39154989007980595 0
1696587087679 0.3913712357321093 0
1696587087735 0.39108093034836555 0
1696587087792 0.39087647391903785 0
1696587087848 0.390646945084295 0
1696587087905 0.39038250907774896 0
