1699006264791 0.780512809753418 0
1699006264863 0.763076901435852 0
1699006264928 0.7743589878082275 0
1699006264991 0.7784615159034729 0
1699006265054 0.7682051062583923 0
1699006265116 0.798974335193634 0
1699006265183 0.7866666913032532 0
1699006265247 0.7712820768356323 0
1699006265308 0.7599999904632568 0
1699006265367 0.7548717856407166 0
1699006265426 0.7671794891357422 0
1699006265489 0.7671794891357422 0
1699006265548 0.7764102816581726 0
1699006265610 0.7866666913032532 0
1699006265672 0.7958974242210388 0
1699006265732 0.8051282167434692 0
1699006265794 0.818461537361145 0
1699006265856 0.8389743566513062 0
1699006265917 0.8779487013816833 0
1699006265978 0.928205132484436 0
1699006266041 0.945641040802002 0
1699006266106 0.9671794772148132 0
1699006266167 0.964102566242218 0
1699006266228 0.980512797832489 0
1699006266291 0.980512797832489 0
1699006266353 0.983589768409729 0
1699006266417 1.0030769109725952 0
1699006266479 1.0235897302627563 0
1699006266541 1.0430768728256226 0
1699006266602 1.0615384578704834 0
1699006266666 1.092307686805725 0
