1718359887578 0.6860710605978966 0
1718359887615 0.6829249784350395 0
1718359887657 0.6794458404183388 0
1718359887702 0.675249494612217 0
1718359887737 0.6701074913144112 0
1718359887768 0.663539282977581 0
1718359887800 0.6551963463425636 0
1718359887833 0.6445329636335373 0
1718359887865 0.63124118745327 0
1718359887898 0.6152563467621803 0
1718359887929 0.5965912491083145 0
1718359887961 0.575545608997345 0
1718359887993 0.5521997213363647 0
1718359888027 0.5269531086087227 0
1718359888064 0.5008696392178535 0
1718359888099 0.47579067572951317 0
1718359888135 0.45331214368343353 0
1718359888170 0.4353429526090622 0
1718359888202 0.4221266508102417 0
1718359888234 0.4130523130297661 0
1718359888264 0.4073457270860672 0
1718359888299 0.4035394452512264 0
1718359888333 0.40096814185380936 0
1718359888368 0.3990302011370659 0
1718359888418 0.3975469470024109 0
1718359888453 0.396343469619751 0
1718359888485 0.3954373635351658 0
1718359888518 0.39472300559282303 0
1718359888552 0.3941444419324398 0
1718359888586 0.3937029726803303 0
1718359888671 0.393350962549448 0
1718359888699 0.39304617792367935 0
1718359888731 0.39283375442028046 0
1718359888766 0.3926389142870903 0
1718359888799 0.3924603499472141 0
1718359888831 0.3923322297632694 0
1718359888861 0.3922251760959625 0
1718359888892 0.39211924374103546 0
1718359888921 0.39202507585287094 0
