1694167804359 0.682282692001712 0
1694167804422 0.6265636509464633 0
1694167804484 0.49160230063622995 0
1694167804545 0.40812692142301993 0
1694167804605 0.3957082619590144 0
1694167804666 0.39295887081853803 0
1694167804728 0.39211476329834233 0
1694167804788 0.3919429009960544 0
1694167804849 0.3915961259795773 0
1694167804909 0.3913517315541544 0
1694167804971 0.391247627235228 0
1694167805033 0.39104328616972894 0
1694167805094 0.3906246587153404 0
1694167805156 0.3904302870073626 0
1694167805217 0.3901786352357557 0
1694167805279 0.38985252188098046 0
1694167805339 0.3894826068032172 0
1694167805401 0.3892024044067629 0
1694167805462 0.3888500928878784 0
1694167805524 0.3883842201002182 0
1694167805585 0.3881024074169897 0
1694167805646 0.38768009504964274 0
1694167805709 0.3871518306193813 0
1694167805770 0.3867045323694906 0
1694167805832 0.38624892503984515 0
1694167805894 0.3858084092217107 0
