1682678943478 0.8443743586540222 0
1682678943524 0.8527865409851074 0
1682678943568 0.86014723777771 0
1682678943612 0.8759200572967529 0
1682678943656 0.8569926619529724 0
1682678943699 0.8180862069129944 0
1682678943742 0.8033648729324341 0
1682678943786 0.7949526906013489 0
1682678943829 0.7907465696334839 0
1682678943873 0.8138801455497742 0
1682678943917 0.8243953585624695 0
1682678943961 0.8633018136024475 0
1682678944005 0.9116719365119934 0
1682678944049 0.9263932704925537 0
1682678944093 0.9526813626289368 0
1682678944135 0.9484753012657166 0
1682678944178 0.9579390287399292 0
1682678944221 0.9968454241752625 0
1682678944263 0.9968454241752625 0
1682678944307 1.0126183032989502 0
1682678944350 1.0273396968841553 0
1682678944394 1.0094636678695679 0
1682678944437 1.0252366065979004 0
1682678944482 1.032597303390503 0
1682678944525 1.0536277294158936 0
