1723803220536 0.6904282830655575 0
1723803220603 0.6808062717318535 0
1723803220716 0.6674154698848724 0
1723803220785 0.6450979895889759 0
1723803220848 0.6072414815425873 0
1723803220909 0.5497804954648018 0
1723803220975 0.48130960017442703 0
1723803221149 0.42676692083477974 0
1723803221224 0.40273886546492577 0
1723803221416 0.39688036032021046 0
1723803221496 0.3948016669601202 0
1723803221573 0.3936129957437515 0
1723803221651 0.3929584454745054 0
1723803221726 0.39256665483117104 0
1723803221992 0.39232397451996803 0
1723803222047 0.3921616021543741 0
1723803222105 0.3920474760234356 0
1723803222159 0.3919424172490835 0
1723803222228 0.39186532981693745 0
