1723803220548 0.8142292499542236 0
1723803220615 0.8053359389305115 0
1723803220732 0.7984189987182617 0
1723803220797 0.8033596873283386 0
1723803220859 0.8033596873283386 0
1723803220922 0.782608687877655 0
1723803220988 0.7855731248855591 0
1723803221165 0.7776679992675781 0
1723803221237 0.8003952503204346 0
1723803221430 0.8181818127632141 0
1723803221515 0.8389328122138977 0
1723803221588 0.8468379378318787 0
1723803221663 0.9031620621681213 0
1723803221907 0.9041501879692078 0
1723803222003 0.9476284384727478 0
1723803222058 0.937747061252594 0
1723803222116 0.948616623878479 0
1723803222169 0.9634387493133545 0
1723803222240 0.9723320007324219 0
