1699611073536 0.8176229596138 0
1699611073571 0.8247950673103333 0
1699611073608 0.8299180269241333 0
1699611073643 0.8125 0
1699611073677 0.7920082211494446 0
1699611073711 0.811475396156311 0
1699611073745 0.8043032884597778 0
1699611073780 0.7961065769195557 0
1699611073819 0.7950819730758667 0
1699611073854 0.8176229596138 0
1699611073890 0.8350409865379333 0
1699611073926 0.8514344096183777 0
1699611073961 0.8545082211494446 0
1699611073998 0.8862704634666443 0
1699611074035 0.9077869057655334 0
1699611074072 0.9026639461517334 0
1699611074108 0.9190573692321777 0
1699611074144 0.9344262480735779 0
1699611074179 0.9405737519264221 0
1699611074214 0.9303278923034668 0
1699611074251 0.9518442749977112 0
1699611074288 0.9569672346115112 0
1699611074327 0.9784836173057556 0
1699611074362 0.9774590134620667 0
1699611074401 0.9641393423080444 0
1699611074437 0.9682376980781555 0
1699611074473 0.9979507923126221 0
1699611074511 1.001024603843689 0
1699611074548 0.9948770403862 0
