1706868669125 0.7892603874206543 0
1706868669161 0.8034448027610779 0
1706868669195 0.7943262457847595 0
1706868669230 0.8125633001327515 0
1706868669265 0.7973657250404358 0
1706868669301 0.7821682095527649 0
1706868669336 0.781154990196228 0
1706868669371 0.7902735471725464 0
1706868669406 0.7983789443969727 0
1706868669441 0.7993921041488647 0
1706868669477 0.8004052639007568 0
1706868669512 0.7933130860328674 0
1706868669547 0.8014184236526489 0
1706868669582 0.8034448027610779 0
1706868669618 0.8095238208770752 0
1706868669655 0.8074974417686462 0
1706868669691 0.8176291584968567 0
1706868669728 0.8206686973571777 0
1706868669765 0.8247213959693909 0
1706868669801 0.8571428656578064 0
1706868669838 0.890577495098114 0
1706868669873 0.913880467414856 0
1706868669909 0.9209726452827454 0
1706868669947 0.9503546357154846 0
1706868669985 0.9614995121955872 0
1706868670024 0.9726443886756897 0
1706868670060 0.9675785303115845 0
1706868670096 0.9797365665435791 0
1706868670131 0.9989868402481079 0
1706868670167 1.0040526390075684 0
1706868670202 0.9959473013877869 0
1706868670238 1.0091185569763184 0
1706868670274 1.0040526390075684 0
1706868670309 1.0182371139526367 0
1706868670345 1.0253292322158813 0
1706868670381 1.0334346294403076 0
1706868670417 1.0374873876571655 0
1706868670455 1.0496454238891602 0
