1706868669118 0.693096473813057 0
1706868669154 0.6873741000890732 0
1706868669189 0.6814386174082756 0
1706868669223 0.6743640527129173 0
1706868669258 0.6650933623313904 0
1706868669294 0.6522287949919701 0
1706868669329 0.6341402679681778 0
1706868669364 0.6093708574771881 0
1706868669400 0.5776347368955612 0
1706868669435 0.5399373769760132 0
1706868669470 0.5000983774662018 0
1706868669505 0.46295594424009323 0
1706868669540 0.4338906928896904 0
1706868669575 0.41542568802833557 0
1706868669611 0.405655100941658 0
1706868669648 0.40086762979626656 0
1706868669684 0.39786921814084053 0
1706868669721 0.3956484980881214 0
1706868669757 0.39427462220191956 0
1706868669794 0.3934178166091442 0
1706868669830 0.3929133750498295 0
1706868669866 0.39257970824837685 0
1706868669902 0.39239341020584106 0
1706868669940 0.3922557905316353 0
1706868669977 0.39214709401130676 0
1706868670016 0.39209216833114624 0
1706868670053 0.3919835574924946 0
1706868670089 0.39198270812630653 0
1706868670124 0.39188743755221367 0
1706868670160 0.391862940043211 0
1706868670195 0.39177871122956276 0
1706868670231 0.3917119912803173 0
1706868670267 0.39166925102472305 0
1706868670302 0.39164289087057114 0
1706868670338 0.39155546203255653 0
1706868670374 0.39147449657320976 0
1706868670410 0.39143406227231026 0
1706868670448 0.39136137813329697 0
