1721988721145 0.8126858472824097 0
1721988721180 0.8295341730117798 0
1721988721214 0.8354806900024414 0
1721988721249 0.8206144571304321 0
1721988721283 0.8077304363250732 0
1721988721317 0.8057482838630676 0
1721988721352 0.806739330291748 0
1721988721386 0.8216055631637573 0
1721988721421 0.8800792694091797 0
1721988721455 0.9187313914299011 0
1721988721489 0.9712586998939514 0
1721988721523 0.9682854413986206 0
1721988721558 1.0089197158813477 0
1721988721592 1.0059465169906616 0
1721988721626 1.0227948427200317 0
1721988721660 1.051536202430725 0
1721988721781 1.0574826002120972 0
1721988721815 1.0574826002120972 0
1721988721849 1.091179370880127 0
1721988721883 1.0971258878707886 0
1721988721916 1.125867247581482 0
1721988721950 1.1496530771255493 0
