1697191877694 0.6415276892723576 0
1697191877764 0.4315198342646322 0
1697191877833 0.3943191468715668 0
1697191877902 0.3929101843987742 0
1697191877971 0.392360822808358 0
1697191878040 0.3920084661053073 0
1697191878108 0.39160242196052303 0
1697191878179 0.39119179210355204 0
1697191878247 0.39068126390057223 0
1697191878317 0.3902024713254744 0
1697191878386 0.3896546729149357 0
1697191878456 0.3891312595336668 0
1697191878523 0.3884499380665441 0
1697191878591 0.38774549384270945 0
1697191878661 0.3869080908836857 0
1697191878730 0.3859104052666695 0
