1697191877699 0.8271604776382446 0
1697191877769 0.846707820892334 0
1697191877839 0.9063786268234253 0
1697191877907 0.9269547462463379 0
1697191877976 0.9794238805770874 0
1697191878045 0.9938271641731262 0
1697191878114 1.038065791130066 0
1697191878184 1.0658435821533203 0
1697191878252 1.1244856119155884 0
1697191878322 1.2067900896072388 0
1697191878392 1.23353910446167 0
1697191878461 1.3497942686080933 0
1697191878529 1.3878600597381592 0
1697191878596 1.4732509851455688 0
1697191878666 1.491769552230835 0
1697191878736 1.5781892538070679 0
