1728641552986 0.8243376016616821 0
1728641553017 0.827281653881073 0
1728641553048 0.8253189325332642 0
1728641553079 0.8253189325332642 0
1728641553109 0.8292443752288818 0
1728641553140 0.8204121589660645 0
1728641553170 0.8351324796676636 0
1728641553200 0.8341511487960815 0
1728641553231 0.8213935494422913 0
1728641553263 0.8115800023078918 0
1728641553293 0.8115800023078918 0
1728641553324 0.8017664551734924 0
1728641553355 0.7988224029541016 0
1728641553385 0.8047105073928833 0
1728641553416 0.7988224029541016 0
1728641553482 0.8047105073928833 0
1728641553512 0.8056918382644653 0
1728641553542 0.8037291169166565 0
1728641553573 0.8076545596122742 0
1728641553603 0.8066732287406921 0
1728641553633 0.8076545596122742 0
1728641553663 0.8017664551734924 0
1728641553693 0.7988224029541016 0
1728641553723 0.7998037338256836 0
1728641553754 0.7978410124778748 0
1728641553784 0.7968596816062927 0
1728641553815 0.8056918382644653 0
1728641553846 0.8115800023078918 0
1728641553876 0.8155053853988647 0
1728641553906 0.8233562111854553 0
1728641553937 0.8184494376182556 0
1728641553967 0.8204121589660645 0
1728641553998 0.8243376016616821 0
1728641554029 0.8361138105392456 0
1728641554059 0.8380765318870544 0
1728641554089 0.845927357673645 0
1728641554120 0.8537782430648804 0
1728641554150 0.8773307204246521 0
1728641554181 0.8822374939918518 0
1728641554212 0.9028459191322327 0
1728641554242 0.9234543442726135 0
1728641554273 0.915603518486023 0
1728641554303 0.9303238391876221 0
1728641554334 0.9401373863220215 0
1728641554365 0.9519136548042297 0
1728641554395 0.9558390378952026 0
1728641554426 0.96467125415802 0
1728641554456 0.98233562707901 0
1728641554486 0.9980372786521912 0
1728641554517 0.9980372786521912 0
1728641554547 0.9970559477806091 0
1728641554578 1.0078508853912354 0
1728641554609 1.012757658958435 0
1728641554639 1.001962661743164 0
1728641554669 1.0147203207015991 0
1728641554700 1.012757658958435 0
1728641554731 1.0245338678359985 0
1728641554762 1.0304219722747803 0
1728641554793 1.03532874584198 0
1728641554823 1.0284593105316162 0
1728641554854 1.0392541885375977 0
1728641554885 1.0559371709823608 0
1728641554916 1.0549558401107788 0
1728641554946 1.0657507181167603 0
1728641554976 1.0559371709823608 0
1728641555006 1.0647693872451782 0
1728641555037 1.0628067255020142 0
