1728641552976 0.6938604563474655 0
1728641553009 0.6905079185962677 0
1728641553039 0.6867612823843956 0
1728641553070 0.6821256503462791 0
1728641553100 0.6761443391442299 0
1728641553131 0.6684230491518974 0
1728641553161 0.6586272194981575 0
1728641553192 0.6464821994304657 0
1728641553222 0.6316760256886482 0
1728641553254 0.6141730844974518 0
1728641553284 0.5941764488816261 0
1728641553315 0.5721232742071152 0
1728641553346 0.5485928878188133 0
1728641553376 0.5245771259069443 0
1728641553406 0.5011280998587608 0
1728641553472 0.47931671142578125 0
1728641553503 0.46019745245575905 0
1728641553533 0.44433801993727684 0
1728641553564 0.43194426223635674 0
1728641553594 0.4226021021604538 0
1728641553624 0.41569675877690315 0
1728641553655 0.4106050990521908 0
1728641553685 0.4067915268242359 0
1728641553714 0.4038662128150463 0
1728641553745 0.4015297330915928 0
1728641553775 0.39967484399676323 0
1728641553805 0.3981752470135689 0
1728641553837 0.3969775550067425 0
1728641553867 0.3960166797041893 0
1728641553897 0.39522381499409676 0
1728641553928 0.39460165053606033 0
1728641553959 0.39409778267145157 0
1728641553989 0.3936748132109642 0
1728641554020 0.3933514840900898 0
1728641554050 0.39307960495352745 0
1728641554081 0.3928634189069271 0
1728641554111 0.39268313720822334 0
1728641554141 0.392544899135828 0
1728641554172 0.3924243338406086 0
1728641554203 0.39232755824923515 0
1728641554233 0.3922413997352123 0
1728641554264 0.3921683803200722 0
1728641554294 0.39210719615221024 0
1728641554325 0.3920521102845669 0
1728641554356 0.3920002430677414 0
1728641554386 0.3919558860361576 0
1728641554417 0.39190683141350746 0
1728641554447 0.3918677419424057 0
1728641554477 0.39183908328413963 0
1728641554508 0.39179677516222 0
1728641554539 0.39175814017653465 0
1728641554569 0.39172638580203056 0
1728641554600 0.39169175550341606 0
1728641554630 0.39166539534926414 0
1728641554660 0.3916272558271885 0
1728641554691 0.39159224182367325 0
1728641554722 0.3915572427213192 0
1728641554753 0.3915264196693897 0
1728641554784 0.3914882205426693 0
1728641554814 0.39144711568951607 0
1728641554845 0.39142248407006264 0
1728641554875 0.39138080179691315 0
1728641554907 0.3913378603756428 0
1728641554937 0.3913011699914932 0
1728641554967 0.39126918464899063 0
1728641554997 0.3912321366369724 0
1728641555028 0.39119596034288406 0
