1692353423651 0.6886846944689751 0
1692353423698 0.6714759916067123 0
1692353423742 0.6419017314910889 0
1692353423787 0.5890556052327156 0
1692353423832 0.5119915343821049 0
1692353423876 0.43788549304008484 0
1692353423922 0.40759168937802315 0
1692353423968 0.4035464711487293 0
1692353424016 0.39621881395578384 0
1692353424064 0.393009465187788 0
1692353424111 0.392913069576025 0
1692353424156 0.39220427721738815 0
1692353424201 0.3920004367828369 0
1692353424249 0.3918914310634136 0
1692353424294 0.39169446006417274 0
1692353424340 0.3915191516280174 0
