1715940663899 0.6879229843616486 0
1715940663964 0.6432282514870167 0
1715940664008 0.5370940640568733 0
1715940664051 0.4200222138315439 0
1715940664092 0.3997115883976221 0
1715940664134 0.39361071959137917 0
1715940664175 0.3927175644785166 0
1715940664353 0.3924631252884865 0
1715940664438 0.3922283872961998 0
1715940664478 0.3920566588640213 0
1715940664515 0.39192543737590313 0
1715940664552 0.3917555622756481 0
1715940664589 0.3915872182697058 0
1715940664625 0.39147346280515194 0
1715940664663 0.39124777540564537 0
1715940664703 0.39112491346895695 0
1715940664740 0.39085071347653866 0
