1715940663915 0.8090000152587891 0
1715940663973 0.7950000166893005 0
1715940664016 0.7929999828338623 0
1715940664059 0.8029999732971191 0
1715940664100 0.8090000152587891 0
1715940664141 0.925000011920929 0
1715940664183 0.9409999847412109 0
1715940664363 0.9300000071525574 0
1715940664446 0.9449999928474426 0
1715940664485 0.9459999799728394 0
1715940664522 0.9750000238418579 0
1715940664559 0.9919999837875366 0
1715940664596 0.996999979019165 0
1715940664632 1.0180000066757202 0
1715940664670 1.0410000085830688 0
1715940664710 1.0579999685287476 0
1715940664747 1.0740000009536743 0
