1691143904215 0.7975077629089355 0
1691143904293 0.8037382960319519 0
1691143904378 0.7881619930267334 0
1691143904452 0.7964693903923035 0
1691143904541 0.7964693903923035 0
1691143904616 0.8130841255187988 0
1691143904695 0.7964693903923035 0
1691143904783 0.792315661907196 0
1691143904875 0.830737292766571 0
1691143904948 0.9293873310089111 0
1691143905030 0.9314641952514648 0
1691143905111 0.9563862681388855 0
1691143905193 0.9449636340141296 0
1691143905280 0.9937694668769836 0
1691143905362 0.9875389337539673 0
1691143905454 1.0051921606063843 0
1691143905531 1.0186915397644043 0
1691143905639 1.0529594421386719 0
1691143905718 1.0436136722564697 0
1691143905803 1.0602284669876099 0
1691143905897 1.0851505994796753 0
1691143905970 1.0944963693618774 0
1691143906055 1.1038421392440796 0
