1699611069208 0.6907508671283722 0
1699611069253 0.6741136088967323 0
1699611069301 0.6484814211726189 0
1699611069352 0.6052130162715912 0
1699611069393 0.5392879322171211 0
1699611069450 0.4632161110639572 0
1699611069554 0.4141525328159332 0
1699611069605 0.4038679525256157 0
1699611069679 0.39936187490820885 0
1699611069763 0.39365437999367714 0
1699611069820 0.3927319124341011 0
1699611069866 0.39240787550807 0
1699611069904 0.39204687625169754 0
1699611069941 0.3919086493551731 0
1699611069977 0.3917463347315788 0
1699611070017 0.39153167977929115 0
1699611070058 0.39143065363168716 0
1699611070102 0.39127949997782707 0
1699611070139 0.39117545634508133 0
