1732875230334 0.6904806179158828 0
1732875230376 0.6664747139986824 0
1732875230416 0.61966674117481 0
1732875230457 0.5398608200690326 0
1732875230496 0.4557877551106846 0
1732875230538 0.4128510881872738 0
1732875230579 0.4017474826644449 0
1732875230627 0.39612752199172974 0
1732875230673 0.39389415348277373 0
1732875230712 0.3937798808602726 0
1732875230751 0.3928152866223279 0
1732875230789 0.3929067990359138 0
1732875230827 0.39215439207413616 0
1732875230866 0.3923088417333715 0
1732875230905 0.39229871069683747 0
1732875230943 0.3919256469782661 0
1732875230981 0.39189373219714446 0
1732875231020 0.39176631675047036 0
1732875231059 0.39165694398038525 0
1732875231098 0.39156831713283763 0
