1695377469743 0.839175283908844 0
1695377469781 0.8443298935890198 0
1695377469817 0.8515464067459106 0
1695377469852 0.8608247637748718 0
1695377469887 0.8546391725540161 0
1695377469946 0.8443298935890198 0
1695377469982 0.8371133804321289 0
1695377470020 0.8402062058448792 0
1695377470095 0.8226804137229919 0
1695377470143 0.8278350234031677 0
1695377470177 0.8134020566940308 0
1695377470211 0.8216494917869568 0
1695377470246 0.8278350234031677 0
1695377470281 0.8329896926879883 0
1695377470315 0.8226804137229919 0
1695377470349 0.8134020566940308 0
1695377470382 0.8195876479148865 0
1695377470417 0.8257731795310974 0
1695377470450 0.8185567259788513 0
1695377470483 0.8195876479148865 0
1695377470657 0.8237113356590271 0
1695377470692 0.8144329786300659 0
1695377470726 0.8020618557929993 0
1695377470759 0.8134020566940308 0
1695377470795 0.8113402128219604 0
1695377470829 0.8134020566940308 0
1695377470865 0.8164948225021362 0
1695377470907 0.8268041014671326 0
1695377470948 0.8329896926879883 0
1695377470985 0.8340206146240234 0
1695377471026 0.8371133804321289 0
1695377471070 0.8350515365600586 0
1695377471141 0.8422680497169495 0
1695377471174 0.8453608155250549 0
1695377471208 0.8546391725540161 0
1695377471243 0.8752577304840088 0
1695377471277 0.8804123997688293 0
1695377471312 0.8907216787338257 0
1695377471408 0.8958762884140015 0
1695377471443 0.9092783331871033 0
1695377471665 0.9226804375648499 0
1695377471764 0.9226804375648499 0
1695377471835 0.9247422814369202 0
1695377472020 0.9216494560241699 0
1695377472067 0.9278350472450256 0
1695377472129 0.9247422814369202 0
1695377472225 0.9278350472450256 0
1695377472294 0.9432989954948425 0
1695377472343 0.9505154490470886 0
1695377472397 0.946391761302948 0
1695377472469 0.9618556499481201 0
1695377472530 0.9752577543258667 0
1695377472585 0.9907216429710388 0
1695377472639 0.9948453903198242 0
1695377472707 1.0092782974243164 0
1695377472764 1.016494870185852 0
