1695377469738 0.6983637660741806 0
1695377469775 0.6952849850058556 0
1695377469811 0.6921889409422874 0
1695377469846 0.6889512836933136 0
1695377469881 0.6853949204087257 0
1695377469939 0.6812445223331451 0
1695377469976 0.6762870103120804 0
1695377470014 0.6703149452805519 0
1695377470078 0.6629822254180908 0
1695377470137 0.6537510231137276 0
1695377470172 0.6429545059800148 0
1695377470206 0.629635713994503 0
1695377470240 0.6140357851982117 0
1695377470275 0.5960833430290222 0
1695377470310 0.5762133896350861 0
1695377470344 0.5544009208679199 0
1695377470377 0.5317840054631233 0
1695377470411 0.5093268007040024 0
1695377470445 0.4874173551797867 0
1695377470478 0.46759019792079926 0
1695377470652 0.4501612260937691 0
1695377470687 0.4360947832465172 0
1695377470720 0.42503156140446663 0
1695377470754 0.4165453314781189 0
1695377470790 0.4107467643916607 0
1695377470824 0.40641772374510765 0
1695377470859 0.4031132385134697 0
1695377470901 0.40082595124840736 0
1695377470942 0.39899345114827156 0
1695377470979 0.3977148085832596 0
1695377471020 0.3963959142565727 0
1695377471061 0.39553573727607727 0
1695377471135 0.39480898901820183 0
1695377471169 0.39418094605207443 0
1695377471203 0.39375393092632294 0
1695377471238 0.39338869601488113 0
1695377471272 0.393060851842165 0
1695377471306 0.39283204823732376 0
1695377471402 0.3925677016377449 0
1695377471437 0.3925020806491375 0
1695377471659 0.3922848515212536 0
1695377471756 0.39221467822790146 0
1695377471818 0.39217257499694824 0
1695377472015 0.3920707739889622 0
1695377472055 0.39200760424137115 0
1695377472117 0.3919264003634453 0
1695377472218 0.3918749913573265 0
1695377472285 0.3917618356645107 0
1695377472337 0.3917192667722702 0
1695377472389 0.3916839025914669 0
1695377472462 0.39161427319049835 0
1695377472520 0.39161567762494087 0
1695377472576 0.39154671877622604 0
1695377472628 0.39152251183986664 0
1695377472688 0.39145527780056 0
1695377472757 0.3914290778338909 0
