1709892702862 0.6873171366751194 0
1709892702921 0.6760477349162102 0
1709892703105 0.6598744951188564 0
1709892703218 0.6333504803478718 0
1709892703273 0.5909003466367722 0
1709892703327 0.5317173637449741 0
1709892703379 0.4674920532852411 0
1709892703435 0.4216555766761303 0
1709892703595 0.4025219492614269 0
1709892703650 0.39734626561403275 0
1709892703704 0.3948616925626993 0
1709892703757 0.3935191370546818 0
1709892703813 0.3928638566285372 0
1709892704037 0.3924394603818655 0
1709892704213 0.3921935725957155 0
1709892704268 0.3920726962387562 0
1709892704326 0.3919368628412485 0
1709892704381 0.391829589381814 0
1709892704436 0.3917595073580742 0
1709892704491 0.391617976129055 0
1709892704546 0.3915564827620983 0
1709892704645 0.3914427664130926 0
1709892704729 0.3913123160600662 0
1709892704784 0.39127783477306366 0
1709892704837 0.39121785946190357 0
1709892704891 0.39113075472414494 0
1709892704946 0.39099679328501225 0
1709892705001 0.39091904647648335 0
1709892705053 0.3907421659678221 0
1709892705104 0.3906836621463299 0
1709892705158 0.3905871547758579 0
1709892705222 0.39056118577718735 0
1709892705401 0.39035128615796566 0
1709892705484 0.3902441244572401 0
