1726222325698 0.6959922686219215 0
1726222325729 0.6916233226656914 0
1726222325759 0.6868597641587257 0
1726222325788 0.6812393963336945 0
1726222325818 0.6741373687982559 0
1726222325849 0.6648413687944412 0
1726222325884 0.6526567414402962 0
1726222325914 0.63703952729702 0
1726222325944 0.6173775643110275 0
1726222325974 0.5938239544630051 0
1726222326004 0.5668022483587265 0
1726222326035 0.5377368628978729 0
1726222326065 0.5084525607526302 0
1726222326095 0.48109443485736847 0
1726222326125 0.4574294351041317 0
1726222326155 0.4388773739337921 0
1726222326186 0.425659142434597 0
1726222326216 0.4166603572666645 0
1726222326247 0.4105350561439991 0
1726222326324 0.40608061477541924 0
1726222326355 0.4027128852903843 0
1726222326394 0.40014468133449554 0
1726222326428 0.39815352484583855 0
1726222326465 0.3967163972556591 0
1726222326500 0.39558859169483185 0
1726222326530 0.3948129713535309 0
1726222326561 0.39418648928403854 0
1726222326591 0.39370661973953247 0
1726222326621 0.39336756616830826 0
1726222326651 0.3930768817663193 0
1726222326682 0.3928544633090496 0
1726222326714 0.39267822727560997 0
1726222326745 0.3925508074462414 0
1726222326778 0.39243463799357414 0
1726222326807 0.3923318646848202 0
1726222326837 0.3922496810555458 0
1726222326867 0.39217962697148323 0
1726222326897 0.392110213637352 0
1726222326927 0.3920476473867893 0
1726222326956 0.3919956050813198 0
1726222326987 0.39195411652326584 0
1726222327016 0.39188994839787483 0
1726222327089 0.39184417203068733 0
1726222327120 0.3918086290359497 0
1726222327151 0.39175769686698914 0
1726222327187 0.3917197436094284 0
1726222327220 0.3916916586458683 0
1726222327254 0.39164233952760696 0
1726222327446 0.3915936164557934 0
1726222327516 0.391569048166275 0
1726222327583 0.3915158584713936 0
1726222327620 0.3914762921631336 0
1726222327649 0.39142876863479614 0
1726222327679 0.39139366149902344 0
1726222327709 0.39134814217686653 0
1726222327738 0.3913027010858059 0
1726222327767 0.3912746086716652 0
1726222327797 0.3912150450050831 0
1726222327827 0.3911768049001694 0
1726222327856 0.39111488685011864 0
1726222327890 0.3910788893699646 0
1726222327921 0.3910391069948673 0
1726222327950 0.3909718245267868 0
1726222327979 0.39092152565717697 0
1726222328009 0.39087916910648346 0
1726222328039 0.3908212222158909 0
1726222328112 0.3907661885023117 0
1726222328144 0.39072606712579727 0
1726222328175 0.39067165553569794 0
1726222328207 0.39060867205262184 0
1726222328239 0.3905462473630905 0
1726222328271 0.390481673181057 0
1726222328303 0.3904399238526821 0
1726222328334 0.390376478433609 0
1726222328367 0.3903162330389023 0
1726222328399 0.3902502618730068 0
1726222328439 0.390190489590168 0
