1726222325707 0.7332677245140076 0
1726222325737 0.7549212574958801 0
1726222325767 0.7529527544975281 0
1726222325797 0.7598425149917603 0
1726222325826 0.7696850299835205 0
1726222325859 0.7667322754859924 0
1726222325893 0.7785432934761047 0
1726222325923 0.7667322754859924 0
1726222325952 0.7805117964744568 0
1726222325983 0.787401556968689 0
1726222326013 0.7785432934761047 0
1726222326043 0.7785432934761047 0
1726222326074 0.7795275449752808 0
1726222326104 0.7755905389785767 0
1726222326134 0.788385808467865 0
1726222326163 0.7854330539703369 0
1726222326195 0.7864173054695129 0
1726222326225 0.7814960479736328 0
1726222326256 0.7834645509719849 0
1726222326333 0.7746062874794006 0
1726222326365 0.7923228144645691 0
1726222326404 0.7913385629653931 0
1726222326439 0.789370059967041 0
1726222326475 0.7923228144645691 0
1726222326509 0.8021653294563293 0
1726222326539 0.8149606585502625 0
1726222326570 0.8257874250411987 0
1726222326600 0.834645688533783 0
1726222326630 0.8415354490280151 0
1726222326659 0.8789370059967041 0
1726222326691 0.8976377844810486 0
1726222326723 0.9114173054695129 0
1726222326754 0.9114173054695129 0
1726222326786 0.912401556968689 0
1726222326816 0.9222440719604492 0
1726222326846 0.9035432934761047 0
1726222326875 0.914370059967041 0
1726222326905 0.9025590419769287 0
1726222326935 0.913385808467865 0
1726222326965 0.915354311466217 0
1726222326995 0.9301180839538574 0
1726222327025 0.9291338324546814 0
1726222327098 0.9242125749588013 0
1726222327129 0.9301180839538574 0
1726222327161 0.9261810779571533 0
1726222327197 0.9330708384513855 0
1726222327230 0.9438976645469666 0
1726222327265 0.9448819160461426 0
1726222327462 0.9517716765403748 0
1726222327542 0.9488189220428467 0
1726222327593 0.9586614370346069 0
1726222327628 0.9753937125205994 0
1726222327658 0.9803149700164795 0
1726222327688 0.9862204790115356 0
1726222327717 0.9901574850082397 0
1726222327747 0.9921259880065918 0
1726222327776 0.9773622155189514 0
1726222327806 0.9862204790115356 0
1726222327836 0.9793307185173035 0
1726222327865 0.9960629940032959 0
1726222327899 1.0059055089950562 0
1726222327930 1.0059055089950562 0
1726222327959 1.001968502998352 0
1726222327988 1.0167323350906372 0
1726222328017 1.0324803590774536 0
1726222328047 1.035433053970337 0
1726222328121 1.0334645509719849 0
1726222328153 1.0314960479736328 0
1726222328185 1.0403543710708618 0
1726222328216 1.037401556968689 0
1726222328248 1.0511810779571533 0
1726222328280 1.0561023950576782 0
1726222328312 1.0600394010543823 0
1726222328344 1.0738189220428467 0
1726222328376 1.07677161693573 0
1726222328412 1.0944881439208984 0
1726222328450 1.083661437034607 0
