1695982262790 0.7068252121248553 0
1695982262890 0.7001744335697543 0
1695982262983 0.6917297628618055 0
1695982263064 0.678735161981275 0
1695982263157 0.6580642173367162 0
1695982263257 0.6255840236140836 0
1695982263346 0.5799236605244298 0
1695982263427 0.526563782845774 0
1695982263506 0.47572593823555975 0
1695982263565 0.4388128201807699 0
1695982263627 0.4171175620248241 0
1695982263759 0.4068594113472969 0
1695982263828 0.40137030713019833 0
1695982263889 0.3984728830475961 0
1695982264057 0.3965982410215562 0
1695982264117 0.39539165842917656 0
1695982264178 0.3945433728156551 0
1695982264237 0.3936776230412145 0
1695982264299 0.39334338711154077 0
1695982264360 0.39304514373502425 0
1695982264421 0.39271411299705505 0
1695982264482 0.3925722424061068 0
1695982264541 0.39247638563955983 0
1695982264601 0.3923073084123673 0
1695982264662 0.3922215902036236 0
1695982264722 0.39220142556775 0
1695982264783 0.39207770555250104 0
1695982264916 0.39203882313543753 0
1695982264988 0.3919022438987609 0
1695982265053 0.39187685904964326 0
1695982265114 0.39181886084618106 0
1695982265194 0.39177483320236206 0
1695982265303 0.3917566528243403 0
1695982265364 0.391654965377623 0
1695982265425 0.3915901328286817 0
1695982265528 0.3915159808051202 0
1695982265598 0.39144076839570074 0
1695982265723 0.39139635716715165 0
1695982265820 0.3913954573292886 0
1695982265920 0.3913506134863823 0
1695982266017 0.39124423842276296 0
1695982266108 0.3911632078309213 0
1695982266209 0.39108491232318265 0
1695982266312 0.3910941346999138 0
1695982266403 0.39099563610169197 0
1695982266507 0.3909317226179184 0
1695982266590 0.390881149999557 0
1695982266678 0.39084952492867747 0
1695982266779 0.3908254090816744 0
1695982266873 0.3906811706481441 0
1695982266972 0.3906150181447306 0
1695982267064 0.3905818683485831 0
1695982267169 0.3904856779882985 0
