1691748861549 0.8101660013198853 0
1691748861586 0.8091286420822144 0
1691748861625 0.8257261514663696 0
1691748861663 0.8205394148826599 0
1691748861858 0.8236514329910278 0
1691748861965 0.8018672466278076 0
1691748862108 0.7863070368766785 0
1691748862192 0.7904564142227173 0
1691748862250 0.817427396774292 0
1691748862310 0.8278008103370667 0
1691748862378 0.9170124530792236 0
1691748862435 0.9097510576248169 0
1691748862561 0.9284232258796692 0
1691748862642 0.9668049812316895 0
1691748862701 0.9730290174484253 0
1691748862760 0.9844398498535156 0
1691748862960 1.0082987546920776 0
1691748863034 1.024896264076233 0
1691748863094 1.0217841863632202 0
