1691748861543 0.6898770704865456 0
1691748861581 0.6741080060601234 0
1691748861620 0.6492339298129082 0
1691748861658 0.6085983067750931 0
1691748861782 0.5490078181028366 0
1691748861948 0.4793058894574642 0
1691748862092 0.42419038340449333 0
1691748862177 0.404587734490633 0
1691748862245 0.40050382539629936 0
1691748862302 0.3951890580356121 0
1691748862362 0.39281949773430824 0
1691748862424 0.3925849050283432 0
1691748862482 0.39226260781288147 0
1691748862627 0.3919830434024334 0
1691748862689 0.3918458893895149 0
1691748862749 0.39175794646143913 0
1691748862954 0.3915795795619488 0
1691748863018 0.39141949638724327 0
1691748863089 0.3913542926311493 0
