1709287857153 0.6901731789112091 0
1709287857186 0.6790323778986931 0
1709287857220 0.6621999219059944 0
1709287857254 0.6320823505520821 0
1709287857286 0.5804054290056229 0
1709287857322 0.5060447305440903 0
1709287857366 0.43475746363401413 0
1709287857403 0.40630896389484406 0
1709287857435 0.40319693833589554 0
1709287857469 0.3959902226924896 0
1709287857508 0.39292608574032784 0
1709287857547 0.39275986328721046 0
1709287857581 0.39225391298532486 0
1709287857617 0.3920345678925514 0
1709287857657 0.39191993325948715 0
1709287857692 0.3917282782495022 0
1709287857725 0.3915700875222683 0
1709287857759 0.3914647698402405 0
1709287857792 0.3913114704191685 0
1709287857824 0.3911542519927025 0
1709287857857 0.39096834138035774 0
1709287857902 0.39082540199160576 0
