1696587084263 0.797325074672699 0
1696587084308 0.806584358215332 0
1696587084351 0.7962962985038757 0
1696587084394 0.790123462677002 0
1696587084436 0.7849794030189514 0
1696587084477 0.797325074672699 0
1696587084521 0.7880658507347107 0
1696587084564 0.8189300298690796 0
1696587084606 0.8796296119689941 0
1696587084649 0.9053497910499573 0
1696587084692 0.9166666865348816 0
1696587084735 0.952674925327301 0
1696587084780 0.9825102686882019 0
1696587084824 0.9886831045150757 0
1696587084868 1.0174896717071533 0
1696587084910 1.0390946865081787 0
1696587084952 1.0452674627304077 0
1696587084994 1.0812757015228271 0
1696587085037 1.0761317014694214 0
1696587085078 1.1296296119689941 0
1696587085121 1.1748970746994019 0
1696587085164 1.2026748657226562 0
1696587085208 1.2273662090301514 0
1696587085252 1.239711880683899 0
1696587085295 1.2654321193695068 0
1696587085337 1.2592592239379883 0
1696587085379 1.3045268058776855 0
1696587085420 1.363168716430664 0
1696587085461 1.413580298423767 0
1696587085503 1.4526748657226562 0
1696587085544 1.4465020895004272 0
1696587085586 1.508230447769165 0
1696587085629 1.5524691343307495 0
1696587085670 1.6121399402618408 0
1696587085711 1.6203703880310059 0
1696587085751 1.6687242984771729 0
1696587085793 1.7438271045684814 0
1696587085836 1.7654321193695068 0
1696587085880 1.7942386865615845 0
