1696587084257 0.6794049367308617 0
1696587084303 0.6619175598025322 0
1696587084345 0.63132194429636 0
1696587084388 0.5777817890048027 0
1696587084430 0.5008908435702324 0
1696587084472 0.4290812537074089 0
1696587084515 0.4036077633500099 0
1696587084558 0.40218450129032135 0
1696587084601 0.39555148035287857 0
1696587084643 0.39297371357679367 0
1696587084686 0.3927888162434101 0
1696587084730 0.3922210596501827 0
1696587084774 0.3919582851231098 0
1696587084819 0.39177239313721657 0
1696587084862 0.39162543043494225 0
1696587084905 0.39143776148557663 0
1696587084947 0.39121612906455994 0
1696587084988 0.39099132642149925 0
1696587085031 0.3909241519868374 0
1696587085073 0.3906755596399307 0
1696587085115 0.39046430960297585 0
1696587085158 0.3902139440178871 0
1696587085203 0.39003682881593704 0
1696587085247 0.3898003026843071 0
1696587085290 0.3895086832344532 0
1696587085332 0.3892327845096588 0
1696587085373 0.3889435715973377 0
1696587085415 0.3886577859520912 0
1696587085456 0.38839153945446014 0
1696587085498 0.388039905577898 0
1696587085539 0.38767239451408386 0
1696587085580 0.38726822659373283 0
1696587085623 0.3868797644972801 0
1696587085664 0.38645849376916885 0
1696587085705 0.38594426587224007 0
1696587085746 0.38562392443418503 0
1696587085788 0.385061115026474 0
1696587085830 0.3844510614871979 0
1696587085874 0.3839641772210598 0
