1707473406091 0.6882829889655113 0
1707473406149 0.6828747987747192 0
1707473406179 0.6761786565184593 0
1707473406208 0.6674782112240791 0
1707473406235 0.6554967239499092 0
1707473406265 0.6392641067504883 0
1707473406294 0.6174454987049103 0
1707473406323 0.5894442498683929 0
1707473406351 0.5551890283823013 0
1707473406382 0.5167997069656849 0
1707473406412 0.4789101928472519 0
1707473406444 0.44561538472771645 0
1707473406476 0.4217621572315693 0
1707473406506 0.408291582018137 0
1707473406533 0.4020192138850689 0
1707473406557 0.39900559559464455 0
1707473406587 0.3968050144612789 0
1707473406613 0.3951694667339325 0
1707473406642 0.39404114708304405 0
1707473406667 0.39338676631450653 0
1707473406691 0.3929217681288719 0
1707473406715 0.39266158640384674 0
1707473406740 0.39246758073568344 0
1707473406764 0.39233776554465294 0
1707473406789 0.3922392167150974 0
1707473406812 0.39210372790694237 0
1707473406838 0.3920404501259327 0
1707473406866 0.3919847831130028 0
1707473406893 0.39192740619182587 0
1707473406917 0.39191003143787384 0
