1684491041757 0.8155136108398438 0
1684491041789 0.805031418800354 0
1684491041820 0.7924528121948242 0
1684491041851 0.8060796856880188 0
1684491041882 0.8186582922935486 0
1684491041914 0.8081761002540588 0
1684491041947 0.8165618181228638 0
1684491042003 0.8081761002540588 0
1684491042043 0.8008385896682739 0
1684491042075 0.8102725148200989 0
1684491042106 0.8197064995765686 0
1684491042137 0.8270440101623535 0
1684491042168 0.8280922174453735 0
1684491042199 0.8396226167678833 0
1684491042230 0.8595387935638428 0
1684491042261 0.8846960067749023 0
1684491042292 0.9213836193084717 0
1684491042324 0.9203354120254517 0
1684491042355 0.9276729822158813 0
1684491042387 0.9297693967819214 0
1684491042418 0.9255765080451965 0
1684491042450 0.9350104928016663 0
1684491042485 0.9486373066902161 0
1684491042519 0.9643605947494507 0
1684491042552 0.9811320900917053 0
1684491042585 0.9779874086380005 0
1684491042616 1.00209641456604 0
1684491042709 1.0146750211715698 0
1684491042768 1.0262054204940796 0
1684491042843 1.0293501615524292 0
1684491042893 1.0345911979675293 0
