1687515111690 0.818371593952179 0
1687515111776 0.8340292572975159 0
1687515111878 0.8308976888656616 0
1687515111931 0.8194154500961304 0
1687515111980 0.8173277378082275 0
1687515112066 0.8162839412689209 0
1687515112109 0.8152400851249695 0
1687515112146 0.8256784677505493 0
1687515112179 0.8288100361824036 0
1687515112212 0.867432177066803 0
1687515112244 0.8883090019226074 0
1687515112277 0.9467641115188599 0
1687515112310 0.9655532240867615 0
1687515112343 0.9843423962593079 0
1687515112376 0.9947807788848877 0
1687515112408 1.0219206809997559 0
1687515112441 1.0532358884811401 0
1687515112474 1.0511481761932373 0
1687515112550 1.0438413619995117 0
1687515112586 1.0772442817687988 0
