1728036736379 0.800589382648468 0
1728036736413 0.8055009841918945 0
1728036736445 0.8074656128883362 0
1728036736477 0.7976424098014832 0
1728036736509 0.8064833283424377 0
1728036736541 0.7946954965591431 0
1728036736576 0.7711198329925537 0
1728036736608 0.7799606919288635 0
1728036736641 0.7809430360794067 0
1728036736673 0.7927308678627014 0
1728036736737 0.7779960632324219 0
1728036736769 0.7829076647758484 0
1728036736799 0.7789784073829651 0
1728036736829 0.790766179561615 0
1728036736859 0.7927308678627014 0
1728036736889 0.8094302415847778 0
1728036736919 0.8074656128883362 0
1728036736949 0.8035363554954529 0
1728036736980 0.8015717267990112 0
1728036737009 0.7976424098014832 0
1728036737038 0.7937131524085999 0
1728036737068 0.8025540113449097 0
1728036737099 0.8222004175186157 0
1728036737129 0.8388997912406921 0
1728036737158 0.857563853263855 0
1728036737188 0.8693516850471497 0
1728036737218 0.8644400835037231 0
1728036737248 0.873280942440033 0
1728036737278 0.8811395168304443 0
1728036737308 0.8978388905525208 0
1728036737338 0.8978388905525208 0
1728036737369 0.9076620936393738 0
1728036737399 0.9096267223358154 0
1728036737438 0.9086443781852722 0
1728036737470 0.9125736951828003 0
1728036737502 0.9233791828155518 0
1728036737534 0.917485237121582 0
1728036737563 0.9312376976013184 0
1728036737593 0.9400785565376282 0
1728036737622 0.9361492991447449 0
1728036737652 0.9390962719917297 0
1728036737682 0.9351670145988464 0
1728036737712 0.9459725022315979 0
1728036737742 0.9567779898643494 0
1728036737771 0.9548133611679077 0
1728036737801 0.9597249627113342 0
1728036737831 0.9724950790405273 0
1728036737860 0.9724950790405273 0
