1728036736364 0.6942747607827187 0
1728036736403 0.689517930150032 0
1728036736436 0.6847388073801994 0
1728036736468 0.6794922649860382 0
1728036736500 0.6733488962054253 0
1728036736532 0.6658608540892601 0
1728036736565 0.6565542742609978 0
1728036736599 0.6447822824120522 0
1728036736632 0.6298109516501427 0
1728036736664 0.6108047589659691 0
1728036736726 0.5871500223875046 0
1728036736760 0.5586454123258591 0
1728036736790 0.5262525305151939 0
1728036736820 0.49219250679016113 0
1728036736850 0.46035170927643776 0
1728036736880 0.4345858506858349 0
1728036736910 0.4170420803129673 0
1728036736940 0.40706971287727356 0
1728036736971 0.40201106294989586 0
1728036737000 0.3992803953588009 0
1728036737030 0.39745819941163063 0
1728036737060 0.3960493244230747 0
1728036737090 0.3950090520083904 0
1728036737120 0.3942776992917061 0
1728036737150 0.39375003799796104 0
1728036737179 0.39337536692619324 0
1728036737209 0.39308546110987663 0
1728036737239 0.39289477467536926 0
1728036737269 0.3927503824234009 0
1728036737299 0.3926198035478592 0
1728036737329 0.3925284966826439 0
1728036737360 0.3924562446773052 0
1728036737390 0.39239347353577614 0
1728036737422 0.39234212413430214 0
1728036737460 0.3922848589718342 0
1728036737493 0.39224400743842125 0
1728036737525 0.3921990394592285 0
1728036737554 0.3921723775565624 0
1728036737584 0.3921275995671749 0
1728036737614 0.39208998903632164 0
1728036737643 0.39205408096313477 0
1728036737673 0.39200932532548904 0
1728036737703 0.3919696509838104 0
1728036737733 0.39192792400717735 0
1728036737762 0.39189834892749786 0
1728036737792 0.3918599262833595 0
1728036737822 0.39181893318891525 0
1728036737851 0.39177995920181274 0
