1714731256197 0.8198198080062866 0
1714731256316 0.8138138055801392 0
1714731256438 0.8088088035583496 0
1714731256561 0.8528528809547424 0
1714731256664 0.924924910068512 0
1714731256773 0.9009009003639221 0
1714731256870 0.9759759902954102 0
1714731256972 1.0040040016174316 0
1714731257075 1.0250250101089478 0
1714731257161 1.079079031944275 0
1714731257259 1.1231231689453125 0
1714731257428 1.1761761903762817 0
1714731257532 1.206206202507019 0
1714731257613 1.2372372150421143 0
1714731257847 1.3503503799438477 0
