1709892701449 0.8163471221923828 0
1709892701498 0.8082744479179382 0
1709892701543 0.8123108148574829 0
1709892701593 0.8183652758598328 0
1709892701642 0.8153380155563354 0
1709892701687 0.8072654008865356 0
1709892701731 0.8062562942504883 0
1709892701774 0.803229033946991 0
1709892701820 0.8536831736564636 0
1709892701864 0.9021191000938416 0
1709892701909 0.9001008868217468 0
1709892701951 0.9101917147636414 0
1709892701994 0.9394550919532776 0
1709892702049 0.9566094875335693 0
1709892702095 0.975782036781311 0
1709892702138 1.0040363073349 0
1709892702180 1.0322905778884888 0
1709892702292 1.0504541397094727 0
1709892702430 1.0403633117675781 0
1709892702565 1.0524722337722778 0
1709892702609 1.088799238204956 0
1709892702653 1.0736629962921143 0
1709892702700 1.117053508758545 0
1709892702742 1.137235164642334 0
