1712311959047 0.8150753974914551 0
1712311959110 0.8241205811500549 0
1712311959169 0.843216061592102 0
1712311959227 0.8241205811500549 0
1712311959288 0.8301507830619812 0
1712311959548 0.8251256346702576 0
1712311959609 0.7979899644851685 0
1712311959667 0.80402010679245 0
1712311959726 0.7949748635292053 0
1712311959786 0.8030150532722473 0
1712311959843 0.8321608304977417 0
1712311959901 0.8582914471626282 0
1712311959958 0.8894472122192383 0
1712311960015 0.91758793592453 0
1712311960073 0.9507537484169006 0
1712311960132 0.9527637958526611 0
1712311960194 0.9527637958526611 0
1712311960255 0.9648241400718689 0
