1689934336559 0.6926913857460022 0
1689934336609 0.6856350004673004 0
1689934336653 0.6759679280221462 0
1689934336695 0.6602998450398445 0
1689934336736 0.6363697089254856 0
1689934336778 0.6018747612833977 0
1689934336818 0.5590872168540955 0
1689934336874 0.5111480709165335 0
1689934336917 0.46850403025746346 0
1689934336959 0.4413403980433941 0
1689934337000 0.4217687714844942 0
1689934337037 0.4097831789404154 0
1689934337135 0.404478058218956 0
1689934337201 0.4002618510276079 0
1689934337391 0.39692795276641846 0
1689934337433 0.39492420107126236 0
1689934337550 0.395016074180603 0
1689934337645 0.394627183675766 0
1689934337721 0.39414273388683796 0
1689934337792 0.39239777624607086 0
1689934337839 0.3924637269228697 0
1689934337883 0.3918735347688198 0
1689934337922 0.39229633286595345 0
1689934338013 0.39228455908596516 0
1689934338057 0.3917822726070881 0
1689934338096 0.3918392639607191 0
1689934338168 0.3916251603513956 0
1689934338217 0.3920757360756397 0
1689934338276 0.391286326572299 0
1689934338318 0.39153454080224037 0
1689934338362 0.3911085221916437 0
1689934338606 0.3916421979665756 0
1689934338698 0.39074699953198433 0
1689934338782 0.39079711213707924 0
