1689934336564 0.82536381483078 0
1689934336614 0.8108108043670654 0
1689934336658 0.8066527843475342 0
1689934336699 0.7858628034591675 0
1689934336740 0.7817047834396362 0
1689934336783 0.7879418134689331 0
1689934336823 0.7754677534103394 0
1689934336879 0.7754677534103394 0
1689934336921 0.7723492980003357 0
1689934336964 0.7702702879905701 0
1689934337004 0.777546763420105 0
1689934337042 0.7837837934494019 0
1689934337158 0.7910602688789368 0
1689934337219 0.8024948239326477 0
1689934337396 0.8108108043670654 0
1689934337448 0.8430353403091431 0
1689934337557 0.8648648858070374 0
1689934337657 0.885654866695404 0
1689934337746 0.8918918967247009 0
1689934337798 0.9074844121932983 0
1689934337845 0.939708948135376 0
1689934337887 0.9480249285697937 0
1689934337927 0.9365904331207275 0
1689934338020 0.9407484531402588 0
1689934338061 0.9501039385795593 0
1689934338100 0.9844074845314026 0
1689934338173 0.9802494645118713 0
1689934338222 1.005197525024414 0
1689934338281 1.0436590909957886 0
1689934338323 1.0259875059127808 0
1689934338369 1.049896001815796 0
1689934338621 1.0634095668792725 0
1689934338708 1.0873180627822876 0
1689934338787 1.0914760828018188 0
