1700215805072 0.6944853514432907 0
1700215805099 0.6901418343186378 0
1700215805123 0.6854651048779488 0
1700215805145 0.6799210458993912 0
1700215805169 0.6732630580663681 0
1700215805192 0.6647295728325844 0
1700215805215 0.6539627388119698 0
1700215805237 0.6406041234731674 0
1700215805258 0.6239864304661751 0
1700215805280 0.6033473312854767 0
1700215805308 0.5789838284254074 0
1700215805341 0.551561675965786 0
1700215805365 0.523076981306076 0
1700215805389 0.4957439824938774 0
1700215805412 0.47060051932930946 0
1700215805434 0.45054495707154274 0
1700215805456 0.4349631518125534 0
1700215805477 0.42363371327519417 0
1700215805499 0.4161291606724262 0
1700215805521 0.4106827899813652 0
1700215805543 0.4064342565834522 0
1700215805566 0.40325259044766426 0
1700215805589 0.4007998891174793 0
1700215805612 0.39900149777531624 0
1700215805634 0.397433802485466 0
1700215805656 0.396269541233778 0
1700215805678 0.39539091289043427 0
1700215805700 0.39473842829465866 0
1700215805722 0.39420776069164276 0
1700215805744 0.39367759227752686 0
1700215805767 0.3933837078511715 0
1700215805790 0.3930613398551941 0
1700215805813 0.3928033225238323 0
1700215805835 0.39261094108223915 0
1700215805857 0.39253637194633484 0
1700215805878 0.39236096292734146 0
1700215805900 0.39227374643087387 0
1700215805923 0.3921629339456558 0
1700215805946 0.39200547337532043 0
1700215805968 0.3919558860361576 0
1700215805991 0.3918895237147808 0
1700215806014 0.39179253205657005 0
1700215806037 0.39175592735409737 0
1700215806059 0.39166609942913055 0
1700215806081 0.39160989969968796 0
1700215806104 0.3915972113609314 0
1700215806126 0.3915179446339607 0
1700215806147 0.39143941551446915 0
1700215806170 0.3913779482245445 0
1700215806191 0.39139798283576965 0
1700215806214 0.391280822455883 0
1700215806236 0.39124706760048866 0
1700215806260 0.39122652262449265 0
