1717755086044 0.8035892248153687 0
1717755086116 0.8285144567489624 0
1717755086188 0.85643070936203 0
1717755086426 0.9132602214813232 0
1717755086493 0.9341974258422852 0
1717755086653 0.9710867404937744 0
1717755086722 0.9850448369979858 0
1717755086787 1.0159521102905273 0
1717755086849 1.0548354387283325 0
1717755086908 1.0707876682281494 0
1717755086973 1.1495513916015625 0
1717755087057 1.161515474319458 0
1717755087137 1.2163509130477905 0
1717755087222 1.259222388267517 0
1717755087318 1.3499501943588257 0
1717755087396 1.4067796468734741 0
1717755087477 1.4386839866638184 0
1717755087547 1.4426720142364502 0
1717755087610 1.5164506435394287 0
1717755087676 1.508474588394165 0
1717755087746 1.6660020351409912 0
1717755087816 1.7088733911514282 0
1717755087888 1.6789630651474 0
