1717755070122 0.7726819515228271 0
1717755070172 0.7716849446296692 0
1717755070218 0.7597208619117737 0
1717755070264 0.7806580066680908 0
1717755070309 0.8185443878173828 0
1717755070355 0.9292123913764954 0
1717755070399 0.920239269733429 0
1717755070444 0.9451645016670227 0
1717755070490 0.9481555223464966 0
1717755070536 0.9970089793205261 0
1717755070583 0.9830508232116699 0
1717755070633 1.0149551630020142 0
1717755070682 1.0269192457199097 0
1717755070729 1.0687936544418335 0
1717755070778 1.0747756958007812 0
1717755070824 1.1326022148132324 0
1717755070950 1.1096709966659546 0
1717755071002 1.1914256811141968 0
1717755071049 1.2083748579025269 0
1717755071094 1.2243269681930542 0
1717755071141 1.2701894044876099 0
1717755071188 1.2801594734191895 0
1717755071290 1.3140578269958496 0
1717755071372 1.382851481437683 0
1717755071419 1.370887279510498 0
1717755071465 1.3988035917282104 0
1717755071509 1.4566301107406616 0
1717755071553 1.5004985332489014 0
1717755071596 1.5194417238235474 0
1717755071734 1.551345944404602 0
1717755071778 1.5613160133361816 0
1717755071821 1.570289134979248 0
