1695982253041 0.6860266849398613 0
1695982253095 0.6668421700596809 0
1695982253201 0.6332320794463158 0
1695982253264 0.5786936581134796 0
1695982253321 0.5080108381807804 0
1695982253388 0.44356097280979156 0
1695982253449 0.41162247210741043 0
1695982253506 0.40414492040872574 0
1695982253556 0.39861084893345833 0
1695982253611 0.3938285745680332 0
1695982253668 0.39271947368979454 0
1695982253723 0.39242158457636833 0
1695982253776 0.39207832887768745 0
1695982253840 0.3919443041086197 0
1695982253897 0.39178867638111115 0
1695982253960 0.39163922518491745 0
1695982254049 0.39152805134654045 0
1695982254136 0.3914099410176277 0
1695982254197 0.39128196612000465 0
1695982254261 0.3911186382174492 0
1695982254318 0.39087243750691414 0
1695982254371 0.39078279584646225 0
1695982254427 0.39060933887958527 0
1695982254490 0.3903784975409508 0
