1695982253048 0.8177136778831482 0
1695982253151 0.8331617116928101 0
1695982253212 0.8496395349502563 0
1695982253274 0.8321318030357361 0
1695982253334 0.8228630423545837 0
1695982253395 0.8012358546257019 0
1695982253456 0.8043254613876343 0
1695982253512 0.8135942220687866 0
1695982253563 0.8146240711212158 0
1695982253618 0.8558187484741211 0
1695982253677 0.893923819065094 0
1695982253732 0.953656017780304 0
1695982253787 0.9299691319465637 0
1695982253846 0.9557157754898071 0
1695982253907 0.94644695520401 0
1695982253968 0.9588053822517395 0
1695982254076 1.0 0
1695982254148 1.0308959484100342 0
1695982254211 1.0576725006103516 0
1695982254267 1.0566426515579224 0
1695982254328 1.091658115386963 0
1695982254382 1.114315152168274 0
1695982254439 1.1472707986831665 0
1695982254497 1.152420163154602 0
