1701425476231 0.8130745887756348 0
1701425476279 0.8202247023582458 0
1701425476336 0.8294177651405334 0
1701425476391 0.8212461471557617 0
1701425476462 0.8314606547355652 0
1701425476516 0.8672114610671997 0
1701425476624 0.9611848592758179 0
1701425476690 0.9867211580276489 0
1701425476755 1.0030643939971924 0
1701425477000 1.0020428895950317 0
1701425477524 1.0572012662887573 0
1701425477703 1.0898876190185547 0
1701425477900 1.0939733982086182 0
1701425477980 1.133810043334961 0
1701425478045 1.1593462228775024 0
1701425478107 1.1818181276321411 0
1701425478169 1.243105173110962 0
1701425478226 1.261491298675537 0
1701425478297 1.2972420454025269 0
1701425478431 1.356486201286316 0
1701425478498 1.3912155628204346 0
1701425478556 1.4259448051452637 0
1701425478615 1.4473953247070312 0
1701425478666 1.470888614654541 0
1701425478717 1.4923391342163086 0
1701425478767 1.5127681493759155 0
1701425478818 1.5107252597808838 0
