1710497399695 0.6797764416663877 0
1710497399792 0.5702436383693449 0
1710497399878 0.4130770602533894 0
1710497400098 0.3941869918377169 0
1710497400179 0.3924140362970291 0
1710497400376 0.3919353667766817 0
1710497400454 0.39166031056834805 0
1710497400532 0.39124494021938694 0
1710497400850 0.39096469456149685 0
1710497400935 0.3905370379647901 0
1710497401031 0.39013669183177335 0
1710497401134 0.3898468315601349 0
1710497401496 0.3892714640786571 0
1710497401576 0.3887266497458181 0
1710497401651 0.3881713267295591 0
1710497401787 0.38762157001803 0
1710497401894 0.38680131396939677 0
1710497401981 0.3860824079282822 0
1710497402060 0.3852650667390516 0
1710497402136 0.3842983938032581 0
