1723803193562 0.6883866190910339 0
1723803193639 0.680287666618824 0
1723803193714 0.6696681529283524 0
1723803193775 0.6546536460518837 0
1723803193841 0.6326818391680717 0
1723803193900 0.6011853441596031 0
1723803193959 0.5602487102150917 0
1723803194025 0.5134144425392151 0
1723803194085 0.4687343128025532 0
1723803194139 0.43550635129213333 0
1723803194196 0.4165404848754406 0
1723803194254 0.4070323333144188 0
1723803194312 0.4012599587440491 0
1723803194377 0.3974001407623291 0
1723803194503 0.39513789117336273 0
1723803194608 0.3939349204301834 0
1723803194677 0.393109530210495 0
1723803194736 0.39261259511113167 0
1723803194798 0.392294455319643 0
1723803194851 0.3920641504228115 0
1723803194951 0.3918873518705368 0
1723803195056 0.3917272053658962 0
1723803195170 0.3916144110262394 0
1723803195285 0.39150526374578476 0
1723803195346 0.3914000503718853 0
1723803195404 0.39132263138890266 0
1723803195464 0.3912276588380337 0
1723803195530 0.3911394588649273 0
1723803195633 0.3910163789987564 0
