1703844657451 0.8197556138038635 0
1703844657482 0.8075356483459473 0
1703844657512 0.8054989576339722 0
1703844657543 0.813645601272583 0
1703844657573 0.8258655667304993 0
1703844657603 0.8452138304710388 0
1703844657633 0.844195544719696 0
1703844657663 0.9012219905853271 0
1703844657693 0.9358451962471008 0
1703844657723 0.9378818869590759 0
1703844657753 0.9501018524169922 0
1703844657783 0.9674134254455566 0
1703844657814 0.9704684615135193 0
1703844657845 1.0132383108139038 0
1703844657894 1.043788194656372 0
1703844657926 1.0824847221374512 0
1703844657958 1.0987780094146729 0
1703844657992 1.0987780094146729 0
1703844658028 1.1364562511444092 0
