1703844657446 0.6880419179797173 0
1703844657476 0.667930506169796 0
1703844657507 0.6273644641041756 0
1703844657537 0.5492630079388618 0
1703844657567 0.4493912383913994 0
1703844657597 0.4041767902672291 0
1703844657627 0.4047612249851227 0
1703844657658 0.39471327513456345 0
1703844657688 0.39319711923599243 0
1703844657717 0.3930218890309334 0
1703844657747 0.3922232910990715 0
1703844657777 0.3921634778380394 0
1703844657809 0.3918430544435978 0
1703844657839 0.3916631042957306 0
1703844657888 0.3915281146764755 0
1703844657920 0.39133933931589127 0
1703844657952 0.39117248356342316 0
1703844657986 0.3909915126860142 0
1703844658021 0.39078157767653465 0
