1707473404501 0.8380566835403442 0
1707473404540 0.8248987793922424 0
1707473404575 0.8269230723381042 0
1707473404678 0.8248987793922424 0
1707473404718 0.8228744864463806 0
1707473404755 0.8259109258651733 0
1707473404792 0.8178137540817261 0
1707473404826 0.8117408752441406 0
1707473404864 0.8168016076087952 0
1707473404901 0.8279352188110352 0
1707473404942 0.8289473652839661 0
1707473404981 0.8431174159049988 0
1707473405021 0.8775303363800049 0
1707473405061 0.897773265838623 0
1707473405098 0.9230769276618958 0
1707473405137 0.9119433164596558 0
1707473405177 0.9159919023513794 0
1707473405214 0.9504048824310303 0
1707473405251 0.9493927359580994 0
1707473405289 0.9676113128662109 0
1707473405366 0.9655870199203491 0
1707473405402 0.9746963381767273 0
1707473405435 0.9716598987579346 0
1707473405476 0.9969635605812073 0
1707473405513 1.0050606727600098 0
1707473405546 1.0172064304351807 0
1707473405579 1.0425101518630981 0
1707473405612 1.0283401012420654 0
1707473405645 1.0384615659713745 0
1707473405679 1.0273278951644897 0
1707473405716 1.0485830307006836 0
1707473405752 1.057692289352417 0
1707473405785 1.0759109258651733 0
1707473405818 1.0607287883758545 0
1707473405851 1.0759109258651733 0
1707473405884 1.1133602857589722 0
1707473405918 1.1295546293258667 0
1707473405955 1.1093116998672485 0
1707473405989 1.1265182495117188 0
1707473406024 1.124493956565857 0
