1707473403582 0.8178137540817261 0
1707473403618 0.8036437034606934 0
1707473403654 0.8127530217170715 0
1707473403689 0.8147773146629333 0
1707473403726 0.8228744864463806 0
1707473403768 0.8087044358253479 0
1707473403806 0.7995951175689697 0
1707473403846 0.8147773146629333 0
1707473403887 0.8603239059448242 0
1707473403931 0.9149797558784485 0
1707473403977 0.953441321849823 0
1707473404058 0.9676113128662109 0
1707473404104 1.0091092586517334 0
1707473404153 1.0344129800796509 0
1707473404198 1.0465587377548218 0
1707473404335 1.0728745460510254 0
