1703844656196 0.6740649784764936 0
1703844656237 0.6460412260024778 0
1703844656278 0.5891066366626371 0
1703844656317 0.5080393475870932 0
1703844656358 0.4397800084083311 0
1703844656397 0.40995907495098727 0
1703844656436 0.4002911784956532 0
1703844656478 0.3960091817763544 0
1703844656522 0.3939298689365387 0
1703844656607 0.3929070657299411 0
1703844656650 0.3923413282440555 0
1703844656697 0.39201226638209435 0
1703844656745 0.39177906128668016 0
1703844656792 0.3916051753105656 0
1703844656841 0.3914037539112952 0
1703844656890 0.39121362086265316 0
1703844656939 0.39106293166837386 0
1703844657110 0.390954420451195 0
1703844657216 0.3907493641299586 0
1703844657255 0.3905742216494776 0
1703844657295 0.39038234660702364 0
1703844657335 0.39020556884427227 0
1703844657375 0.39003476885057264 0
