1703239832330 0.6808757111430168 0
1703239832365 0.6563516482710838 0
1703239832398 0.6087897270917892 0
1703239832432 0.5219624191522598 0
1703239832465 0.4259050637483597 0
1703239832501 0.40237006917595863 0
1703239832535 0.40198231115937233 0
1703239832570 0.3930480442941189 0
1703239832604 0.3936419412493706 0
1703239832640 0.39262136444449425 0
1703239832675 0.39215487614274025 0
1703239832710 0.3919595256447792 0
1703239832746 0.3917049430310726 0
1703239832784 0.39154164865612984 0
1703239832818 0.3913460113108158 0
1703239832853 0.3912131302058697 0
1703239832885 0.39103731140494347 0
1703239832918 0.39077093079686165 0
1703239832953 0.3906729817390442 0
1703239832988 0.3904735743999481 0
1703239833021 0.3902621567249298 0
1703239833052 0.39004818350076675 0
1703239833084 0.3897801414132118 0
1703239833160 0.3894995003938675 0
1703239833195 0.3892969451844692 0
1703239833228 0.3890259675681591 0
1703239833262 0.38870769739151 0
1703239833297 0.3883340582251549 0
