1683281462785 0.6671216646830241 0
1683281463028 0.47751039266586304 0
1683281463208 0.39609476129213966 0
1683281463332 0.3925667424996694 0
1683281463590 0.3920575569073359 0
1683281463779 0.3917362570762634 0
1683281463885 0.39129609962304435 0
1683281463984 0.3907744765281677 0
1683281464083 0.39043694039185844 0
1683281464433 0.3898947983980179 0
1683281464612 0.38938898344834644 0
1683281464790 0.3887463241815567 0
1683281464923 0.38801843822002413 0
1683281465050 0.3873656868934631 0
1683281465174 0.3863961855570475 0
1683281465297 0.385497984290123 0
1683281465419 0.3845920274655024 0
1683281465498 0.3835217088460922 0
