1683281462789 0.8025209903717041 0
1683281463031 0.8308823704719543 0
1683281463221 0.9075630307197571 0
1683281463337 0.9474790096282959 0
1683281463594 1.029411792755127 0
1683281463783 1.056722640991211 0
1683281463895 1.0924370288848877 0
1683281463988 1.1481091976165771 0
1683281464088 1.1880252361297607 0
1683281464449 1.2342437505722046 0
1683281464615 1.3476890325546265 0
1683281464794 1.3550419807434082 0
1683281464931 1.4726890325546265 0
1683281465054 1.572479009628296 0
1683281465178 1.638655424118042 0
1683281465304 1.7163865566253662 0
1683281465423 1.7163865566253662 0
1683281465501 1.808823585510254 0
