1688119866778 0.6612268606821696 0
1688119866853 0.473364449540774 0
1688119866925 0.39602954586346945 0
1688119867000 0.39256841838359835 0
1688119867074 0.3920254280169805 0
1688119867148 0.3915407876173655 0
1688119867222 0.39104335606098173 0
1688119867296 0.39048552215099336 0
1688119867370 0.38983630935351055 0
1688119867446 0.389065291484197 0
1688119867521 0.38836120466391244 0
1688119867596 0.38734145363171896 0
1688119867671 0.3864304214715958 0
1688119867746 0.3852414478858312 0
1688119867821 0.38391245206197105 0
1688119867897 0.38246604402860007 0
1688119867972 0.38081967929999033 0
