1716545494518 0.8271728157997131 0
1716545494546 0.8241758346557617 0
1716545494572 0.8331668376922607 0
1716545494599 0.8331668376922607 0
1716545494627 0.8531468510627747 0
1716545494725 0.8341658115386963 0
1716545494753 0.8131868243217468 0
1716545494781 0.8171828389167786 0
1716545494808 0.829170823097229 0
1716545494836 0.8391608595848083 0
1716545494865 0.8331668376922607 0
1716545494893 0.8271728157997131 0
1716545494920 0.8091908097267151 0
1716545494947 0.8181818127632141 0
1716545494974 0.8241758346557617 0
1716545495001 0.8221778273582458 0
1716545495028 0.8231768012046814 0
1716545495054 0.8141857981681824 0
1716545495081 0.8131868243217468 0
1716545495107 0.8051947951316833 0
1716545495134 0.8181818127632141 0
1716545495160 0.8161838054656982 0
1716545495187 0.82017982006073 0
1716545495216 0.82017982006073 0
1716545495242 0.8221778273582458 0
1716545495269 0.8221778273582458 0
1716545495296 0.8231768012046814 0
1716545495322 0.8231768012046814 0
1716545495350 0.8181818127632141 0
1716545495377 0.8261738419532776 0
1716545495403 0.829170823097229 0
1716545495430 0.8371628522872925 0
1716545495461 0.8531468510627747 0
1716545495488 0.8921079039573669 0
1716545495515 0.9090909361839294 0
1716545495542 0.9270729422569275 0
1716545495569 0.9220778942108154 0
1716545495596 0.9450549483299255 0
1716545495622 0.9550449848175049 0
1716545495649 0.9720279574394226 0
1716545495677 0.9690309762954712 0
1716545495704 0.9850149750709534 0
1716545495775 0.9800199866294861 0
1716545495803 0.9890109896659851 0
1716545495830 0.9950050115585327 0
1716545495857 0.9930070042610168 0
1716545495884 1.0049949884414673 0
1716545495912 1.0169830322265625 0
1716545495938 1.0 0
1716545495965 1.0 0
1716545495992 1.0079920291900635 0
1716545496020 1.0229769945144653 0
1716545496046 1.035964012145996 0
1716545496073 1.0419580936431885 0
1716545496100 1.0509490966796875 0
1716545496127 1.060939073562622 0
1716545496154 1.0649350881576538 0
1716545496181 1.066933035850525 0
1716545496207 1.0679320096969604 0
1716545496235 1.0649350881576538 0
1716545496261 1.0779221057891846 0
1716545496288 1.0819181203842163 0
1716545496314 1.0929070711135864 0
1716545496341 1.093906044960022 0
1716545496368 1.1018980741500854 0
1716545496395 1.1178821325302124 0
1716545496424 1.1328670978546143 0
1716545496453 1.1358641386032104 0
1716545496484 1.1428571939468384 0
1716545496532 1.1408591270446777 0
1716545496563 1.177822232246399 0
1716545496590 1.1928071975708008 0
1716545496617 1.188811182975769 0
1716545496644 1.1938061714172363 0
1716545496671 1.204795241355896 0
1716545496697 1.204795241355896 0
1716545496724 1.2127872705459595 0
