1716545494510 0.6917382851243019 0
1716545494539 0.6893118396401405 0
1716545494566 0.6867453381419182 0
1716545494592 0.6835499256849289 0
1716545494620 0.6792421489953995 0
1716545494647 0.6733220517635345 0
1716545494746 0.6653683111071587 0
1716545494774 0.6555022820830345 0
1716545494800 0.6434561312198639 0
1716545494829 0.6291073337197304 0
1716545494857 0.612120732665062 0
1716545494885 0.5919435098767281 0
1716545494913 0.5687766969203949 0
1716545494940 0.5434645488858223 0
1716545494967 0.5176598355174065 0
1716545494994 0.4925291985273361 0
1716545495021 0.46950773522257805 0
1716545495047 0.44991781935095787 0
1716545495074 0.4344177320599556 0
1716545495100 0.4229452833533287 0
1716545495127 0.4143998436629772 0
1716545495153 0.40854908898472786 0
1716545495180 0.4042307138442993 0
1716545495209 0.4011492356657982 0
1716545495235 0.3988974764943123 0
1716545495262 0.39719216153025627 0
1716545495289 0.3959796540439129 0
1716545495315 0.39505283161997795 0
1716545495342 0.39432818442583084 0
1716545495370 0.393782664090395 0
1716545495396 0.3933458812534809 0
1716545495423 0.3930193558335304 0
1716545495453 0.392748411744833 0
1716545495481 0.39253223687410355 0
1716545495508 0.39235153049230576 0
1716545495535 0.3921775594353676 0
1716545495562 0.39202963560819626 0
1716545495589 0.39195361360907555 0
1716545495615 0.3918456397950649 0
1716545495642 0.3917539604008198 0
1716545495670 0.3916708305478096 0
1716545495697 0.39159660041332245 0
1716545495767 0.3915618397295475 0
1716545495795 0.39147529751062393 0
1716545495822 0.3913830630481243 0
1716545495850 0.3913424424827099 0
1716545495877 0.39128483459353447 0
1716545495905 0.3912092186510563 0
1716545495931 0.39117705821990967 0
1716545495958 0.39110376685857773 0
1716545495985 0.39104197174310684 0
1716545496012 0.39097288250923157 0
1716545496039 0.39092402532696724 0
1716545496066 0.39084891974925995 0
1716545496093 0.3907872661948204 0
1716545496120 0.39072326198220253 0
1716545496147 0.39065732806921005 0
1716545496174 0.39061059430241585 0
1716545496200 0.3905373476445675 0
1716545496227 0.39046618714928627 0
1716545496254 0.3904046043753624 0
1716545496281 0.3903319872915745 0
1716545496307 0.39024143666028976 0
1716545496334 0.3901609107851982 0
1716545496361 0.3901062197983265 0
1716545496388 0.39002276584506035 0
1716545496417 0.38992445543408394 0
1716545496445 0.3898269087076187 0
1716545496477 0.38973839953541756 0
1716545496504 0.3896534666419029 0
1716545496556 0.38956740498542786 0
1716545496583 0.389474056661129 0
1716545496610 0.389396108686924 0
1716545496637 0.3892875015735626 0
1716545496663 0.3891667015850544 0
1716545496690 0.38907480984926224 0
1716545496717 0.38897064328193665 0
