1730456016776 0.6853096894919872 0
1730456016815 0.6822484880685806 0
1730456016853 0.678835503757 0
1730456016892 0.6746672950685024 0
1730456016929 0.6693200096487999 0
1730456016965 0.6621744111180305 0
1730456017002 0.6524616368114948 0
1730456017039 0.639523983001709 0
1730456017076 0.6230348460376263 0
1730456017113 0.6029493995010853 0
1730456017151 0.579632505774498 0
1730456017188 0.5537339076399803 0
1730456017225 0.5263469852507114 0
1730456017262 0.49927819333970547 0
1730456017299 0.4744003489613533 0
1730456017336 0.4530774876475334 0
1730456017376 0.43604704178869724 0
1730456017417 0.423248203471303 0
1730456017454 0.41428888589143753 0
1730456017495 0.4081510156393051 0
1730456017534 0.40393832698464394 0
1730456017571 0.40085611306130886 0
1730456017608 0.398527180776 0
1730456017645 0.39681658521294594 0
1730456017682 0.3956134747713804 0
1730456017719 0.3947182968258858 0
1730456017756 0.3940910305827856 0
1730456017793 0.3936153966933489 0
1730456017829 0.3932527992874384 0
1730456017866 0.3929728474467993 0
1730456017902 0.3927596639841795 0
1730456017940 0.3925818633288145 0
1730456017977 0.39242796786129475 0
1730456018019 0.392321540042758 0
1730456018058 0.39223034866154194 0
1730456018103 0.39213995821774006 0
1730456018146 0.392068300396204 0
1730456018190 0.39201139099895954 0
1730456018231 0.3919410053640604 0
1730456018274 0.3918833080679178 0
1730456018316 0.39184199273586273 0
1730456018358 0.3917870484292507 0
1730456018396 0.39174256287515163 0
1730456018434 0.39169576950371265 0
1730456018471 0.3916603550314903 0
1730456018508 0.39160492457449436 0
1730456018544 0.3915693201124668 0
1730456018581 0.39153317362070084 0
1730456018619 0.3914824239909649 0
1730456018656 0.3914456982165575 0
1730456018693 0.391410069540143 0
1730456018731 0.3913624696433544 0
