1702030268745 0.6955175772309303 0
1702030268779 0.6852837651968002 0
1702030268809 0.6695473566651344 0
1702030268840 0.6441949158906937 0
1702030268872 0.606634110212326 0
1702030268901 0.5572793707251549 0
1702030268930 0.5012730918824673 0
1702030268960 0.45160066708922386 0
1702030268990 0.4205811880528927 0
1702030269020 0.40734608843922615 0
1702030269049 0.401282399892807 0
1702030269080 0.39679575711488724 0
1702030269110 0.3940479904413223 0
1702030269141 0.3928777910768986 0
1702030269171 0.3924415856599808 0
1702030269202 0.3921875134110451 0
1702030269232 0.3919690139591694 0
1702030269264 0.3918415568768978 0
1702030269293 0.3917720206081867 0
1702030269323 0.3917115591466427 0
1702030269353 0.39161764830350876 0
1702030269384 0.39151299744844437 0
1702030269412 0.3914519250392914 0
1702030269446 0.39134669676423073 0
1702030269477 0.39122771099209785 0
1702030269510 0.3911326490342617 0
1702030269541 0.39103617891669273 0
1702030269573 0.3909323513507843 0
1702030269623 0.3908025696873665 0
