1702030268750 0.7969387769699097 0
1702030268785 0.8122448921203613 0
1702030268815 0.8051020503044128 0
1702030268846 0.8153061270713806 0
1702030268878 0.8020408153533936 0
1702030268906 0.8071428537368774 0
1702030268936 0.7857142686843872 0
1702030268965 0.7795918583869934 0
1702030268996 0.781632661819458 0
1702030269025 0.7969387769699097 0
1702030269055 0.8010203838348389 0
1702030269086 0.831632673740387 0
1702030269116 0.859183669090271 0
1702030269146 0.9020408391952515 0
1702030269177 0.9255102276802063 0
1702030269208 0.9510204195976257 0
1702030269238 0.9622448682785034 0
1702030269269 0.9704081416130066 0
1702030269298 0.9612244963645935 0
1702030269328 0.9857142567634583 0
1702030269359 1.0020408630371094 0
1702030269389 1.0214285850524902 0
1702030269420 1.0102040767669678 0
1702030269451 1.0244897603988647 0
1702030269482 1.0275510549545288 0
1702030269516 1.036734700202942 0
1702030269547 1.0591837167739868 0
1702030269582 1.0693877935409546 0
1702030269632 1.077551007270813 0
