1714731279285 0.7987987995147705 0
1714731279345 0.7977977991104126 0
1714731279429 0.7837837934494019 0
1714731279480 0.8088088035583496 0
1714731279530 0.7997997999191284 0
1714731279581 0.8088088035583496 0
1714731279631 0.8148148059844971 0
1714731279682 0.8848848938941956 0
1714731279731 0.9099099040031433 0
1714731279781 0.9279279112815857 0
1714731279831 0.9149149060249329 0
1714731279880 0.9439439177513123 0
1714731279932 0.9639639854431152 0
1714731279986 0.9689689874649048 0
1714731280045 0.9969969987869263 0
1714731280107 1.001001000404358 0
1714731280159 1.0270270109176636 0
1714731280261 1.0370370149612427 0
1714731280327 1.068068027496338 0
1714731280382 1.117117166519165 0
1714731280432 1.128128170967102 0
1714731280482 1.1251251697540283 0
1714731280533 1.1341341733932495 0
1714731280582 1.1571571826934814 0
1714731280632 1.2002002000808716 0
1714731280685 1.2122122049331665 0
1714731280744 1.2442442178726196 0
