1715335939034 0.689652131870389 0
1715335939101 0.6782246977090836 0
1715335939166 0.6572994254529476 0
1715335939286 0.6140515748411417 0
1715335939370 0.5429103597998619 0
1715335939460 0.4654223518446088 0
1715335939545 0.4180409284308553 0
1715335939816 0.401904602535069 0
1715335939894 0.3968571862205863 0
1715335940075 0.3948250887915492 0
1715335940162 0.39349774923175573 0
1715335940239 0.3928465759381652 0
1715335940442 0.3925008187070489 0
1715335940526 0.392247823998332 0
1715335940613 0.39213129319250584 0
1715335940733 0.39189514238387346 0
1715335940820 0.39181054290384054 0
1715335940896 0.3917522123083472 0
1715335940980 0.3916741646826267 0
