1706263833451 0.6905992646371165 0
1706263833510 0.6697853034542453 0
1706263833568 0.6115485622036841 0
1706263833627 0.4987998614388128 0
1706263833684 0.4170161562581216 0
1706263833744 0.39878982305526733 0
1706263833804 0.3943096908830827 0
1706263833864 0.39308292058206373 0
1706263833924 0.3926560244252605 0
1706263833983 0.39242738966018925 0
1706263834043 0.3922844836788793 0
1706263834113 0.3921725480787216 0
1706263834197 0.3920220569256813 0
1706263834257 0.3919094656744311 0
1706263834317 0.391835815483524 0
1706263834378 0.39163127829951627 0
1706263834436 0.39149628531548286 0
