1706263833458 0.8062880039215088 0
1706263833517 0.8002028465270996 0
1706263833575 0.7819472551345825 0
1706263833634 0.7535496950149536 0
1706263833691 0.7606490850448608 0
1706263833752 0.7809330821037292 0
1706263833811 0.8245435953140259 0
1706263833871 0.866125762462616 0
1706263833931 0.9137930870056152 0
1706263833991 0.9269776940345764 0
1706263834050 0.9462474584579468 0
1706263834141 0.9462474584579468 0
1706263834204 0.976673424243927 0
1706263834264 1.001014232635498 0
1706263834324 0.9908722043037415 0
1706263834385 1.0111562013626099 0
1706263834443 1.0091277360916138 0
