1701425479835 0.6487142001428912 0
1701425479892 0.4669572845582039 0
1701425479964 0.39813438538582097 0
1701425480047 0.39323145824093975 0
1701425480123 0.39271066554131046 0
1701425480184 0.39230871777380666 0
1701425480242 0.39199582895924967 0
1701425480303 0.3917813291472773 0
1701425480367 0.39138977277663445 0
1701425480424 0.3910476286565104 0
1701425480482 0.39063895325506887 0
1701425480542 0.39023128824849285 0
1701425480606 0.38980073313559255 0
1701425480673 0.3892793357372284 0
1701425480749 0.38880808795652083 0
1701425480829 0.38806393838697867 0
1701425480896 0.38747095196477827 0
1701425480967 0.3868456627092054 0
