1712916720121 0.8062248826026917 0
1712916720168 0.814257025718689 0
1712916720214 0.8192771077156067 0
1712916720259 0.8122490048408508 0
1712916720304 0.7951807379722595 0
1712916720350 0.8062248826026917 0
1712916720396 0.7901606559753418 0
1712916720442 0.8032128810882568 0
1712916720595 0.8604417443275452 0
1712916720646 0.9206827282905579 0
1712916720700 0.9246987700462341 0
1712916720745 0.9497991800308228 0
1712916720790 0.9668674468994141 0
1712916720836 0.9578313231468201 0
1712916720881 0.9979919791221619 0
1712916720966 0.990963876247406 0
1712916721014 1.0140562057495117 0
1712916721077 1.0632530450820923 0
1712916721130 1.0411646366119385 0
1712916721182 1.0582329034805298 0
1712916721529 1.0873494148254395 0
1712916721595 1.0933735370635986 0
1712916721647 1.128514051437378 0
1712916721694 1.1164658069610596 0
1712916721740 1.1164658069610596 0
1712916721785 1.1435742378234863 0
1712916721830 1.1807228326797485 0
1712916721877 1.2018072605133057 0
1712916721944 1.2108433246612549 0
1712916721995 1.2068272829055786 0
1712916722046 1.247991919517517 0
1712916722094 1.247991919517517 0
1712916722140 1.3002008199691772 0
1712916722187 1.3112449645996094 0
