1712916720112 0.6790045499801636 0
1712916720160 0.6553728394210339 0
1712916720206 0.608838215470314 0
1712916720251 0.5344108883291483 0
1712916720296 0.45721946097910404 0
1712916720341 0.4163832012563944 0
1712916720388 0.402969254180789 0
1712916720433 0.39650237932801247 0
1712916720586 0.3939387667924166 0
1712916720635 0.3929053321480751 0
1712916720690 0.392392186447978 0
1712916720737 0.3921845890581608 0
1712916720782 0.3919363245368004 0
1712916720828 0.3918079659342766 0
1712916720873 0.3916673883795738 0
1712916720957 0.3915665466338396 0
1712916721005 0.3913963604718447 0
1712916721063 0.3912411853671074 0
1712916721122 0.3911526966840029 0
1712916721172 0.3910684213042259 0
1712916721505 0.39083998277783394 0
1712916721584 0.3906834330409765 0
1712916721638 0.3905771914869547 0
1712916721685 0.39043533243238926 0
1712916721731 0.39024043269455433 0
1712916721777 0.39004959911108017 0
1712916721822 0.3898680582642555 0
1712916721868 0.389694144949317 0
1712916721935 0.38943866826593876 0
1712916721986 0.3891763649880886 0
1712916722037 0.38897995091974735 0
1712916722086 0.3887560199946165 0
1712916722132 0.3884691558778286 0
1712916722178 0.388217618688941 0
