1721383886757 0.6924938373267651 0
1721383886799 0.6868200041353703 0
1721383886838 0.6790159307420254 0
1721383886877 0.6670234426856041 0
1721383886915 0.6482217982411385 0
1721383886954 0.6206278465688229 0
1721383886993 0.5841552838683128 0
1721383887042 0.5415192134678364 0
1721383887084 0.4971614833921194 0
1721383887126 0.4579009935259819 0
1721383887174 0.42967825196683407 0
1721383887254 0.41324933990836143 0
1721383887294 0.40470801293849945 0
1721383887333 0.4003756530582905 0
1721383887373 0.39780043810606003 0
1721383887412 0.3960965797305107 0
1721383887451 0.3949026130139828 0
1721383887490 0.39407607167959213 0
1721383887532 0.39353765174746513 0
1721383887571 0.39311123825609684 0
1721383887609 0.39276592433452606 0
1721383887648 0.3925681412220001 0
1721383887687 0.39238241873681545 0
1721383887727 0.3922998011112213 0
1721383887767 0.39215410873293877 0
1721383887807 0.39207071252167225 0
1721383887845 0.39197672344744205 0
1721383887884 0.391897389665246 0
1721383887922 0.3918198999017477 0
1721383887961 0.3917734883725643 0
1721383888001 0.3917199205607176 0
1721383888040 0.3916426431387663 0
1721383888078 0.3915903139859438 0
1721383888121 0.39151905849575996 0
1721383888162 0.3914494849741459 0
1721383888206 0.39138172194361687 0
1721383888250 0.3913062158972025 0
1721383888291 0.3912635203450918 0
1721383888357 0.3911907412111759 0
1721383888396 0.39110243506729603 0
1721383888435 0.39103431813418865 0
1721383888473 0.3909720480442047 0
