1687515106262 0.6820758004983266 0
1687515106446 0.5932303428649902 0
1687515106661 0.4284679234027863 0
1687515106796 0.3953595836957296 0
1687515106912 0.392444035410881 0
1687515106988 0.39205876688162483 0
1687515107066 0.3917950034141541 0
1687515107141 0.39150065183639526 0
1687515107407 0.39123065570990245 0
1687515107510 0.3909239182869593 0
1687515107690 0.39065912266572317 0
1687515107817 0.39031091531117756 0
1687515108093 0.3899961074193319 0
1687515108198 0.3896143188079198 0
1687515108297 0.3892095933357875 0
