1687515106274 0.831941545009613 0
1687515106450 0.8382046222686768 0
1687515106679 0.8413361310958862 0
1687515106801 0.9123173356056213 0
1687515106916 0.9926931262016296 0
1687515106993 1.0250521898269653 0
1687515107070 1.0031315088272095 0
1687515107145 1.0845510959625244 0
1687515107428 1.1409186124801636 0
1687515107514 1.1680585145950317 0
1687515107694 1.185803771018982 0
1687515107822 1.2369519472122192 0
1687515108103 1.2286012172698975 0
1687515108203 1.3256784677505493 0
1687515108302 1.343423843383789 0
