1708683040127 0.6881152130663395 0
1708683040182 0.6745378002524376 0
1708683040236 0.6490798145532608 0
1708683040275 0.6018090099096298 0
1708683040314 0.5306256357580423 0
1708683040353 0.45802469924092293 0
1708683040392 0.41542643681168556 0
1708683040430 0.40177502296864986 0
1708683040470 0.3961914610117674 0
1708683040512 0.3938320893794298 0
1708683040554 0.39275619201362133 0
1708683040593 0.3921977635473013 0
1708683040632 0.39195728674530983 0
1708683040673 0.3917598035186529 0
1708683040711 0.39165736734867096 0
1708683040750 0.39146212115883827 0
1708683040790 0.3913432415574789 0
1708683040830 0.3911955803632736 0
1708683040869 0.3911154605448246 0
1708683040906 0.3909096922725439 0
1708683040945 0.3907596804201603 0
