1700215806335 0.772773802280426 0
1700215806365 0.7922210693359375 0
1700215806393 0.7871033549308777 0
1700215806421 0.7942681908607483 0
1700215806450 0.7973387837409973 0
1700215806478 0.7993858456611633 0
1700215806506 0.7932446002960205 0
1700215806536 0.8239508867263794 0
1700215806565 0.9150460362434387 0
1700215806593 0.9314227104187012 0
1700215806621 0.9437052011489868 0
1700215806649 0.9662231206893921 0
1700215806677 1.0 0
1700215806705 1.0409417152404785 0
1700215806733 1.0470829010009766 0
1700215806763 1.0736949443817139 0
1700215806793 1.0859774351119995 0
1700215806821 1.1207778453826904 0
1700215806849 1.1095188856124878 0
1700215806877 1.161719560623169 0
1700215806904 1.166837215423584 0
