1700215806330 0.6852841265499592 0
1700215806360 0.6565536744892597 0
1700215806388 0.5966695100069046 0
1700215806416 0.5094231013208628 0
1700215806445 0.43401955999433994 0
1700215806473 0.40469050221145153 0
1700215806501 0.39746165834367275 0
1700215806531 0.39426154270768166 0
1700215806560 0.3929685913026333 0
1700215806588 0.3923149090260267 0
1700215806617 0.3920533247292042 0
1700215806644 0.39183748699724674 0
1700215806672 0.39176969416439533 0
1700215806700 0.3915387373417616 0
1700215806729 0.39140358567237854 0
1700215806757 0.3911977391690016 0
1700215806788 0.3910532705485821 0
1700215806816 0.39085541293025017 0
1700215806844 0.3906414154917002 0
1700215806872 0.3904576525092125 0
1700215806900 0.39026167802512646 0
