1700820629035 0.6741554506363407 0
1700820629074 0.6276280264700612 0
1700820629114 0.5307091580283257 0
1700820629153 0.4419091170833957 0
1700820629193 0.4095822899572311 0
1700820629231 0.39874465234817996 0
1700820629271 0.3946974258269033 0
1700820629314 0.3932158475922 0
1700820629360 0.3924514132161294 0
1700820629412 0.39217470730504683 0
1700820629460 0.3919619571778082 0
1700820629506 0.391735170156725 0
1700820629545 0.3916072720481503 0
1700820629583 0.3913873520589644 0
1700820629622 0.3912218645695717 0
