1700820629040 0.774820864200592 0
1700820629079 0.7768679857254028 0
1700820629119 0.7881269454956055 0
1700820629158 0.7983623147010803 0
1700820629198 0.810644805431366 0
1700820629237 0.836233377456665 0
1700820629276 0.8474923372268677 0
1700820629320 0.937563955783844 0
1700820629367 0.9539406299591064 0
1700820629419 0.9396110773086548 0
1700820629467 0.9467758536338806 0
1700820629511 1.001023530960083 0
1700820629550 1.0163766145706177 0
1700820629588 1.0112589597702026 0
1700820629627 1.0634595155715942 0
