1692353433731 0.6855071373283863 0
1692353433778 0.6769848018884659 0
1692353433824 0.661666464060545 0
1692353433870 0.6310701407492161 0
1692353433917 0.576529111713171 0
1692353433963 0.502452639862895 0
1692353434009 0.4362720251083374 0
1692353434053 0.40586966276168823 0
1692353434098 0.3984334487468004 0
1692353434143 0.39504119753837585 0
1692353434188 0.39347424171864986 0
1692353434233 0.3928370513021946 0
1692353434279 0.392248896881938 0
1692353434323 0.39226449467241764 0
1692353434367 0.3923206087201834 0
1692353434411 0.3921251054853201 0
1692353434456 0.39204285107553005 0
1692353434501 0.3919301014393568 0
1692353434547 0.3920623045414686 0
