1702635041578 0.8685015439987183 0
1702635041627 0.866462767124176 0
1702635041676 0.8644240498542786 0
1702635041724 0.8654434084892273 0
1702635041772 0.9673802256584167 0
1702635041821 0.9918450713157654 0
1702635041870 1.0101937055587769 0
1702635041919 1.0468909740447998 0
1702635041968 1.1060142517089844 0
1702635042016 1.126401662826538 0
1702635042065 1.147808313369751 0
1702635042113 1.156982660293579 0
1702635042161 1.2680938243865967 0
1702635042210 1.2905198335647583 0
1702635042258 1.3904179334640503 0
