1711102281464 0.681847520172596 0
1711102281500 0.6726263239979744 0
1711102281536 0.6600190103054047 0
1711102281571 0.6410705372691154 0
1711102281603 0.6129576936364174 0
1711102281637 0.5737121403217316 0
1711102281681 0.5259746611118317 0
1711102281726 0.4769938588142395 0
1711102281777 0.43859895691275597 0
1711102281821 0.4169939011335373 0
1711102281859 0.4072662442922592 0
1711102281896 0.40122298896312714 0
1711102281930 0.3968724049627781 0
1711102281966 0.3943118266761303 0
1711102282000 0.3931868262588978 0
1711102282037 0.39257991686463356 0
1711102282073 0.3922004774212837 0
1711102282109 0.3920230120420456 0
1711102282148 0.3919195979833603 0
1711102282186 0.39177628234028816 0
1711102282226 0.39172517135739326 0
1711102282270 0.3916568085551262 0
1711102282316 0.3915315009653568 0
1711102282350 0.3914617747068405 0
