1718359874441 0.6857386883348227 0
1718359874722 0.5793049307540059 0
1718359874772 0.42970538698136806 0
1718359874829 0.39729824010282755 0
1718359874991 0.3929291283711791 0
1718359875046 0.3923942046239972 0
1718359875144 0.39209827315062284 0
1718359875229 0.3918455634266138 0
1718359875288 0.3915514051914215 0
1718359875341 0.39117667730897665 0
1718359875398 0.3906776951625943 0
1718359875446 0.3903426695615053 0
1718359875617 0.38979871943593025 0
1718359875668 0.3893674863502383 0
1718359875719 0.38889423850923777 0
1718359875770 0.38822972401976585 0
1718359875829 0.38762794714421034 0
