1718359874456 0.8396414518356323 0
1718359874731 0.8227091431617737 0
1718359874783 0.8276892304420471 0
1718359874838 0.886454164981842 0
1718359875000 0.9153386354446411 0
1718359875056 0.9561753273010254 0
1718359875155 0.9661354422569275 0
1718359875239 1.015936255455017 0
1718359875297 1.0507968664169312 0
1718359875351 1.081673264503479 0
1718359875405 1.1474103927612305 0
1718359875455 1.2051793336868286 0
1718359875626 1.243027925491333 0
1718359875676 1.2599601745605469 0
1718359875727 1.3167331218719482 0
1718359875779 1.3635457754135132 0
1718359875964 1.416334629058838 0
