1705659055110 0.6829362288117409 0
1705659055140 0.6572127640247345 0
1705659055170 0.6038986034691334 0
1705659055200 0.5175857562571764 0
1705659055229 0.43570159561932087 0
1705659055260 0.40556731075048447 0
1705659055289 0.3969445824623108 0
1705659055318 0.39377303421497345 0
1705659055348 0.39287951961159706 0
1705659055420 0.39258899353444576 0
1705659055450 0.3923827949911356 0
1705659055485 0.39235199242830276 0
1705659055553 0.39226682111620903 0
1705659055583 0.39211256988346577 0
1705659055612 0.392045471817255 0
1705659055641 0.3918450940400362 0
1705659055670 0.39178413338959217 0
1705659055699 0.39179860800504684 0
1705659055728 0.391597518697381 0
1705659055763 0.3914343975484371 0
1705659055792 0.3913273960351944 0
