1706868680478 0.6923065707087517 0
1706868680520 0.6673175096511841 0
1706868680561 0.6205789521336555 0
1706868680602 0.5423202030360699 0
1706868680643 0.45337720215320587 0
1706868680684 0.40876060724258423 0
1706868680725 0.3992525115609169 0
1706868680766 0.39483351446688175 0
1706868680807 0.3932653497904539 0
1706868680849 0.39282144606113434 0
1706868680890 0.3925824537873268 0
1706868680931 0.39242674969136715 0
1706868680971 0.3923858441412449 0
1706868681013 0.39226527325809 0
1706868681054 0.3922124020755291 0
1706868681095 0.3920874986797571 0
1706868681136 0.3919158149510622 0
1706868681177 0.39182659424841404 0
1706868681219 0.39177062176167965 0
1706868681260 0.391646645963192 0
1706868681302 0.3916014898568392 0
1706868681341 0.3913890812546015 0
1706868681382 0.3913765586912632 0
1706868681422 0.39116341806948185 0
1706868681463 0.3911084197461605 0
1706868681504 0.3909396883100271 0
1706868681544 0.39083175361156464 0
1706868681584 0.39064170606434345 0
1706868681625 0.3904824089258909 0
1706868681667 0.3903776314109564 0
1706868681708 0.3902591038495302 0
1706868681749 0.38998591899871826 0
1706868681790 0.3898211792111397 0
1706868681831 0.389660844579339 0
1706868681871 0.3893710933625698 0
