1706868680486 0.8095238208770752 0
1706868680527 0.8105369806289673 0
1706868680569 0.8176291584968567 0
1706868680609 0.8125633001327515 0
1706868680650 0.7983789443969727 0
1706868680691 0.8115501403808594 0
1706868680732 0.8135765194892883 0
1706868680773 0.8378925919532776 0
1706868680814 0.87132728099823 0
1706868680856 0.8844984769821167 0
1706868680897 0.8996960520744324 0
1706868680938 0.9179331064224243 0
1706868680978 0.9240121841430664 0
1706868681020 0.9280648231506348 0
1706868681061 0.9240121841430664 0
1706868681102 0.957446813583374 0
1706868681143 0.9635258316993713 0
1706868681184 0.9675785303115845 0
1706868681227 0.9716312289237976 0
1706868681267 0.9868287444114685 0
1706868681309 0.9949341416358948 0
1706868681348 1.0111448764801025 0
1706868681389 1.0131711959838867 0
1706868681429 1.021276593208313 0
1706868681470 1.0466058254241943 0
1706868681511 1.0668692588806152 0
1706868681551 1.0709220170974731 0
1706868681591 1.0830800533294678 0
1706868681633 1.0790274143218994 0
1706868681674 1.1256332397460938 0
1706868681715 1.12867271900177 0
1706868681756 1.1732522249221802 0
1706868681798 1.1783181428909302 0
1706868681838 1.175278663635254 0
1706868681879 1.171225905418396 0
