1688119868043 0.807090699672699 0
1688119868072 0.816475510597229 0
1688119868099 0.807090699672699 0
1688119868126 0.8060479760169983 0
1688119868152 0.8029196858406067 0
1688119868180 0.7883211970329285 0
1688119868210 0.8091762065887451 0
1688119868240 0.7945776581764221 0
1688119868269 0.7966631650924683 0
1688119868296 0.7716371417045593 0
1688119868324 0.7841501832008362 0
1688119868353 0.7747653722763062 0
1688119868383 0.7716371417045593 0
1688119868409 0.7653806209564209 0
1688119868435 0.7539103031158447 0
1688119868462 0.7486965656280518 0
1688119868489 0.738269031047821 0
1688119868515 0.7497392892837524 0
1688119868542 0.7476537823677063 0
1688119868568 0.7486965656280518 0
1688119868596 0.7570385932922363 0
1688119868622 0.7601668238639832 0
1688119868649 0.758081316947937 0
1688119868676 0.7632951140403748 0
1688119868702 0.7591241002082825 0
1688119868729 0.752867579460144 0
1688119868757 0.7685088515281677 0
1688119868787 0.7612096071243286 0
1688119868815 0.7810218930244446 0
1688119868842 0.7862356901168823 0
1688119868873 0.792492151260376 0
1688119868900 0.8112617135047913 0
1688119868926 0.8081334829330444 0
1688119868952 0.8143900036811829 0
1688119868980 0.8373305797576904 0
1688119869007 0.8467153310775757 0
1688119869034 0.8456725478172302 0
1688119869061 0.8769551515579224 0
1688119869088 0.8790406584739685 0
1688119869115 0.8759124279022217 0
1688119869142 0.8925964832305908 0
1688119869174 0.8925964832305908 0
1688119869201 0.8988529443740845 0
1688119869229 0.9124087691307068 0
1688119869256 0.9290928244590759 0
1688119869288 0.9343065619468689 0
1688119869316 0.9270073175430298 0
1688119869342 0.9301355481147766 0
1688119869370 0.9165797829627991 0
1688119869396 0.9290928244590759 0
1688119869422 0.9405630826950073 0
1688119869449 0.9478623270988464 0
1688119869477 0.9530761241912842 0
1688119869503 0.9687173962593079 0
1688119869529 0.9749739170074463 0
1688119869556 0.9874869585037231 0
1688119869583 0.9906152486801147 0
1688119869612 1.0093847513198853 0
1688119869639 0.9968717694282532 0
1688119869666 1.0135557651519775 0
1688119869693 1.0083420276641846 0
1688119869719 1.0187695026397705 0
1688119869745 1.029197096824646 0
