1699006281525 0.8092307448387146 0
1699006281571 0.8205128312110901 0
1699006281616 0.798974335193634 0
1699006281659 0.8071795105934143 0
1699006281704 0.8123077154159546 0
1699006281748 0.802051305770874 0
1699006281793 0.7938461303710938 0
1699006281836 0.7969231009483337 0
1699006281880 0.7794871926307678 0
1699006281924 0.7958974242210388 0
1699006281969 0.798974335193634 0
1699006282014 0.8010256290435791 0
1699006282057 0.7979487180709839 0
1699006282101 0.8246153593063354 0
1699006282149 0.8471794724464417 0
1699006282198 0.8533333539962769 0
1699006282243 0.8646153807640076 0
1699006282289 0.9025641083717346 0
1699006282335 0.8964102268218994 0
1699006282380 0.9230769276618958 0
1699006282424 0.9271795153617859 0
1699006282466 0.945641040802002 0
1699006282510 0.945641040802002 0
1699006282555 0.9682051539421082 0
1699006282599 0.9651281833648682 0
1699006282643 0.9712820649147034 0
1699006282687 0.9958974123001099 0
1699006282732 1.0030769109725952 0
