1704449402211 0.693028099834919 0
1704449402245 0.6634477600455284 0
1704449402277 0.596088707447052 0
1704449402309 0.4815119802951813 0
1704449402340 0.4070710055530071 0
1704449402372 0.4084671251475811 0
1704449402403 0.39510592445731163 0
1704449402439 0.3938966318964958 0
1704449402472 0.39313212782144547 0
1704449402508 0.39218439161777496 0
1704449402549 0.3920317217707634 0
1704449402583 0.39166004583239555 0
1704449402618 0.39143142476677895 0
1704449402648 0.3912278339266777 0
1704449402679 0.39103420078754425 0
1704449402709 0.3907944783568382 0
1704449402739 0.3905319832265377 0
1704449402771 0.39022212103009224 0
1704449402803 0.3899439424276352 0
1704449402836 0.38962067663669586 0
1704449402871 0.38925401866436005 0
1704449402903 0.38883044943213463 0
1704449402937 0.3885614834725857 0
1704449402968 0.38800568506121635 0
1704449403002 0.3875943571329117 0
1704449403034 0.3869987055659294 0
1704449403066 0.3864959515631199 0
1704449403095 0.38581186905503273 0
1704449403126 0.38520391657948494 0
