1704449402217 0.8209562301635742 0
1704449402250 0.8535096645355225 0
1704449402283 0.8280773162841797 0
1704449402315 0.8158698081970215 0
1704449402345 0.8341810703277588 0
1704449402377 0.856561541557312 0
1704449402408 0.9277721047401428 0
1704449402445 0.906408965587616 0
1704449402479 0.9237029552459717 0
1704449402515 0.9715157747268677 0
1704449402555 0.9867751598358154 0
1704449402589 1.0132248401641846 0
1704449402623 1.0508646965026855 0
1704449402654 1.075279712677002 0
1704449402685 1.1129196882247925 0
1704449402715 1.099694848060608 0
1704449402745 1.1617497205734253 0
1704449402777 1.1851475238800049 0
1704449402809 1.2156662940979004 0
1704449402842 1.234994888305664 0
1704449402877 1.28280770778656 0
1704449402909 1.3397761583328247 0
1704449402942 1.3438453674316406 0
1704449402974 1.4048830270767212 0
1704449403008 1.4862664937973022 0
1704449403040 1.4893183708190918 0
1704449403071 1.5483214855194092 0
1704449403101 1.607324481010437 0
1704449403132 1.6531027555465698 0
