1714731278133 0.6884006857872009 0
1714731278196 0.6604504659771919 0
1714731278259 0.5894920788705349 0
1714731278375 0.4690162669867277 0
1714731278483 0.4011303447186947 0
1714731278548 0.39552464336156845 0
1714731278611 0.39255959540605545 0
1714731278673 0.39223445393145084 0
1714731278735 0.39199227653443813 0
1714731278798 0.3917602952569723 0
1714731278859 0.3915567845106125 0
1714731278923 0.39141638204455376 0
1714731278987 0.3911618571728468 0
1714731279051 0.390935817733407 0
1714731279126 0.39066071808338165 0
