1714731278142 0.804804801940918 0
1714731278205 0.8228228092193604 0
1714731278267 0.8328328132629395 0
1714731278384 0.8028028011322021 0
1714731278492 0.8288288116455078 0
1714731278556 0.879879891872406 0
1714731278619 0.8958958983421326 0
1714731278681 0.9389389157295227 0
1714731278743 0.9689689874649048 0
1714731278806 1.0310310125350952 0
1714731278868 1.056056022644043 0
1714731278932 1.0460460186004639 0
1714731278995 1.0810810327529907 0
1714731279059 1.1151151657104492 0
1714731279167 1.1341341733932495 0
