1718964666373 0.6878132820129395 0
1718964666407 0.6778714396059513 0
1718964666442 0.6649206429719925 0
1718964666478 0.6451207138597965 0
1718964666513 0.6125924661755562 0
1718964666610 0.5632448606193066 0
1718964666655 0.5019063781946898 0
1718964666700 0.44655160419642925 0
1718964666748 0.41364478692412376 0
1718964666791 0.4012944158166647 0
1718964666840 0.39693479984998703 0
1718964666884 0.3947510998696089 0
1718964666926 0.39364552684128284 0
1718964666975 0.3930515684187412 0
1718964667017 0.3927765376865864 0
1718964667058 0.3925817795097828 0
1718964667180 0.39247408881783485 0
