1694772623435 0.8204334378242493 0
1694772623488 0.7997936010360718 0
1694772623543 0.8142414689064026 0
1694772623596 0.7946336269378662 0
1694772623650 0.7997936010360718 0
1694772623703 0.7997936010360718 0
1694772623760 0.826625406742096 0
1694772623814 0.8400412797927856 0
1694772623868 0.8555211424827576 0
1694772623922 0.8833849430084229 0
1694772623975 0.9287925958633423 0
1694772624029 0.9453044533729553 0
1694772624084 0.9370484948158264 0
1694772624137 0.968008279800415 0
1694772624193 0.9494324326515198 0
1694772624251 0.9762641787528992 0
1694772624337 0.9989680051803589 0
1694772624392 0.9938080310821533 0
1694772624450 1.0206397771835327 0
1694772624503 1.0268317461013794 0
1694772624558 1.058823585510254 0
1694772624612 1.0608874559402466 0
1694772624665 1.0712074041366577 0
1694772624719 1.0701754093170166 0
1694772624774 1.1135190725326538 0
1694772624828 1.1104230880737305 0
1694772624882 1.114551067352295 0
1694772624937 1.1382869482040405 0
1694772624991 1.1640866994857788 0
1694772625045 1.180598497390747 0
1694772625097 1.2033023834228516 0
1694772625151 1.189886450767517 0
1694772625206 1.2291021347045898 0
