1731060772419 0.6925975307822227 0
1731060772464 0.6886439099907875 0
1731060772507 0.6844375804066658 0
1731060772552 0.6796687245368958 0
1731060772597 0.673974484205246 0
1731060772642 0.6669325903058052 0
1731060772686 0.6580113992094994 0
1731060772730 0.646734744310379 0
1731060772775 0.6325159668922424 0
1731060772819 0.6148776188492775 0
1731060772863 0.5935814529657364 0
1731060772907 0.5685661286115646 0
1731060772950 0.5404807403683662 0
1731060772993 0.5104555785655975 0
1731060773039 0.480569701641798 0
1731060773082 0.4532919228076935 0
1731060773127 0.43102676048874855 0
1731060773169 0.4150601103901863 0
1731060773212 0.4051966033875942 0
1731060773255 0.3999287523329258 0
1731060773297 0.3973378390073776 0
1731060773339 0.3959743231534958 0
1731060773381 0.395025797188282 0
1731060773422 0.39430592209100723 0
1731060773464 0.3937497027218342 0
1731060773506 0.39338329434394836 0
1731060773548 0.39307715371251106 0
1731060773589 0.3928525075316429 0
1731060773630 0.39269086346030235 0
1731060773672 0.3925708793103695 0
1731060773714 0.3924763575196266 0
1731060773756 0.3923986442387104 0
1731060773806 0.3923344984650612 0
1731060773854 0.3922813609242439 0
1731060773897 0.39222652092576027 0
1731060773941 0.39217302203178406 0
1731060773983 0.3921308144927025 0
1731060774046 0.39208749309182167 0
