1696587088044 0.7716049551963806 0
1696587088106 0.7942386865615845 0
1696587088167 0.8127571940422058 0
1696587088228 0.9063786268234253 0
1696587088288 0.9485596418380737 0
1696587088348 0.9619341492652893 0
1696587088410 0.9732510447502136 0
1696587088472 0.9855967164039612 0
1696587088533 1.0329217910766602 0
1696587088593 1.0751029253005981 0
1696587088675 1.0576131343841553 0
1696587088744 1.0751029253005981 0
1696587088806 1.1543209552764893 0
1696587088872 1.1903291940689087 0
1696587088932 1.23353910446167 0
1696587088993 1.2510287761688232 0
1696587089055 1.2644033432006836 0
1696587089120 1.2788065671920776 0
1696587089181 1.3816872835159302 0
1696587089241 1.3744856119155884 0
1696587089301 1.3981481790542603 0
1696587089373 1.4639917612075806 0
1696587089436 1.4804526567459106 0
