1707473414864 0.6933157071471214 0
1707473414892 0.6908629238605499 0
1707473414918 0.6883087679743767 0
1707473414945 0.6855576410889626 0
1707473414972 0.6826297119259834 0
1707473414999 0.6792564392089844 0
1707473415026 0.67542315274477 0
1707473415054 0.6710371673107147 0
1707473415083 0.6659933403134346 0
1707473415112 0.6600037142634392 0
1707473415140 0.6529737934470177 0
1707473415167 0.6448146626353264 0
1707473415194 0.6354952603578568 0
1707473415220 0.624567337334156 0
1707473415248 0.6121277138590813 0
1707473415279 0.597962498664856 0
1707473415310 0.5822209715843201 0
1707473415339 0.5650108382105827 0
1707473415366 0.5465022921562195 0
1707473415392 0.527235634624958 0
1707473415418 0.5077279284596443 0
1707473415445 0.4885186553001404 0
1707473415473 0.47040654346346855 0
1707473415498 0.45411115512251854 0
1707473415528 0.4398633725941181 0
1707473415561 0.4282263144850731 0
1707473415588 0.4190383777022362 0
1707473415617 0.41228535026311874 0
1707473415646 0.4073367938399315 0
1707473415676 0.403773482888937 0
1707473415702 0.4012155495584011 0
1707473415728 0.39954688027501106 0
1707473415755 0.3980989307165146 0
1707473415781 0.3971041776239872 0
1707473415808 0.39633672311902046 0
1707473415835 0.39557691663503647 0
1707473415863 0.39506804198026657 0
1707473415894 0.3946167677640915 0
1707473415922 0.39426398649811745 0
1707473415951 0.39388516172766685 0
1707473415982 0.39356832206249237 0
1707473416009 0.39332664012908936 0
1707473416038 0.3931984454393387 0
1707473416066 0.39304332062602043 0
1707473416094 0.3928884491324425 0
1707473416123 0.3927627354860306 0
1707473416152 0.39268314093351364 0
1707473416185 0.392589945346117 0
1707473416212 0.3924953490495682 0
1707473416240 0.39245304092764854 0
1707473416268 0.3923788480460644 0
1707473416296 0.3923601731657982 0
1707473416323 0.39229828119277954 0
1707473416350 0.3922925963997841 0
1707473416381 0.3922148048877716 0
1707473416410 0.39217014238238335 0
1707473416439 0.3921537548303604 0
1707473416468 0.39210157841444016 0
1707473416500 0.39209675043821335 0
1707473416649 0.3920775204896927 0
1707473416718 0.3920455798506737 0
1707473416749 0.392001673579216 0
