1695982279622 0.8053553104400635 0
1695982279684 0.8125643730163574 0
1695982279746 0.7744593024253845 0
1695982279812 0.7569515705108643 0
1695982279879 0.8414006233215332 0
1695982279944 0.9196704626083374 0
1695982280009 0.9207003116607666 0
1695982280071 0.9485067129135132 0
1695982280113 0.9526261687278748 0
1695982280155 0.9783728122711182 0
1695982280198 0.9989701509475708 0
1695982280239 0.9948506951332092 0
1695982280281 1.0195674896240234 0
1695982280324 1.0432543754577637 0
1695982280375 1.0720906257629395 0
1695982280437 1.0957775115966797 0
1695982280501 1.099897027015686 0
1695982280567 1.0978373289108276 0
1695982280629 1.136972188949585 0
1695982280688 1.2492276430130005 0
1695982280750 1.2502574920654297 0
1695982280810 1.2430484294891357 0
1695982280874 1.2760040760040283 0
