1684491035598 0.6899360617001852 0
1684491035653 0.6815524260203044 0
1684491035707 0.6686170697212219 0
1684491035761 0.6454306562741597 0
1684491035814 0.6050521651903789 0
1684491035868 0.5446872552235921 0
1684491035926 0.4759593665599823 0
1684491035979 0.42449546655019127 0
1684491036032 0.4027401725451151 0
1684491036086 0.39695940017700193 0
1684491036140 0.3945426861445109 0
1684491036194 0.39323668082555135 0
1684491036248 0.3926526327927907 0
1684491036301 0.39234062234560646 0
1684491036353 0.3921694020430247 0
1684491036405 0.3920482357343038 0
