1697191869332 0.8487654328346252 0
1697191869390 0.8477365970611572 0
1697191869449 0.8477365970611572 0
1697191869509 0.8569958806037903 0
1697191869569 0.8518518805503845 0
1697191869629 0.8446502089500427 0
1697191869689 0.838477373123169 0
1697191869749 0.8405349850654602 0
1697191869809 0.8518518805503845 0
1697191869869 0.854938268661499 0
1697191869928 0.8600823283195496 0
1697191869987 0.8580247163772583 0
1697191870049 0.8724279999732971 0
1697191870109 0.8827160596847534 0
1697191870169 0.8930041193962097 0
1697191870228 0.9146090745925903 0
1697191870289 0.9218106865882874 0
1697191870351 0.9341563582420349 0
1697191870409 0.9207819104194641 0
1697191870468 0.9300411343574524 0
1697191870528 0.9485596418380737 0
1697191870588 0.959876537322998 0
1697191870646 0.9578189253807068 0
1697191870706 0.9681069850921631 0
1697191870767 0.9701645970344543 0
1697191870826 0.9763374328613281 0
1697191870888 0.9547325372695923 0
1697191870949 0.9886831045150757 0
1697191871013 1.0051440000534058 0
1697191871084 1.0113168954849243 0
1697191871146 1.0349794626235962 0
1697191871208 1.0010287761688232 0
1697191871276 1.0205761194229126 0
1697191871336 1.0154321193695068 0
1697191871397 1.0174896717071533 0
1697191871459 1.0442386865615845 0
