1721988711174 0.8186323046684265 0
1721988711205 0.8275520205497742 0
1721988711236 0.8344895839691162 0
1721988711265 0.8315163254737854 0
1721988711293 0.8344895839691162 0
1721988711384 0.8334985375404358 0
1721988711427 0.8077304363250732 0
1721988711457 0.8136768937110901 0
1721988711486 0.8126858472824097 0
1721988711514 0.8077304363250732 0
1721988711542 0.7948463559150696 0
1721988711570 0.8047571778297424 0
1721988711598 0.7958374619483948 0
1721988711626 0.7958374619483948 0
1721988711654 0.7948463559150696 0
1721988711681 0.79682856798172 0
1721988711709 0.7988107204437256 0
1721988711737 0.799801766872406 0
1721988711765 0.7888998985290527 0
1721988711793 0.7849355936050415 0
1721988711820 0.7918731570243835 0
1721988711848 0.7988107204437256 0
1721988711876 0.8007928729057312 0
1721988711904 0.8017839193344116 0
1721988711931 0.7938553094863892 0
1721988711959 0.79682856798172 0
1721988711987 0.79682856798172 0
1721988712015 0.7948463559150696 0
1721988712042 0.7978196144104004 0
1721988712070 0.7948463559150696 0
1721988712098 0.7978196144104004 0
1721988712126 0.8097125887870789 0
1721988712154 0.8116947412490845 0
1721988712182 0.8206144571304321 0
1721988712209 0.8285431265830994 0
1721988712237 0.8384538888931274 0
1721988712265 0.8463825583457947 0
1721988712293 0.8592665791511536 0
1721988712321 0.8592665791511536 0
1721988712349 0.8622398376464844 0
1721988712377 0.86422199010849 0
1721988712405 0.8751238584518433 0
1721988712432 0.8850346803665161 0
1721988712460 0.8830525279045105 0
1721988712488 0.8761149644851685 0
1721988712516 0.8840436339378357 0
1721988712544 0.901883065700531 0
1721988712572 0.904856264591217 0
1721988712599 0.8939543962478638 0
1721988712627 0.8989098072052002 0
1721988712655 0.908820629119873 0
1721988712684 0.9147670865058899 0
1721988712712 0.9266600608825684 0
1721988712740 0.9137760400772095 0
1721988712767 0.9137760400772095 0
1721988712795 0.9266600608825684 0
1721988712823 0.9147670865058899 0
