1721988711165 0.6884518191218376 0
1721988711197 0.685632586479187 0
1721988711227 0.6826145797967911 0
1721988711257 0.6792699843645096 0
1721988711286 0.6754104644060135 0
1721988711316 0.6708268746733665 0
1721988711419 0.6653252020478249 0
1721988711449 0.6587526202201843 0
1721988711478 0.6508490592241287 0
1721988711506 0.6414615362882614 0
1721988711534 0.6304045245051384 0
1721988711562 0.6174933016300201 0
1721988711590 0.6026707962155342 0
1721988711618 0.5858587548136711 0
1721988711646 0.5672639608383179 0
1721988711673 0.5471929460763931 0
1721988711701 0.5262938663363457 0
1721988711729 0.505182720720768 0
1721988711757 0.4846348613500595 0
1721988711785 0.46548889204859734 0
1721988711812 0.4485550634562969 0
1721988711840 0.43441176787018776 0
1721988711868 0.42319806665182114 0
1721988711896 0.4148276038467884 0
1721988711924 0.4088245555758476 0
1721988711951 0.4046052470803261 0
1721988711979 0.40178724005818367 0
1721988712007 0.39977333694696426 0
1721988712035 0.3983178399503231 0
1721988712062 0.39721160009503365 0
1721988712090 0.39636360853910446 0
1721988712118 0.39565953239798546 0
1721988712146 0.39507990702986717 0
1721988712174 0.3946297653019428 0
1721988712202 0.394217886030674 0
1721988712229 0.39392270147800446 0
1721988712257 0.3936740681529045 0
1721988712285 0.3934529460966587 0
1721988712313 0.3932698033750057 0
1721988712341 0.3931407742202282 0
1721988712369 0.3930140845477581 0
1721988712397 0.39289524033665657 0
1721988712424 0.3928026184439659 0
1721988712452 0.39273710921406746 0
1721988712480 0.3926630727946758 0
1721988712508 0.3926164582371712 0
1721988712536 0.39255068823695183 0
1721988712564 0.392514880746603 0
1721988712592 0.392465278506279 0
1721988712620 0.39244354516267776 0
1721988712648 0.3924116715788841 0
1721988712676 0.3923797309398651 0
1721988712704 0.3923487514257431 0
1721988712732 0.39231330528855324 0
1721988712760 0.3922966681420803 0
1721988712787 0.392270527780056 0
1721988712815 0.3922462984919548 0
