1724407931800 0.8003952503204346 0
1724407931865 0.79347825050354 0
1724407931925 0.7875494360923767 0
1724407931992 0.8725296258926392 0
1724407932056 0.9219367504119873 0
1724407932114 0.9713438749313354 0
1724407932170 0.9861660003662109 0
1724407932224 0.97826087474823 0
1724407932289 1.0177865028381348 0
1724407932352 1.0642292499542236 0
1724407932407 1.1324111223220825 0
1724407932470 1.1778656244277954 0
1724407932537 1.1798418760299683 0
1724407932602 1.1996047496795654 0
1724407932665 1.2766798734664917 0
1724407932732 1.255928874015808 0
1724407932869 1.338932752609253 0
