1723198388165 0.6896381750702858 0
1723198388219 0.663945697247982 0
1723198388272 0.6096107959747314 0
1723198388323 0.5143756829202175 0
1723198388370 0.4250421039760113 0
1723198388417 0.4073205180466175 0
1723198388465 0.4007091112434864 0
1723198388515 0.39309261739254 0
1723198388563 0.39331942051649094 0
1723198388617 0.39232293143868446 0
1723198388665 0.3920592665672302 0
1723198388712 0.39182940497994423 0
1723198388761 0.3915798105299473 0
1723198388810 0.3913935720920563 0
1723198388863 0.39119596034288406 0
1723198388915 0.3909962326288223 0
1723198388963 0.3907686769962311 0
1723198389012 0.3905869536101818 0
1723198389059 0.390359066426754 0
1723198389107 0.3901101425290108 0
