1691143921267 0.6864957064390182 0
1691143921308 0.6751191727817059 0
1691143921348 0.6564503610134125 0
1691143921447 0.6243515722453594 0
1691143921637 0.5762752741575241 0
1691143921680 0.520436841994524 0
1691143921723 0.4712664745748043 0
1691143921766 0.4385454822331667 0
1691143921849 0.42104746028780937 0
1691143921902 0.4101236015558243 0
1691143921999 0.40326136723160744 0
1691143922040 0.398566335439682 0
1691143922078 0.39667400903999805 0
1691143922117 0.3949526157230139 0
1691143922158 0.3936760723590851 0
1691143922200 0.3934220764786005 0
1691143922238 0.3926147595047951 0
1691143922276 0.3925437480211258 0
1691143922315 0.3924143183976412 0
1691143922405 0.3920990154147148 0
1691143922445 0.391844529658556 0
1691143922487 0.3917368911206722 0
1691143922624 0.3918440695852041 0
1691143922664 0.39170105941593647 0
1691143922704 0.39141532592475414 0
1691143922752 0.39137397333979607 0
1691143922792 0.39123802818357944 0
1691143922831 0.3914502654224634 0
1691143922873 0.391329325735569 0
1691143922943 0.39067799039185047 0
1691143923015 0.3910920936614275 0
1691143923082 0.391167676076293 0
