1682678937789 0.7581493258476257 0
1682678937838 0.7676130533218384 0
1682678937886 0.7739222049713135 0
1682678937934 0.7528917193412781 0
1682678937982 0.7476340532302856 0
1682678938032 0.7528917193412781 0
1682678938083 0.7570977807044983 0
1682678938132 0.7676130533218384 0
1682678938182 0.762355387210846 0
1682678938230 0.7644584774971008 0
1682678938281 0.7655099630355835 0
1682678938330 0.7455310225486755 0
1682678938379 0.7634069323539734 0
1682678938429 0.762355387210846 0
1682678938479 0.7697160840034485 0
1682678938533 0.7823343873023987 0
1682678938581 0.7823343873023987 0
1682678938632 0.8075709939002991 0
1682678938683 0.8212407827377319 0
1682678938734 0.8538380861282349 0
1682678938782 0.8790746331214905 0
1682678938833 0.8916929364204407 0
1682678938884 0.914826512336731 0
1682678938937 0.9369085431098938 0
1682678939021 0.9432176947593689 0
1682678939071 0.9568874835968018 0
1682678939121 0.9621450901031494 0
1682678939171 0.9810725450515747 0
1682678939220 0.969505786895752 0
1682678939267 0.9978969693183899 0
1682678939317 0.995793879032135 0
1682678939366 1.0031545162200928 0
1682678939414 1.0073606967926025 0
1682678939463 1.024185061454773 0
1682678939512 1.0347002744674683 0
1682678939561 1.0473185777664185 0
1682678939611 1.038906455039978 0
1682678939661 1.060988426208496 0
1682678939711 1.0557308197021484 0
1682678939761 1.0820189714431763 0
1682678939809 1.1051524877548218 0
