1689934318286 0.8284823298454285 0
1689934318388 0.8284823298454285 0
1689934318476 0.8087317943572998 0
1689934318550 0.8149688243865967 0
1689934318613 0.8035343289375305 0
1689934318671 0.7869023084640503 0
1689934318701 0.7837837934494019 0
1689934318731 0.777546763420105 0
1689934318780 0.777546763420105 0
1689934318814 0.7484407424926758 0
1689934318852 0.7546777725219727 0
1689934318919 0.7702702879905701 0
1689934318950 0.7713097929954529 0
1689934319011 0.7713097929954529 0
1689934319056 0.7817047834396362 0
1689934319088 0.7910602688789368 0
1689934319155 0.7972972989082336 0
1689934319190 0.7879418134689331 0
1689934319220 0.7817047834396362 0
1689934319249 0.7837837934494019 0
1689934319279 0.777546763420105 0
1689934319310 0.7692307829856873 0
1689934319341 0.7702702879905701 0
1689934319374 0.7692307829856873 0
1689934319428 0.7702702879905701 0
1689934319459 0.7713097929954529 0
1689934319505 0.7713097929954529 0
1689934319552 0.7733888030052185 0
1689934319593 0.7723492980003357 0
1689934319650 0.7733888030052185 0
1689934319738 0.7702702879905701 0
1689934319848 0.7640332579612732 0
1689934319878 0.7661122679710388 0
1689934319907 0.7723492980003357 0
1689934319939 0.7765072584152222 0
1689934319972 0.782744288444519 0
1689934320005 0.7879418134689331 0
1689934320038 0.7941787838935852 0
1689934320078 0.7972972989082336 0
1689934320118 0.7972972989082336 0
1689934320182 0.795218288898468 0
1689934320212 0.7931392788887024 0
1689934320272 0.7962577939033508 0
1689934320316 0.7983368039131165 0
1689934320352 0.8004158139228821 0
1689934320426 0.7993763089179993 0
1689934320456 0.8004158139228821 0
1689934320489 0.8004158139228821 0
1689934320519 0.8014553189277649 0
1689934320549 0.8014553189277649 0
1689934320579 0.8004158139228821 0
1689934320610 0.7983368039131165 0
1689934320640 0.7993763089179993 0
1689934320683 0.7983368039131165 0
1689934320713 0.8045738339424133 0
1689934320766 0.8118503093719482 0
1689934320811 0.8035343289375305 0
1689934320842 0.8045738339424133 0
1689934320893 0.8014553189277649 0
1689934320933 0.812889814376831 0
1689934320964 0.812889814376831 0
1689934320994 0.8160083293914795 0
1689934321025 0.8191268444061279 0
1689934321055 0.8222452998161316 0
1689934321085 0.8316008448600769 0
1689934321116 0.837837815284729 0
1689934321242 0.8534303307533264 0
1689934321286 0.8742203712463379 0
1689934321317 0.8783783912658691 0
1689934321352 0.8898128867149353 0
1689934321404 0.8991683721542358 0
1689934321442 0.9220374226570129 0
1689934321527 0.9324324131011963 0
1689934321571 0.9417879581451416 0
1689934321608 0.9501039385795593 0
1689934321638 0.9542619585990906 0
1689934321668 0.9563409686088562 0
