1688119858050 0.8227320313453674 0
1688119858090 0.8289885520935059 0
1688119858132 0.8206465244293213 0
1688119858174 0.816475510597229 0
1688119858216 0.8143900036811829 0
1688119858253 0.8248175382614136 0
1688119858289 0.8269030451774597 0
1688119858326 0.821689248085022 0
1688119858362 0.8175182342529297 0
1688119858398 0.8112617135047913 0
1688119858435 0.8143900036811829 0
1688119858474 0.8227320313453674 0
1688119858510 0.8185610175132751 0
1688119858547 0.816475510597229 0
1688119858583 0.8112617135047913 0
1688119858621 0.8143900036811829 0
1688119858657 0.8123044967651367 0
1688119858693 0.8102189898490906 0
1688119858728 0.8050051927566528 0
1688119858764 0.8143900036811829 0
1688119858799 0.836287796497345 0
1688119858833 0.8383733034133911 0
1688119858867 0.8425443172454834 0
1688119858902 0.8383733034133911 0
1688119858937 0.8248175382614136 0
1688119858972 0.8394160866737366 0
1688119859007 0.8571428656578064 0
1688119859040 0.880083441734314 0
1688119859075 0.8852971792221069 0
1688119859109 0.8790406584739685 0
1688119859144 0.8842544555664062 0
1688119859178 0.9103232622146606 0
1688119859212 0.9207507967948914 0
1688119859247 0.9176225066184998 0
1688119859282 0.9197080135345459 0
1688119859317 0.9374348521232605 0
1688119859353 0.9343065619468689 0
1688119859387 0.936392068862915 0
1688119859421 0.9405630826950073 0
1688119859456 0.9551616311073303 0
1688119859491 0.9447340965270996 0
1688119859524 0.956204354763031 0
1688119859558 0.9593326449394226 0
1688119859591 0.9593326449394226 0
1688119859624 0.9624608755111694 0
1688119859657 0.9770594239234924 0
1688119859691 0.9812304377555847 0
1688119859725 0.9885297417640686 0
1688119859759 0.9885297417640686 0
1688119859794 0.9937434792518616 0
1688119859828 1.0031282901763916 0
