1712311941697 0.6943442076444626 0
1712311941745 0.6837701946496964 0
1712311941791 0.6694041192531586 0
1712311941837 0.6478006467223167 0
1712311941885 0.6146672144532204 0
1712311941933 0.566997580230236 0
1712311942006 0.5073331780731678 0
1712311942051 0.44926024600863457 0
1712311942097 0.41124631091952324 0
1712311942142 0.3995237238705158 0
1712311942188 0.3978854939341545 0
1712311942233 0.39541446045041084 0
1712311942277 0.39314983412623405 0
1712311942324 0.3924865834414959 0
1712311942370 0.39236166328191757 0
1712311942417 0.3921693004667759 0
1712311942465 0.3919660113751888 0
1712311942510 0.39193759113550186 0
1712311942555 0.3918524794280529 0
1712311942602 0.391742005944252 0
1712311942647 0.39164871722459793 0
1712311942692 0.39152297750115395 0
1712311942738 0.3914176858961582 0
1712311942783 0.391354251652956 0
1712311942882 0.3912770040333271 0
1712311942938 0.39115866273641586 0
1712311942983 0.39108165726065636 0
1712311943031 0.39097023755311966 0
1712311943078 0.39083654433488846 0
1712311943123 0.3907749578356743 0
1712311943168 0.3906269297003746 0
1712311943212 0.3905404582619667 0
1712311943258 0.39040278643369675 0
1712311943306 0.3903014436364174 0
1712311943353 0.3901760205626488 0
1712311943403 0.39004959538578987 0
1712311943447 0.38993628695607185 0
1712311943496 0.3897966742515564 0
1712311943541 0.3896627277135849 0
1712311943586 0.3895260654389858 0
1712311943633 0.38936182856559753 0
1712311943679 0.3892735429108143 0
1712311943725 0.3891054317355156 0
1712311943772 0.3889823965728283 0
1712311943819 0.3887791037559509 0
1712311943865 0.3886355236172676 0
1712311943911 0.38848213106393814 0
1712311943958 0.3883335031569004 0
1712311944033 0.38815053552389145 0
1712311944078 0.3879433013498783 0
1712311944123 0.38774364441633224 0
1712311944167 0.38758308812975883 0
1712311944212 0.38737864419817924 0
1712311944259 0.38717516511678696 0
1712311944306 0.38692930340766907 0
1712311944353 0.3867472968995571 0
1712311944397 0.38656121119856834 0
1712311944442 0.38632170855998993 0
1712311944487 0.38605117052793503 0
