1716545497860 0.8511488437652588 0
1716545497896 0.8361638188362122 0
1716545497928 0.82017982006073 0
1716545497961 0.8491508364677429 0
1716545497994 0.8411588668823242 0
1716545498026 0.863136887550354 0
1716545498059 0.8931068778038025 0
1716545498091 0.9170829057693481 0
1716545498124 0.9390609264373779 0
1716545498157 0.9500499367713928 0
1716545498190 0.9810189604759216 0
1716545498222 1.0049949884414673 0
1716545498258 0.982017993927002 0
1716545498293 1.006993055343628 0
1716545498330 1.0259740352630615 0
1716545498368 1.0549451112747192 0
1716545498404 1.0679320096969604 0
1716545498439 1.10089910030365 0
1716545498472 1.1508491039276123 0
1716545498505 1.1788212060928345 0
