1714126217229 0.7825651168823242 0
1714126217264 0.8046092391014099 0
1714126217299 0.7905811667442322 0
1714126217332 0.8076152205467224 0
1714126217367 0.828657329082489 0
1714126217401 0.8366733193397522 0
1714126217436 0.8476954102516174 0
1714126217471 0.8256512880325317 0
1714126217547 0.8276553153991699 0
1714126217618 0.8226453065872192 0
1714126217652 0.820641279220581 0
1714126217687 0.8036072254180908 0
1714126217722 0.8146292567253113 0
1714126217796 0.8016031980514526 0
1714126217832 0.8036072254180908 0
1714126217864 0.8016031980514526 0
1714126217953 0.8026052117347717 0
1714126217985 0.8036072254180908 0
1714126218017 0.8016031980514526 0
1714126218049 0.7995991706848145 0
1714126218081 0.8036072254180908 0
1714126218113 0.8136272430419922 0
1714126218146 0.8036072254180908 0
1714126218178 0.8346693515777588 0
1714126218210 0.8356713652610779 0
1714126218242 0.8607214689254761 0
1714126218274 0.8707414865493774 0
1714126218306 0.882765531539917 0
1714126218338 0.8927855491638184 0
1714126218371 0.9098196625709534 0
1714126218403 0.9178356528282166 0
1714126218436 0.9308617115020752 0
1714126218469 0.9438877701759338 0
1714126218514 0.9699398875236511 0
1714126218548 0.9859719276428223 0
1714126218582 0.9949899911880493 0
1714126218616 0.9969939589500427 0
1714126218650 0.9939879775047302 0
1714126218683 0.990981936454773 0
