1701425491941 0.6580733387700973 0
1701425491994 0.4727246290253055 0
1701425492045 0.3970620189943621 0
1701425492098 0.3928549943431731 0
1701425492175 0.39236404338190634 0
1701425492233 0.3921423996648481 0
1701425492288 0.39168265846467787 0
1701425492346 0.3913048573078648 0
1701425492443 0.39073325549402543 0
1701425492497 0.3902567230886029 0
1701425492545 0.38959083057218985 0
1701425492591 0.38897861011566653 0
1701425492637 0.38814515836777225 0
1701425492683 0.38726078598730024 0
1701425492730 0.38628856597408173 0
