1702635038048 0.8032619953155518 0
1702635038078 0.8144749999046326 0
1702635038106 0.7879714369773865 0
1702635038132 0.7900102138519287 0
1702635038158 0.7767584323883057 0
1702635038184 0.7584097981452942 0
1702635038210 0.7716615796089172 0
1702635038235 0.7747196555137634 0
1702635038261 0.8297655582427979 0
1702635038287 0.8929663896560669 0
1702635038315 0.9317023158073425 0
1702635038379 0.9459735155105591 0
1702635038405 0.9887869358062744 0
1702635038431 0.9959225058555603 0
1702635038458 1.0081549882888794 0
1702635038484 1.0356779098510742 0
1702635038510 1.045871615409851 0
1702635038535 1.0611621141433716 0
