1683886258573 0.6961065014203389 0
1683886258611 0.6907112240791321 0
1683886258649 0.6831793069839478 0
1683886258686 0.6715967496236165 0
1683886258723 0.6537092685699463 0
1683886258761 0.6276131987571716 0
1683886258798 0.5929946859677633 0
1683886258835 0.5523130257924398 0
1683886258873 0.5102921307086945 0
1683886258910 0.47394545674324035 0
1683886258947 0.44721638162930805 0
1683886258983 0.430015899737676 0
1683886259021 0.41938553055127464 0
1683886259058 0.41232206026713053 0
1683886259094 0.4072921693325043 0
1683886259131 0.40349703033765155 0
1683886259169 0.40065091848373413 0
1683886259206 0.3985566238562266 0
1683886259243 0.39696796536445617 0
1683886259280 0.39574811855951947 0
1683886259316 0.3948387861251831 0
1683886259352 0.3941343605518341 0
1683886259390 0.3935808221499125 0
1683886259426 0.39315377275149027 0
1683886259463 0.3928252816200256 0
1683886259500 0.39254270990689594 0
1683886259537 0.3923163890838623 0
1683886259574 0.39211777647336327 0
1683886259611 0.391942705710729 0
1683886259648 0.3917989611625671 0
1683886259685 0.3916602333386739 0
1683886259722 0.39152222673098247 0
1683886259759 0.3914048512776693 0
1683886259795 0.39129397869110105 0
1683886259832 0.3911839644114176 0
1683886259869 0.3910594324270884 0
1683886259907 0.3909657816092173 0
1683886259943 0.39083871444066365 0
1683886259979 0.3907406389713287 0
1683886260019 0.3906262199083964 0
1683886260060 0.3905215879281362 0
1683886260097 0.3904002904891968 0
1683886260134 0.3902797281742096 0
1683886260170 0.3901515583197276 0
1683886260206 0.3900495707988739 0
1683886260242 0.38993149995803833 0
1683886260279 0.38978012998898826 0
1683886260316 0.3896512707074483 0
1683886260353 0.38950493733088176 0
1683886260390 0.3893812815348307 0
1683886260429 0.38922727505366006 0
1683886260466 0.38906829357147216 0
1683886260504 0.38891621430714923 0
1683886260541 0.3887263933817546 0
