1689329530495 0.6829451726328942 0
1689329530840 0.6185344842172438 0
1689329531148 0.465661617056016 0
1689329531456 0.40010988616174264 0
1689329531639 0.39391740195212827 0
1689329531705 0.39300451644005313 0
1689329532012 0.392723225778149 0
1689329532289 0.39267939521420386 0
1689329532593 0.39190711129096245 0
1689329532943 0.3921040786850837 0
1689329533126 0.3920912963728751 0
1689329533519 0.3919305618732206 0
1689329533826 0.39192573678108955 0
1689329534095 0.3915298302327433 0
1689329534399 0.3917260419937872 0
1689329534711 0.3910942269909766 0
1689329535031 0.3908314589531191 0
1689329535338 0.39082500915373525 0
1689329535645 0.3904907068898601 0
1689329535959 0.3901875865074896 0
1689329536263 0.39009063474593625 0
1689329536569 0.389873989166752 0
