1697796683516 0.7042970176666014 0
1697796683604 0.6982402993786719 0
1697796683666 0.6886581663162478 0
1697796683727 0.67036203030617 0
1697796683788 0.6396984054196265 0
1697796683850 0.5930235731986261 0
1697796683911 0.5353735127756672 0
1697796683971 0.4819273506441424 0
1697796684032 0.44374216371966946 0
1697796684092 0.4216356248624863 0
1697796684152 0.40930968811435087 0
1697796684213 0.40247036853144247 0
1697796684274 0.3984837022519881 0
1697796684335 0.3961479298530086 0
1697796684395 0.39463326527226356 0
1697796684455 0.3937234590130468 0
1697796684516 0.3930878475789101 0
1697796684578 0.3926298377975341 0
1697796684651 0.3923600700593764 0
1697796684710 0.3921251835361604 0
1697796684771 0.391904188740638 0
1697796684832 0.39182866292615093 0
1697796684892 0.39168126352371707 0
1697796684956 0.39158542406174446 0
1697796685061 0.3914744392518074 0
1697796685123 0.3913706733334449 0
1697796685184 0.3913092238287772 0
1697796685247 0.3911968219664789 0
1697796685309 0.39108140045596707 0
1697796685371 0.3909559509446544 0
1697796685435 0.390895878115008 0
1697796685498 0.3908529512343868 0
