1701425482379 0.7967313528060913 0
1701425482451 0.7844739556312561 0
1701425482532 0.8140960335731506 0
1701425482593 0.8764045238494873 0
1701425482655 0.9366700649261475 0
1701425482728 0.9734423160552979 0
1701425482803 1.0112359523773193 0
1701425482897 1.0245147943496704 0
1701425482966 1.032686471939087 0
1701425483035 1.0398365259170532 0
1701425483107 1.0561797618865967 0
1701425483503 1.0817160606384277 0
1701425483748 1.1052093505859375 0
1701425484012 1.141981601715088 0
1701425484151 1.1491317749023438 0
1701425484217 1.1624106168746948 0
1701425484284 1.2124617099761963 0
1701425484434 1.2410622835159302 0
1701425484621 1.2798774242401123 0
