1701425482369 0.676439756347287 0
1701425482443 0.6184584863724247 0
1701425482524 0.47031568134984664 0
1701425482586 0.399565145854027 0
1701425482649 0.39341375327879385 0
1701425482721 0.3926431527060847 0
1701425482795 0.39234229153202427 0
1701425482890 0.3920653039409268 0
1701425482959 0.3918378256982373 0
1701425483026 0.3916187295990606 0
1701425483099 0.39142909934443815 0
1701425483471 0.39117392320786754 0
1701425483737 0.39093518257141113 0
1701425484003 0.39072096732354933 0
1701425484144 0.3904855760835832 0
1701425484210 0.3902384792604754 0
1701425484278 0.38997590926385695 0
1701425484348 0.3896133072914616 0
1701425484491 0.38936958293760976 0
