1728641540933 0.694881608709693 0
1728641540989 0.6645587179809809 0
1728641541045 0.5847135838121176 0
1728641541142 0.4572054175660014 0
1728641541241 0.3999900482594967 0
1728641541298 0.394512178376317 0
1728641541352 0.3931453125551343 0
1728641541406 0.3926883926615119 0
1728641541460 0.3924841256812215 0
1728641541514 0.3923651473596692 0
1728641541569 0.39222948253154755 0
1728641541626 0.392110213637352 0
1728641541682 0.39200499560683966 0
1728641541736 0.39188647270202637 0
1728641541790 0.3917501801624894 0
1728641541844 0.39163520094007254 0
1728641541897 0.39157565124332905 0
1728641541994 0.39138711243867874 0
1728641542053 0.3913130443543196 0
1728641542109 0.3911559237167239 0
1728641542165 0.3910075407475233 0
1728641542219 0.39083967823535204 0
1728641542275 0.3907198077067733 0
1728641542335 0.3905607871711254 0
1728641542391 0.3903984734788537 0
1728641542446 0.39027125481516123 0
1728641542501 0.3900918159633875 0
1728641542557 0.38992819748818874 0
