1718359886334 0.8197211027145386 0
1718359886476 0.81175297498703 0
1718359886581 0.8396414518356323 0
1718359886700 0.8237051963806152 0
1718359886742 0.8237051963806152 0
1718359886776 0.8276892304420471 0
1718359886809 0.8446215391159058 0
1718359886844 0.8406374454498291 0
1718359886882 0.8396414518356323 0
1718359886919 0.8276892304420471 0
1718359886953 0.824701189994812 0
1718359886987 0.8296812772750854 0
1718359887021 0.8306772708892822 0
1718359887053 0.8535856604576111 0
1718359887086 0.8824701309204102 0
1718359887118 0.912350594997406 0
1718359887177 0.9183266758918762 0
1718359887220 0.9362549781799316 0
1718359887255 0.9462151527404785 0
1718359887291 0.9422310590744019 0
1718359887324 0.9531872272491455 0
1718359887378 0.9462151527404785 0
1718359887423 0.9571713209152222 0
1718359887465 0.9551792740821838 0
