1729246435765 0.8068627715110779 0
1729246435803 0.8254901766777039 0
1729246435841 0.8303921818733215 0
1729246435878 0.8362745046615601 0
1729246435916 0.8294117450714111 0
1729246435952 0.843137264251709 0
1729246435990 0.8303921818733215 0
1729246436028 0.8176470398902893 0
1729246436065 0.8088235259056091 0
1729246436111 0.7941176295280457 0
1729246436150 0.8088235259056091 0
1729246436234 0.813725471496582 0
1729246436277 0.813725471496582 0
1729246436319 0.8323529362678528 0
1729246436360 0.8088235259056091 0
1729246436407 0.8068627715110779 0
1729246436446 0.8088235259056091 0
1729246436484 0.8068627715110779 0
1729246436522 0.8058823347091675 0
1729246436560 0.800000011920929 0
1729246436674 0.800000011920929 0
1729246436712 0.8019607663154602 0
1729246436750 0.800000011920929 0
1729246436787 0.8019607663154602 0
1729246436823 0.8039215803146362 0
1729246436861 0.8029412031173706 0
1729246436899 0.8058823347091675 0
1729246436936 0.820588231086731 0
1729246436973 0.8127450942993164 0
1729246437009 0.8196078538894653 0
1729246437083 0.8235294222831726 0
1729246437125 0.8343137502670288 0
1729246437166 0.8303921818733215 0
1729246437206 0.8294117450714111 0
1729246437250 0.8264706134796143 0
1729246437292 0.8294117450714111 0
1729246437336 0.8274509906768799 0
1729246437380 0.8313725590705872 0
1729246437420 0.8343137502670288 0
1729246437462 0.8441176414489746 0
1729246437500 0.8490195870399475 0
1729246437537 0.8519607782363892 0
1729246437574 0.8696078658103943 0
1729246437612 0.8696078658103943 0
1729246437650 0.8725489974021912 0
1729246437687 0.8774510025978088 0
1729246437724 0.8833333253860474 0
1729246437762 0.8921568393707275 0
1729246437799 0.8990195989608765 0
1729246437837 0.9186274409294128 0
1729246437875 0.9313725233078003 0
1729246437913 0.9254902005195618 0
1729246437951 0.9450980424880981 0
1729246437989 0.9578431248664856 0
1729246438027 0.9715686440467834 0
1729246438065 0.9784313440322876 0
1729246438103 0.9892156720161438 0
1729246438141 0.9852941036224365 0
1729246438202 1.015686273574829 0
1729246438242 1.015686273574829 0
1729246438290 1.0323529243469238 0
1729246438338 1.0627450942993164 0
1729246438382 1.067647099494934 0
1729246438466 1.0882352590560913 0
1729246438507 1.1019607782363892 0
1729246438545 1.0990196466445923 0
1729246438583 1.111764669418335 0
1729246438621 1.1235294342041016 0
1729246438659 1.1196078062057495 0
1729246438696 1.1352940797805786 0
1729246438733 1.1519607305526733 0
1729246438771 1.16372549533844 0
1729246438808 1.1647058725357056 0
1729246438845 1.1647058725357056 0
1729246438882 1.1882352828979492 0
1729246438919 1.182352900505066 0
1729246438957 1.1941176652908325 0
