1722593527862 0.6853952035307884 0
1722593527894 0.6814188361167908 0
1722593527926 0.6766299828886986 0
1722593527958 0.6703443303704262 0
1722593527989 0.661834105849266 0
1722593528021 0.6501605361700058 0
1722593528053 0.6342903152108192 0
1722593528085 0.6132649779319763 0
1722593528116 0.5865846946835518 0
1722593528147 0.5545536875724792 0
1722593528179 0.5188356563448906 0
1722593528210 0.4828370213508606 0
1722593528243 0.45110509544610977 0
1722593528274 0.4273671843111515 0
1722593528306 0.4125727452337742 0
1722593528338 0.40483471006155014 0
1722593528369 0.4009609706699848 0
1722593528401 0.39855820685625076 0
1722593528433 0.39668799564242363 0
1722593528465 0.3953700475394726 0
1722593528497 0.39443544670939445 0
1722593528530 0.3937958851456642 0
1722593528562 0.3934265747666359 0
1722593528594 0.39312247931957245 0
1722593528625 0.3929305821657181 0
1722593528657 0.39275048673152924 0
1722593528688 0.39263787493109703 0
1722593528719 0.3925527296960354 0
1722593528751 0.39246007055044174 0
1722593528782 0.39240264892578125 0
1722593528813 0.3923391103744507 0
1722593528844 0.3922774940729141 0
1722593528875 0.3922359086573124 0
1722593528907 0.3921856917440891 0
1722593528938 0.3921223096549511 0
1722593528969 0.39208129048347473 0
1722593529001 0.3920300789177418 0
1722593529032 0.3919948861002922 0
1722593529063 0.3919581286609173 0
1722593529094 0.39188943803310394 0
1722593529124 0.3918488547205925 0
1722593529155 0.3918117433786392 0
1722593529186 0.39175350964069366 0
