1689329537885 0.8220603466033936 0
1689329538172 0.8272632956504822 0
1689329538462 0.8231009244918823 0
1689329538749 0.8116545081138611 0
1689329539040 0.8293444514274597 0
1689329539325 0.8158168792724609 0
1689329539610 0.8210197687149048 0
1689329539896 0.828303873538971 0
1689329540260 0.8844953179359436 0
1689329540546 0.8917794227600098 0
1689329540832 0.8980228900909424 0
1689329541161 0.929240345954895 0
1689329541447 0.9583767056465149 0
1689329541777 0.9562955498695374 0
1689329542149 0.9989594221115112 0
1689329542320 1.0072840452194214 0
1689329542604 1.0228928327560425 0
1689329542984 1.063475489616394 0
1689329543277 1.06659734249115 0
1689329543615 1.1071799993515015 0
1689329543779 1.1352757215499878 0
1689329543817 1.1540062427520752 0
1689329543855 1.1581685543060303 0
1689329543894 1.1623308658599854 0
1689329544058 1.2060353755950928 0
1689329544432 1.2414151430130005 0
1689329544513 1.2705515623092651 0
1689329544555 1.2778356075286865 0
1689329544596 1.2955255508422852 0
1689329544635 1.3038501739501953 0
1689329544799 1.350676417350769 0
1689329545050 1.3735692501068115 0
1689329545265 1.3829344511032104 0
