1721988716780 0.8235877156257629 0
1721988716809 0.8235877156257629 0
1721988716838 0.8255698680877686 0
1721988716866 0.8285431265830994 0
1721988716894 0.8364717364311218 0
1721988716923 0.830525279045105 0
1721988716951 0.8156590461730957 0
1721988716980 0.803766131401062 0
1721988717008 0.7898910045623779 0
1721988717036 0.7888998985290527 0
1721988717064 0.7888998985290527 0
1721988717092 0.7938553094863892 0
1721988717120 0.8077304363250732 0
1721988717149 0.8315163254737854 0
1721988717178 0.837462842464447 0
1721988717206 0.8592665791511536 0
1721988717235 0.8662041425704956 0
1721988717265 0.8662041425704956 0
1721988717293 0.8780971169471741 0
1721988717322 0.8969276547431946 0
1721988717350 0.8959365487098694 0
1721988717379 0.9078295230865479 0
1721988717407 0.9078295230865479 0
1721988717435 0.9217046499252319 0
1721988717464 0.9405351877212524 0
1721988717492 0.9534192085266113 0
1721988717521 0.9712586998939514 0
1721988717548 0.9712586998939514 0
1721988717577 0.9871159791946411 0
1721988717606 0.993062436580658 0
1721988717634 0.9980178475379944 0
1721988717661 1.0198216438293457 0
