1710497396229 0.691612534224987 0
1710497396264 0.6871853172779083 0
1710497396302 0.682539127767086 0
1710497396336 0.677158385515213 0
1710497396371 0.6705415323376656 0
1710497396404 0.6619906425476074 0
1710497396441 0.6506589502096176 0
1710497396485 0.6357845366001129 0
1710497396528 0.6163937002420425 0
1710497396567 0.5918398499488831 0
1710497396618 0.5621190220117569 0
1710497396655 0.5285364910960197 0
1710497396690 0.4937337711453438 0
1710497396724 0.4610062353312969 0
1710497396758 0.43413543328642845 0
1710497396791 0.41533608734607697 0
1710497396832 0.4045335166156292 0
1710497396864 0.3992207795381546 0
1710497396899 0.39685334637761116 0
1710497396933 0.3956301473081112 0
1710497396974 0.39468158036470413 0
1710497397011 0.39384519308805466 0
1710497397048 0.39334554225206375 0
1710497397083 0.392974678426981 0
1710497397118 0.39279433339834213 0
1710497397151 0.39260541275143623 0
1710497397186 0.3924945518374443 0
1710497397227 0.39240460470318794 0
1710497397267 0.3923221789300442 0
1710497397309 0.3922269381582737 0
1710497397349 0.39216457679867744 0
1710497397386 0.3921193443238735 0
1710497397434 0.39208822697401047 0
1710497397481 0.3920177146792412 0
