1710497396236 0.8024193644523621 0
1710497396270 0.8004032373428345 0
1710497396309 0.7943548560142517 0
1710497396343 0.7852822542190552 0
1710497396378 0.8034273982048035 0
1710497396411 0.7933467626571655 0
1710497396450 0.8205645084381104 0
1710497396494 0.8316532373428345 0
1710497396536 0.8155242204666138 0
1710497396575 0.8094757795333862 0
1710497396626 0.8205645084381104 0
1710497396662 0.8145161271095276 0
1710497396697 0.8034273982048035 0
1710497396730 0.8024193644523621 0
1710497396764 0.8044354915618896 0
1710497396801 0.7933467626571655 0
1710497396838 0.7872983813285828 0
1710497396871 0.788306474685669 0
1710497396905 0.7963709831237793 0
1710497396942 0.8074596524238586 0
1710497396980 0.8064516186714172 0
1710497397019 0.8276209831237793 0
1710497397055 0.8276209831237793 0
1710497397090 0.8780242204666138 0
1710497397124 0.8881048560142517 0
1710497397158 0.9042338728904724 0
1710497397193 0.9385080933570862 0
1710497397234 0.9586693644523621 0
1710497397274 0.9717742204666138 0
1710497397316 0.9747983813285828 0
1710497397355 0.9889112710952759 0
1710497397395 0.9969757795333862 0
1710497397443 0.9848790168762207 0
1710497397492 0.9818548560142517 0
