1705054254722 0.6979521885514259 0
1705054254764 0.6880633607506752 0
1705054254799 0.6739131286740303 0
1705054254837 0.6517281755805016 0
1705054254877 0.6177427396178246 0
1705054254997 0.5713601186871529 0
1705054255036 0.51612938195467 0
1705054255078 0.46328915283083916 0
1705054255124 0.4262014105916023 0
1705054255176 0.40926695987582207 0
1705054255212 0.40282708406448364 0
1705054255246 0.39819663017988205 0
1705054255282 0.39483874663710594 0
1705054255321 0.39325446262955666 0
1705054255355 0.3926420249044895 0
1705054255401 0.3922809660434723 0
1705054255441 0.3920336067676544 0
1705054255477 0.3918619342148304 0
1705054255524 0.39172188565135 0
1705054255561 0.3916312977671623 0
1705054255595 0.39148011803627014 0
1705054255628 0.391369741410017 0
1705054255662 0.3913429379463196 0
1705054255696 0.3911502957344055 0
1705054255729 0.39103683456778526 0
1705054255763 0.39090146869421005 0
1705054255797 0.39077774435281754 0
1705054255830 0.390630517154932 0
1705054255864 0.39050591737031937 0
1705054255899 0.3903372548520565 0
1705054255935 0.39018554240465164 0
