1718359890126 0.6863096803426743 0
1718359890238 0.6624990962445736 0
1718359890304 0.6034627165645361 0
1718359890368 0.5050666108727455 0
1718359890591 0.4317362206056714 0
1718359890785 0.4067249596118927 0
1718359890913 0.3984116408973932 0
1718359890961 0.394928190857172 0
1718359891010 0.39342841133475304 0
1718359891134 0.39272952545434237 0
1718359891186 0.3922642534598708 0
1718359891240 0.39195207227021456 0
1718359891296 0.39183903113007545 0
1718359891358 0.3916552122682333 0
1718359891455 0.391449224203825 0
1718359891509 0.3913296824321151 0
1718359891564 0.39122140873223543 0
