1717150301038 0.6900091357529163 0
1717150301080 0.681096289306879 0
1717150301128 0.6665232516825199 0
1717150301165 0.6412608548998833 0
1717150301203 0.600224107503891 0
1717150301246 0.5427186153829098 0
1717150301291 0.4801843483000994 0
1717150301331 0.4320900347083807 0
1717150301371 0.40904949977993965 0
1717150301407 0.4011649452149868 0
1717150301592 0.397372929379344 0
1717150301627 0.39519953541457653 0
1717150301665 0.3939546924084425 0
1717150301702 0.39333656430244446 0
1717150301838 0.39292249269783497 0
1717150301873 0.39273968152701855 0
1717150301982 0.39258551970124245 0
1717150302070 0.39247042313218117 0
1717150302112 0.3924287185072899 0
1717150302148 0.3923518266528845 0
