1729246424893 0.8303921818733215 0
1729246424948 0.8098039031028748 0
1729246425002 0.8264706134796143 0
1729246425056 0.8754901885986328 0
1729246425110 0.9215686321258545 0
1729246425174 0.9833333492279053 0
1729246425238 0.970588207244873 0
1729246425301 1.0313725471496582 0
1729246425367 1.0284314155578613 0
1729246425426 1.0617647171020508 0
1729246425480 1.1019607782363892 0
1729246425534 1.1529412269592285 0
1729246425587 1.159803867340088 0
1729246425641 1.1745097637176514 0
1729246425695 1.2627451419830322 0
1729246425749 1.2676470279693604 0
1729246425802 1.3421568870544434 0
1729246425865 1.3637255430221558 0
1729246425921 1.4274510145187378 0
1729246425980 1.4568626880645752 0
