1709287846218 0.6962511837482452 0
1709287846249 0.6872156485915184 0
1709287846280 0.6740391105413437 0
1709287846313 0.6523996144533157 0
1709287846347 0.6173626407980919 0
1709287846378 0.5655170977115631 0
1709287846411 0.49975260347127914 0
1709287846442 0.4381432346999645 0
1709287846474 0.4056684747338295 0
1709287846506 0.4000038132071495 0
1709287846539 0.3980109915137291 0
1709287846571 0.39438946172595024 0
1709287846602 0.39294614270329475 0
1709287846633 0.39277151226997375 0
1709287846665 0.3925466649234295 0
1709287846697 0.39236197620630264 0
1709287846729 0.3922789581120014 0
1709287846761 0.39222050458192825 0
1709287846792 0.3921090364456177 0
