1709287846225 0.808080792427063 0
1709287846256 0.8060606122016907 0
1709287846286 0.8121212124824524 0
1709287846320 0.8292929530143738 0
1709287846353 0.834343433380127 0
1709287846385 0.821212112903595 0
1709287846417 0.8383838534355164 0
1709287846449 0.8464646339416504 0
1709287846481 0.8606060743331909 0
1709287846513 0.8797979950904846 0
1709287846546 0.8696969747543335 0
1709287846578 0.8929293155670166 0
1709287846609 0.9090909361839294 0
1709287846640 0.9444444179534912 0
1709287846672 0.9363636374473572 0
1709287846703 0.9404040575027466 0
1709287846736 0.9636363387107849 0
1709287846768 0.9828282594680786 0
1709287846798 0.965656578540802 0
