1702635045212 0.8572884798049927 0
1702635045238 0.822629988193512 0
1702635045263 0.8338429927825928 0
1702635045289 0.835881769657135 0
1702635045315 0.8185524940490723 0
1702635045340 0.835881769657135 0
1702635045365 0.8348624110221863 0
1702635045391 0.8348624110221863 0
1702635045416 0.8307849168777466 0
1702635045441 0.8460754156112671 0
1702635045467 0.8899082541465759 0
1702635045493 0.9225280284881592 0
1702635045519 0.9378185272216797 0
1702635045545 0.9429153800010681 0
1702635045571 0.9429153800010681 0
1702635045596 0.9408766627311707 0
1702635045621 0.9765545129776001 0
1702635045646 0.9714577198028564 0
1702635045672 0.9826707243919373 0
1702635045698 0.9938837885856628 0
1702635045723 0.9969419240951538 0
1702635045748 1.0295616388320923 0
1702635045773 1.0356779098510742 0
1702635045799 1.054026484489441 0
1702635045824 1.0611621141433716 0
1702635045850 1.0846076011657715 0
1702635045875 1.1049948930740356 0
1702635045900 1.0856269598007202 0
