1702635045207 0.6867461651563644 0
1702635045233 0.6708732396364212 0
1702635045258 0.6462758854031563 0
1702635045284 0.6049836948513985 0
1702635045309 0.5433469116687775 0
1702635045334 0.47127238288521767 0
1702635045360 0.4195272661745548 0
1702635045385 0.40478764846920967 0
1702635045411 0.40124551951885223 0
1702635045436 0.3952477499842644 0
1702635045461 0.3931347616016865 0
1702635045487 0.3928013928234577 0
1702635045514 0.39248789101839066 0
1702635045539 0.3922432065010071 0
1702635045565 0.39216122031211853 0
1702635045591 0.39208608120679855 0
1702635045616 0.3919554390013218 0
1702635045641 0.3918563164770603 0
1702635045667 0.39176229760050774 0
1702635045692 0.3916974365711212 0
1702635045718 0.391567450016737 0
1702635045743 0.39148279279470444 0
1702635045768 0.3913402706384659 0
1702635045794 0.3912475146353245 0
1702635045819 0.3911483846604824 0
1702635045844 0.39106395840644836 0
1702635045869 0.39093564450740814 0
1702635045894 0.3908233158290386 0
