1725617569737 0.7980295419692993 0
1725617569789 0.7832512259483337 0
1725617569840 0.7724137902259827 0
1725617569891 0.7931034564971924 0
1725617569942 0.7950738668441772 0
1725617569996 0.8600985407829285 0
1725617570057 0.9024630784988403 0
1725617570121 0.9615763425827026 0
1725617570171 1.0019704103469849 0
1725617570221 1.0295566320419312 0
1725617570272 1.0660098791122437 0
1725617570325 1.0916255712509155 0
1725617570377 1.1083743572235107 0
1725617570425 1.125123143196106 0
1725617570473 1.1802955865859985 0
1725617570523 1.1940886974334717 0
