1690539106373 0.7985461950302124 0
1690539106437 0.8058151602745056 0
1690539106500 0.7964693903923035 0
1690539106561 0.8068535923957825 0
1690539106623 0.8110072612762451 0
1690539106685 0.8172377943992615 0
1690539106748 0.822429895401001 0
1690539106815 0.8556594252586365 0
1690539106877 0.8722741603851318 0
1690539106939 0.9252336621284485 0
1690539107001 0.9595015645027161 0
1690539107063 0.9698857665061951 0
1690539107127 0.9667705297470093 0
1690539107189 0.9719626307487488 0
1690539107250 0.9698857665061951 0
1690539107359 1.0186915397644043 0
1690539107473 1.0072689056396484 0
1690539107537 1.0363447666168213 0
