1690539106368 0.6867531499555034 0
1690539106432 0.6632782547704635 0
1690539106495 0.6035604919156721 0
1690539106556 0.5009969578635308 0
1690539106619 0.42492209230699846 0
1690539106680 0.4034591461381605 0
1690539106744 0.3965718015547722 0
1690539106809 0.3940294038864874 0
1690539106872 0.3929803890566672 0
1690539106934 0.39246631533868853 0
1690539106996 0.3922141405843919 0
1690539107058 0.39195469406343275 0
1690539107122 0.3918559935785109 0
1690539107184 0.3919079755583117 0
1690539107245 0.39169913338076684 0
1690539107350 0.3916487193876697 0
1690539107464 0.3915661140795677 0
1690539107532 0.39142540866328823 0
