1717755067635 0.814556360244751 0
1717755067675 0.8015952110290527 0
1717755067717 0.8015952110290527 0
1717755067757 0.7966101765632629 0
1717755067796 0.8025922179222107 0
1717755067836 0.8155533671379089 0
1717755067876 0.8344964981079102 0
1717755067915 0.876370906829834 0
1717755067954 0.9112662076950073 0
1717755068239 0.9262213110923767 0
1717755068278 0.9411764740943909 0
1717755068317 0.9561315774917603 0
1717755068430 0.9411764740943909 0
1717755068606 0.9591226577758789 0
1717755068648 0.9730807542800903 0
