1721383878694 0.6945836544036865 0
1721383878723 0.6885619908571243 0
1721383878752 0.6807766109704971 0
1721383878781 0.670327328145504 0
1721383878814 0.6556556224822998 0
1721383878843 0.6356400921940804 0
1721383878871 0.6095165088772774 0
1721383878900 0.5779023095965385 0
1721383878928 0.5430502817034721 0
1721383878960 0.508070845156908 0
1721383878988 0.47729238867759705 0
1721383879016 0.45326562598347664 0
1721383879043 0.43600107729434967 0
1721383879071 0.4238760508596897 0
1721383879100 0.4150730073451996 0
1721383879127 0.4085019491612911 0
1721383879155 0.40353141352534294 0
1721383879184 0.4000188522040844 0
1721383879212 0.39747050777077675 0
1721383879240 0.39574434608221054 0
1721383879268 0.3945368714630604 0
1721383879296 0.39367204904556274 0
1721383879324 0.39305902272462845 0
1721383879352 0.39260659739375114 0
1721383879380 0.39229854196310043 0
1721383879408 0.3920229524374008 0
1721383879436 0.391835730522871 0
1721383879465 0.39167509600520134 0
1721383879493 0.39152614399790764 0
1721383879521 0.39139220863580704 0
1721383879549 0.3912976570427418 0
1721383879577 0.3911724202334881 0
1721383879606 0.391074076294899 0
1721383879634 0.3909477964043617 0
1721383879662 0.39083850011229515 0
1721383879690 0.3907211869955063 0
1721383879718 0.39060666784644127 0
1721383879746 0.39050107821822166 0
