1692353429221 0.6924991492302187 0
1692353429284 0.6820117792775554 0
1692353429347 0.6660457638002211 0
1692353429412 0.6388126131026975 0
1692353429476 0.5925849695359507 0
1692353429539 0.5279497513847966 0
1692353429604 0.46189188957214355 0
1692353429667 0.4186092624741216 0
1692353429730 0.40177551969405145 0
1692353429794 0.3968188243527566 0
1692353429859 0.394771872989593 0
1692353429925 0.3939195006124435 0
1692353429988 0.3934432998780281 0
1692353430052 0.3930623858205734 0
1692353430115 0.3926728694669662 0
1692353430179 0.3926064689313212 0
1692353430242 0.39249120796880416 0
1692353430304 0.3925139077248112 0
1692353430365 0.3921673951610442 0
1692353430426 0.3923454217372402 0
1692353430487 0.39218909605856866 0
1692353430548 0.3921816502847979 0
1692353430610 0.3920643281552099 0
