1688119859900 0.7997914552688599 0
1688119859928 0.787278413772583 0
1688119859954 0.7851929068565369 0
1688119859981 0.7737226486206055 0
1688119860010 0.7945776581764221 0
1688119860039 0.787278413772583 0
1688119860066 0.7883211970329285 0
1688119860094 0.7904066443443298 0
1688119860120 0.8029196858406067 0
1688119860148 0.8133472204208374 0
1688119860175 0.8227320313453674 0
1688119860201 0.8050051927566528 0
1688119860227 0.8123044967651367 0
1688119860254 0.8112617135047913 0
1688119860280 0.8206465244293213 0
1688119860307 0.8237747550010681 0
1688119860333 0.8154327273368835 0
1688119860360 0.7956204414367676 0
1688119860387 0.8081334829330444 0
1688119860414 0.831074059009552 0
1688119860442 0.831074059009552 0
1688119860468 0.8321167826652527 0
1688119860495 0.8519290685653687 0
1688119860522 0.8779979348182678 0
1688119860548 0.8873826861381531 0
1688119860575 0.8988529443740845 0
1688119860602 0.9040667414665222 0
1688119860628 0.9176225066184998 0
1688119860655 0.9155369997024536 0
1688119860682 0.9249218106269836 0
1688119860709 0.9343065619468689 0
1688119860735 0.9134514927864075 0
1688119860760 0.9238790273666382 0
1688119860786 0.9082377552986145 0
1688119860812 0.9249218106269836 0
