1693563116131 0.8117890357971191 0
1693563116411 0.8459151983261108 0
1693563116690 0.8324715495109558 0
1693563117094 0.8293691873550415 0
1693563117371 0.8345398306846619 0
1693563117650 0.8076525330543518 0
1693563117970 0.7880041599273682 0
1693563118165 0.7911065220832825 0
1693563118444 0.7880041599273682 0
1693563118621 0.8024818897247314 0
1693563118695 0.8117890357971191 0
1693563118892 0.8335056900978088 0
1693563119079 0.8335056900978088 0
1693563119112 0.8314374089241028 0
1693563119267 0.8376421928405762 0
1693563119545 0.8366080522537231 0
1693563119659 0.8428128361701965 0
1693563119692 0.8335056900978088 0
1693563119767 0.8552223443984985 0
1693563119924 0.8748707175254822 0
1693563120124 0.8934850096702576 0
1693563120404 0.9110651612281799 0
1693563120725 0.9296793937683105 0
1693563121004 0.9317476749420166 0
1693563121283 0.9214063882827759 0
1693563121565 0.9420889616012573 0
1693563121598 0.9462254643440247 0
1693563121654 0.9555325508117676 0
1693563121809 0.9576008319854736 0
1693563122087 0.9462254643440247 0
1693563122366 0.9534643292427063 0
1693563122688 0.9731127023696899 0
1693563122721 0.9793174862861633 0
1693563122958 0.9813857078552246 0
1693563123236 0.9793174862861633 0
1693563123514 0.9782833456993103 0
1693563123835 0.9855222105979919 0
1693563123921 0.9958634972572327 0
1693563124074 0.9834539890289307 0
1693563124352 0.9968976378440857 0
1693563124632 0.988624632358551 0
1693563124911 1.0155118703842163 0
1693563125189 1.0103412866592407 0
