1684491033976 0.6990242153406143 0
1684491034005 0.6897940188646317 0
1684491034034 0.6765084862709045 0
1684491034064 0.6561643779277802 0
1684491034092 0.6276734992861748 0
1684491034120 0.5902436152100563 0
1684491034148 0.5453941449522972 0
1684491034176 0.49784449115395546 0
1684491034206 0.4556719549000263 0
1684491034235 0.42594707384705544 0
1684491034263 0.41167842224240303 0
1684491034291 0.4048776850104332 0
1684491034319 0.4004623480141163 0
1684491034348 0.39717693999409676 0
1684491034377 0.39508215710520744 0
1684491034406 0.39390768855810165 0
1684491034439 0.39298440515995026 0
1684491034472 0.39254289865493774 0
1684491034502 0.3922463580965996 0
1684491034533 0.3920168876647949 0
1684491034565 0.3918284773826599 0
1684491034598 0.3917192704975605 0
1684491034628 0.39151516556739807 0
1684491034657 0.3913261666893959 0
1684491034686 0.3913269564509392 0
1684491034714 0.39125121012330055 0
