1726827151834 0.8043264746665955 0
1726827151877 0.8013765811920166 0
1726827151922 0.8023598790168762 0
1726827151975 0.7846607565879822 0
1726827152021 0.7758111953735352 0
1726827152066 0.7954769134521484 0
1726827152110 0.8053097128868103 0
1726827152152 0.8062930107116699 0
1726827152193 0.9006882905960083 0
1726827152236 0.9183874130249023 0
1726827152277 0.9331367015838623 0
1726827152319 0.9380530714988708 0
1726827152391 1.0167158842086792 0
1726827152442 1.0619468688964844 0
1726827152494 1.1130776405334473 0
1726827152554 1.1317601203918457 0
1726827152616 1.1347099542617798 0
1726827152683 1.1986234188079834 0
1726827152758 1.2340216636657715 0
1726827152863 1.2438545227050781 0
1726827152913 1.2792526483535767 0
1726827152955 1.3087512254714966 0
1726827152999 1.3294001817703247 0
1726827153046 1.3362832069396973 0
1726827153102 1.370698094367981 0
1726827153142 1.4021632671356201 0
1726827153190 1.4041297435760498 0
1726827153234 1.423795461654663 0
