1713521479237 0.7953861355781555 0
1713521479278 0.7973921895027161 0
1713521479321 0.8124372959136963 0
1713521479362 0.8244734406471252 0
1713521479397 0.8314945101737976 0
1713521479432 0.8274824619293213 0
1713521479468 0.8365095257759094 0
1713521479553 0.8365095257759094 0
1713521479648 0.8375125527381897 0
1713521479726 0.8425275683403015 0
1713521479777 0.8425275683403015 0
1713521479869 0.8365095257759094 0
1713521480001 0.8355064988136292 0
1713521480105 0.8335005044937134 0
1713521480164 0.8445336222648621 0
1713521480209 0.8395185470581055 0
1713521480246 0.8395185470581055 0
1713521480291 0.8405215740203857 0
1713521480331 0.8475426435470581 0
1713521480370 0.8365095257759094 0
1713521480411 0.8445336222648621 0
1713521480456 0.8324974775314331 0
1713521480503 0.826479434967041 0
1713521480548 0.8224673867225647 0
1713521480593 0.8214644193649292 0
1713521480691 0.8304914832115173 0
1713521480763 0.8385155200958252 0
1713521480839 0.8455365896224976 0
1713521480874 0.8455365896224976 0
1713521480911 0.8405215740203857 0
1713521480957 0.8405215740203857 0
1713521481000 0.8405215740203857 0
1713521481049 0.841524600982666 0
1713521481092 0.8395185470581055 0
1713521481172 0.841524600982666 0
1713521481243 0.8635907769203186 0
1713521481290 0.873620867729187 0
1713521481336 0.8926780223846436 0
1713521481399 0.8966900706291199 0
1713521481462 0.9067201614379883 0
1713521481513 0.9217652678489685 0
1713521481555 0.9408224821090698 0
1713521481596 0.9438315033912659 0
1713521481694 0.9628886580467224 0
1713521481778 0.9739217758178711 0
1713521481855 0.9849548935890198 0
1713521481900 0.9809428453445435 0
1713521481944 1.0240721702575684 0
1713521481988 1.0100300312042236 0
1713521482041 1.0310932397842407 0
1713521482089 1.032096266746521 0
1713521482184 1.0421264171600342 0
1713521482281 1.0451353788375854 0
1713521482358 1.0601805448532104 0
1713521482399 1.0752257108688354 0
1713521482440 1.079237699508667 0
1713521482477 1.0932798385620117 0
