1713521479228 0.6882887706160545 0
1713521479268 0.6852869763970375 0
1713521479309 0.6819282621145248 0
1713521479353 0.6778529360890388 0
1713521479388 0.6728733256459236 0
1713521479423 0.6663392409682274 0
1713521479459 0.6579977422952652 0
1713521479542 0.647159993648529 0
1713521479634 0.6334010884165764 0
1713521479717 0.616557888686657 0
1713521479765 0.5967851877212524 0
1713521479810 0.5747049897909164 0
1713521479990 0.551516979932785 0
1713521480091 0.5286001563072205 0
1713521480149 0.5070376135408878 0
1713521480200 0.4875744692981243 0
1713521480236 0.4707786738872528 0
1713521480278 0.4561072736978531 0
1713521480321 0.4443815127015114 0
1713521480361 0.4342867061495781 0
1713521480402 0.42637521773576736 0
1713521480441 0.419982697814703 0
1713521480494 0.41476767137646675 0
1713521480539 0.41048920899629593 0
1713521480582 0.40697913244366646 0
1713521480678 0.40415627881884575 0
1713521480753 0.4016954191029072 0
1713521480827 0.39985525235533714 0
1713521480865 0.39833131805062294 0
1713521480901 0.39707010611891747 0
1713521480943 0.3961275741457939 0
1713521480989 0.3952392488718033 0
1713521481039 0.39454568177461624 0
1713521481082 0.39397891238331795 0
1713521481160 0.39353880286216736 0
1713521481229 0.39315176382660866 0
1713521481280 0.39283042773604393 0
1713521481323 0.3925597034394741 0
1713521481387 0.3923790082335472 0
1713521481448 0.3921644389629364 0
1713521481503 0.39199934527277946 0
1713521481544 0.39186232537031174 0
1713521481587 0.3917137049138546 0
1713521481678 0.3916156180202961 0
1713521481766 0.39149991422891617 0
1713521481846 0.3914024867117405 0
1713521481887 0.3913073167204857 0
1713521481932 0.39122115820646286 0
1713521481977 0.39113501086831093 0
1713521482027 0.3910587579011917 0
1713521482076 0.39098190888762474 0
1713521482167 0.3909326456487179 0
1713521482269 0.3908510133624077 0
1713521482349 0.39076564460992813 0
1713521482389 0.39071399718523026 0
1713521482427 0.3906628042459488 0
1713521482468 0.3905857503414154 0
