1713521477106 0.826479434967041 0
1713521477162 0.8064192533493042 0
1713521477219 0.7853560447692871 0
1713521477429 0.7983951568603516 0
1713521477515 0.7823470234870911 0
1713521477586 0.7973921895027161 0
1713521477649 0.7923771142959595 0
1713521477716 0.823470413684845 0
1713521477897 0.8345035314559937 0
1713521478009 0.855566680431366 0
1713521478088 0.8655967712402344 0
1713521478161 0.8996990919113159 0
1713521478329 0.9147442579269409 0
1713521478403 0.9277833700180054 0
1713521478526 0.9398194551467896 0
1713521478722 0.9297893643379211 0
1713521478783 0.9338014125823975 0
1713521478849 0.9689067006111145 0
1713521478926 0.95586758852005 0
1713521479080 0.9799398183822632 0
