1696587080186 0.7736625671386719 0
1696587080229 0.7818930149078369 0
1696587080271 0.7921810746192932 0
1696587080315 0.798353910446167 0
1696587080355 0.8179012537002563 0
1696587080395 0.8024691343307495 0
1696587080435 0.7942386865615845 0
1696587080474 0.8004115223884583 0
1696587080514 0.8076131939888 0
1696587080552 0.8127571940422058 0
1696587080592 0.8158436417579651 0
1696587080632 0.8127571940422058 0
1696587080673 0.8683127760887146 0
1696587080713 0.8734567761421204 0
1696587080753 0.9084362387657166 0
1696587080793 0.9238682985305786 0
1696587080835 0.9218106865882874 0
1696587080875 0.9259259104728699 0
1696587080915 0.9475308656692505 0
1696587080953 0.9475308656692505 0
1696587080991 0.9814814925193787 0
1696587081031 0.9814814925193787 0
1696587081069 0.9691358208656311 0
1696587081108 0.9927983283996582 0
