1714731272529 0.826826810836792 0
1714731272581 0.8498498201370239 0
1714731272634 0.8628628849983215 0
1714731272686 0.837837815284729 0
1714731272738 0.8278278112411499 0
1714731272791 0.8128128051757812 0
1714731272844 0.8028028011322021 0
1714731272899 0.804804801940918 0
1714731272973 0.8128128051757812 0
1714731273033 0.8068068027496338 0
1714731273090 0.8118118047714233 0
1714731273258 0.8188188076019287 0
1714731273310 0.8238238096237183 0
1714731273362 0.8128128051757812 0
1714731273416 0.8118118047714233 0
1714731273469 0.8208208084106445 0
1714731273521 0.8308308124542236 0
1714731273574 0.8318318128585815 0
1714731273627 0.8568568825721741 0
1714731273684 0.8678678870201111 0
1714731273739 0.8938938975334167 0
1714731273795 0.9329329133033752 0
1714731273931 0.955955982208252 0
1714731273988 0.9519519805908203 0
1714731274044 0.9519519805908203 0
1714731274095 0.9789789915084839 0
1714731274147 0.9879879951477051 0
1714731274198 1.0070070028305054 0
1714731274251 1.0210210084915161 0
1714731274302 1.0380380153656006 0
1714731274353 1.0510510206222534 0
