1714731272520 0.6904527768492699 0
1714731272573 0.6855809539556503 0
1714731272625 0.6789782121777534 0
1714731272678 0.6690590605139732 0
1714731272730 0.6536585576832294 0
1714731272783 0.6311105154454708 0
1714731272835 0.6006484776735306 0
1714731272891 0.5625625662505627 0
1714731272948 0.52069285325706 0
1714731273025 0.4806114863604307 0
1714731273080 0.4482838846743107 0
1714731273250 0.42577757500112057 0
1714731273302 0.4122333526611328 0
1714731273354 0.40458461083471775 0
1714731273406 0.40020004101097584 0
1714731273461 0.39744697511196136 0
1714731273513 0.3956233374774456 0
1714731273565 0.3943403046578169 0
1714731273618 0.39351508766412735 0
1714731273675 0.39300484023988247 0
1714731273730 0.39265736378729343 0
1714731273787 0.39241525903344154 0
1714731273908 0.3921944536268711 0
1714731273979 0.3920863326638937 0
1714731274036 0.3920006211847067 0
1714731274087 0.39188837818801403 0
1714731274139 0.39183602668344975 0
1714731274190 0.3917546272277832 0
1714731274242 0.39166299998760223 0
1714731274293 0.39165035635232925 0
1714731274344 0.3915732353925705 0
