1726827174133 0.7994100451469421 0
1726827174185 0.7994100451469421 0
1726827174238 0.8053097128868103 0
1726827174290 0.8053097128868103 0
1726827174343 0.8200590014457703 0
1726827174396 0.818092405796051 0
1726827174451 0.8072763085365295 0
1726827174504 0.8171091675758362 0
1726827174556 0.8131760358810425 0
1726827174609 0.826941967010498 0
1726827174664 0.8210422992706299 0
1726827174720 0.8190757036209106 0
1726827174774 0.8082596063613892 0
1726827174828 0.8220255374908447 0
1726827174882 0.823992133140564 0
1726827174935 0.8259587287902832 0
1726827174989 0.8348082304000854 0
1726827175041 0.8279252648353577 0
1726827175093 0.8298918604850769 0
1726827175147 0.8515241146087646 0
1726827175203 0.8515241146087646 0
1726827175257 0.8495575189590454 0
1726827175309 0.8515241146087646 0
1726827175360 0.8584070801734924 0
1726827175420 0.8613569140434265 0
1726827175484 0.8633235096931458 0
1726827175541 0.8810226321220398 0
1726827175598 0.8928220272064209 0
1726827175653 0.8800393342971802 0
1726827175710 0.8977384567260742 0
1726827175768 0.9036381244659424 0
1726827175823 0.9075713157653809 0
1726827175877 0.913470983505249 0
1726827175934 0.9390363693237305 0
1726827175988 0.937069833278656 0
1726827176042 0.9528023600578308 0
1726827176098 0.9734513163566589 0
1726827176152 0.9606686234474182 0
1726827176208 0.9655850529670715 0
1726827176262 0.9596853256225586 0
1726827176316 0.9754179120063782 0
1726827176371 0.9882006049156189 0
1726827176427 0.9862340092658997 0
1726827176482 0.9862340092658997 0
1726827176536 0.9960668683052063 0
1726827176589 1.0009832382202148 0
1726827176645 1.0127826929092407 0
1726827176699 1.0127826929092407 0
1726827176755 1.0127826929092407 0
1726827176811 1.0245821475982666 0
1726827176862 1.021632194519043 0
1726827176909 1.0137659311294556 0
1726827176956 1.0442477464675903 0
1726827177004 1.02949857711792 0
1726827177071 1.0442477464675903 0
1726827177123 1.039331316947937 0
1726827177177 1.02949857711792 0
1726827177229 1.0442477464675903 0
1726827177282 1.0629302263259888 0
1726827177337 1.0599803924560547 0
1726827177392 1.0580137968063354 0
1726827177450 1.0727630853652954 0
