1703844641183 0.6853143498301506 0
1703844641215 0.6542655155062675 0
1703844641245 0.5890184342861176 0
1703844641282 0.4808323048055172 0
1703844641314 0.4071926102042198 0
1703844641347 0.40757523477077484 0
1703844641383 0.395463515073061 0
1703844641418 0.39355142787098885 0
1703844641453 0.3930383436381817 0
1703844641489 0.39217226579785347 0
1703844641525 0.39203426241874695 0
1703844641562 0.39168842136859894 0
1703844641598 0.3914883956313133 0
1703844641634 0.39127642661333084 0
1703844641670 0.3910885863006115 0
1703844641780 0.39090104028582573 0
1703844641822 0.39066366851329803 0
