1703844641188 0.8299388885498047 0
1703844641220 0.8472505211830139 0
1703844641250 0.8360489010810852 0
1703844641288 0.8299388885498047 0
1703844641320 0.8167006373405457 0
1703844641353 0.8309572339057922 0
1703844641390 0.9205702543258667 0
1703844641424 0.9073320031166077 0
1703844641459 0.9378818869590759 0
1703844641495 0.958248496055603 0
1703844641532 0.9735234379768372 0
1703844641568 0.976578414440155 0
1703844641604 1.0254582166671753 0
1703844641640 1.0274949073791504 0
1703844641677 1.0773930549621582 0
1703844641788 1.0682281255722046 0
1703844641828 1.1252546310424805 0
