1709287842375 0.7858585715293884 0
1709287842408 0.7929292917251587 0
1709287842441 0.7898989915847778 0
1709287842472 0.7878788113594055 0
1709287842503 0.821212112903595 0
1709287842534 0.8323232531547546 0
1709287842568 0.8232323527336121 0
1709287842601 0.834343433380127 0
1709287842635 0.8868687152862549 0
1709287842665 0.8858585953712463 0
1709287842697 0.95252525806427 0
1709287842729 0.9464646577835083 0
1709287842760 0.9727272987365723 0
1709287842791 0.9828282594680786 0
1709287842825 1.0010100603103638 0
1709287842858 1.0222222805023193 0
