1720174418165 0.8401191830635071 0
1720174418247 0.826216459274292 0
1720174418327 0.8192651271820068 0
1720174418407 0.8212512135505676 0
1720174418492 0.9384309649467468 0
1720174418571 0.9731876850128174 0
1720174418653 1.0139026641845703 0
1720174418742 1.0287984609603882 0
1720174418830 1.0744786262512207 0
1720174418966 1.12611722946167 0
1720174419063 1.1658390760421753 0
1720174419162 1.196623682975769 0
1720174419258 1.2740814685821533 0
1720174419359 1.3048659563064575 0
1720174419443 1.3336642980575562 0
1720174419528 1.4260178804397583 0
