1717755084986 0.7746759653091431 0
1717755085018 0.7776669859886169 0
1717755085094 0.7746759653091431 0
1717755085127 0.7776669859886169 0
1717755085160 0.775672972202301 0
1717755085194 0.776669979095459 0
1717755085228 0.776669979095459 0
1717755085264 0.776669979095459 0
1717755085300 0.776669979095459 0
1717755085332 0.775672972202301 0
1717755085364 0.794616162776947 0
1717755085395 0.7996011972427368 0
1717755085427 0.8544366955757141 0
1717755085502 0.8983050584793091 0
1717755085532 0.9162512421607971 0
1717755085563 0.9252243041992188 0
1717755085595 0.9641076922416687 0
1717755085628 0.9750747680664062 0
1717755085662 0.9750747680664062 0
1717755085695 0.9770687818527222 0
1717755085728 1.0069791078567505 0
1717755085759 1.0099700689315796 0
1717755085790 1.040877342224121 0
1717755085821 1.044865369796753 0
1717755085852 1.0528414249420166 0
1717755085884 1.0568294525146484 0
