1708078289950 0.6813882514834404 0
1708078289983 0.6786549985408783 0
1708078290018 0.6755506321787834 0
1708078290052 0.6721658334136009 0
1708078290087 0.6680561378598213 0
1708078290120 0.663098618388176 0
1708078290152 0.6570876985788345 0
1708078290184 0.6496136784553528 0
1708078290216 0.6403796747326851 0
1708078290249 0.6292372643947601 0
1708078290281 0.6157513409852982 0
1708078290313 0.5996058359742165 0
1708078290346 0.5809738412499428 0
1708078290379 0.5597328394651413 0
1708078290411 0.53630630671978 0
1708078290443 0.5120794922113419 0
1708078290476 0.48789723962545395 0
1708078290508 0.46575434505939484 0
1708078290540 0.4467325396835804 0
1708078290573 0.43189991265535355 0
1708078290605 0.4207039587199688 0
1708078290637 0.41323496028780937 0
1708078290669 0.40780509635806084 0
1708078290702 0.40444769710302353 0
1708078290735 0.40193458274006844 0
1708078290767 0.39996491372585297 0
1708078290800 0.3984854556620121 0
1708078290832 0.3972388915717602 0
1708078290865 0.396287277340889 0
1708078290898 0.3954858332872391 0
1708078290930 0.39489928632974625 0
1708078290963 0.3943994380533695 0
1708078290996 0.3940337598323822 0
1708078291030 0.39367344230413437 0
1708078291064 0.393352422863245 0
1708078291098 0.39319800212979317 0
1708078291132 0.3929700069129467 0
1708078291166 0.39279742166399956 0
1708078291199 0.3927479684352875 0
1708078291234 0.3926215395331383 0
1708078291267 0.39251410216093063 0
1708078291299 0.3924524001777172 0
1708078291332 0.3923789672553539 0
1708078291365 0.39230652526021004 0
1708078291398 0.3922717534005642 0
1708078291431 0.39221249148249626 0
1708078291463 0.3922058194875717 0
1708078291496 0.3921200521290302 0
1708078291531 0.39207589626312256 0
1708078291564 0.3920571506023407 0
1708078291597 0.3920504078269005 0
1708078291649 0.39198096096515656 0
1708078291682 0.39193620160222054 0
1708078291716 0.3919364623725414 0
1708078291749 0.3918662779033184 0
1708078291783 0.39185262471437454 0
1708078291817 0.39180655404925346 0
1708078291851 0.3918107897043228 0
1708078291884 0.3917766883969307 0
1708078291918 0.3917323611676693 0
1708078291953 0.3917069546878338 0
1708078291986 0.3916715569794178 0
1708078292020 0.3915962874889374 0
1708078292052 0.3915981501340866 0
1708078292084 0.3915504440665245 0
1708078292116 0.3915117345750332 0
1708078292150 0.3914741091430187 0
1708078292183 0.3914613053202629 0
1708078292216 0.39138302206993103 0
1708078292249 0.3913516737520695 0
1708078292282 0.39135899394750595 0
1708078292314 0.3912872150540352 0
1708078292347 0.3912539780139923 0
1708078292506 0.39122650772333145 0
1708078292539 0.39118944108486176 0
1708078292573 0.3911690041422844 0
1708078292608 0.39113083854317665 0
