1730456036797 0.6854371726512909 0
1730456036867 0.674324531108141 0
1730456036936 0.6573836840689182 0
1730456037003 0.6285540163516998 0
1730456037171 0.5816791243851185 0
1730456037236 0.5172873605042696 0
1730456037302 0.4522148985415697 0
1730456037367 0.4116518758237362 0
1730456037436 0.39836646243929863 0
1730456037507 0.3950458448380232 0
1730456037668 0.3934412021189928 0
1730456037739 0.3926969189196825 0
1730456037806 0.39236863143742085 0
1730456037871 0.39219686575233936 0
1730456037937 0.39203358069062233 0
1730456038004 0.3919283803552389 0
1730456038072 0.39182226173579693 0
1730456038140 0.391719538718462 0
1730456038203 0.3916026521474123 0
1730456038268 0.39149777963757515 0
1730456038331 0.39139810390770435 0
1730456038420 0.39127710089087486 0
1730456038539 0.39118408411741257 0
1730456038597 0.39104807563126087 0
1730456038657 0.39092807099223137 0
