1730456036810 0.8003913760185242 0
1730456036878 0.8033267855644226 0
1730456036947 0.7896282076835632 0
1730456037015 0.7710371613502502 0
1730456037182 0.7710371613502502 0
1730456037247 0.7788649797439575 0
1730456037314 0.7945205569267273 0
1730456037378 0.805283784866333 0
1730456037447 0.8170254230499268 0
1730456037519 0.8365949392318726 0
1730456037679 0.8551859259605408 0
1730456037750 0.9021526575088501 0
1730456037818 0.9197651743888855 0
1730456037882 0.9598825573921204 0
1730456037949 0.9598825573921204 0
1730456038016 0.9726027250289917 0
1730456038083 0.9774951338768005 0
1730456038151 0.9921721816062927 0
1730456038215 0.9960861206054688 0
1730456038279 1.018591046333313 0
1730456038341 1.0195695161819458 0
1730456038435 1.0195695161819458 0
1730456038549 1.046966791152954 0
1730456038607 1.0547945499420166 0
1730456038667 1.0665361881256104 0
