1685700606329 0.764397919178009 0
1685700606363 0.7706806063652039 0
1685700606395 0.7780104875564575 0
1685700606428 0.7853403091430664 0
1685700606461 0.7832460999488831 0
1685700606501 0.8031413555145264 0
1685700606534 0.7947643995285034 0
1685700606569 0.7979057431221008 0
1685700606601 0.8209424018859863 0
1685700606635 0.8282722234725952 0
1685700606670 0.8178010582923889 0
1685700606702 0.8251308798789978 0
1685700606735 0.8272251486778259 0
1685700606769 0.8219895362854004 0
1685700606802 0.809424102306366 0
1685700606835 0.800000011920929 0
1685700606869 0.7926701307296753 0
1685700606901 0.791623055934906 0
1685700606932 0.7979057431221008 0
1685700606963 0.8020942211151123 0
1685700606996 0.8083769679069519 0
1685700607027 0.7979057431221008 0
1685700607059 0.800000011920929 0
1685700607091 0.8062826991081238 0
1685700607124 0.7937172651290894 0
1685700607156 0.7842931747436523 0
1685700607188 0.7832460999488831 0
1685700607220 0.7905759215354919 0
1685700607251 0.7884816527366638 0
1685700607283 0.7811518311500549 0
1685700607315 0.7874345779418945 0
1685700607346 0.7968586683273315 0
1685700607378 0.800000011920929 0
1685700607409 0.7905759215354919 0
1685700607441 0.7937172651290894 0
1685700607472 0.809424102306366 0
1685700607503 0.8125654458999634 0
1685700607535 0.8104711771011353 0
1685700607566 0.8219895362854004 0
1685700607597 0.8240837454795837 0
1685700607629 0.8324607610702515 0
1685700607660 0.8397905826568604 0
1685700607692 0.8471204042434692 0
1685700607723 0.8795811533927917 0
1685700607755 0.8931937217712402 0
1685700607791 0.9130889773368835 0
1685700607822 0.9350785613059998 0
1685700607855 0.9413612484931946 0
1685700607886 0.9570680856704712 0
1685700607917 0.9643979072570801 0
1685700607948 0.9602094292640686 0
1685700607979 0.9654450416564941 0
1685700608009 0.9780104756355286 0
1685700608039 0.9780104756355286 0
