1699006267919 0.7928205132484436 0
1699006267954 0.8235897421836853 0
1699006267989 0.8215384483337402 0
1699006268023 0.8123077154159546 0
1699006268058 0.8071795105934143 0
1699006268094 0.8215384483337402 0
1699006268128 0.800000011920929 0
1699006268162 0.7907692193984985 0
1699006268200 0.7876923084259033 0
1699006268267 0.7835897207260132 0
1699006268302 0.837948739528656 0
1699006268337 0.9148718118667603 0
1699006268372 0.9579487442970276 0
1699006268405 0.9723076820373535 0
1699006268441 0.9589743614196777 0
1699006268476 0.9661538600921631 0
1699006268510 0.9764102697372437 0
1699006268545 1.0 0
1699006268580 0.9917948842048645 0
1699006268615 1.0287179946899414 0
1699006268650 1.0666667222976685 0
1699006268685 1.056410312652588 0
1699006268720 1.0964102745056152 0
1699006268754 1.0974359512329102 0
1699006268789 1.1148717403411865 0
1699006268823 1.1394871473312378 0
1699006268858 1.1558973789215088 0
1699006268892 1.1794872283935547 0
1699006268925 1.1743589639663696 0
1699006268959 1.196923017501831 0
1699006268994 1.2041025161743164 0
1699006269028 1.2174359560012817 0
1699006269062 1.2502564191818237 0
