1695377476679 0.7835051417350769 0
1695377476785 0.7989690899848938 0
1695377476904 0.808247447013855 0
1695377477018 0.7969072461128235 0
1695377477084 0.807216465473175 0
1695377477147 0.8030927777290344 0
1695377477209 0.8175257444381714 0
1695377477280 0.8123711347579956 0
1695377477345 0.8360824584960938 0
1695377477407 0.8680412173271179 0
1695377477468 0.8876288533210754 0
1695377477530 0.8958762884140015 0
1695377477602 0.9329897165298462 0
1695377477665 0.9432989954948425 0
1695377477728 0.9474226832389832 0
1695377477790 0.9567010402679443 0
1695377477852 0.9587628841400146 0
1695377477917 0.9814432859420776 0
