1695377476673 0.6824564280048493 0
1695377476775 0.6672514004092063 0
1695377476888 0.6397252082824707 0
1695377477012 0.5907715347505385 0
1695377477077 0.5188185111168893 0
1695377477142 0.44969249156213575 0
1695377477204 0.4119007539364599 0
1695377477275 0.3998374285236482 0
1695377477339 0.396033703319488 0
1695377477402 0.39429966192091664 0
1695377477463 0.39334260648296726 0
1695377477525 0.39283856845671133 0
1695377477596 0.39248596948962056 0
1695377477660 0.39230243813607 0
1695377477723 0.39218838272556183 0
1695377477785 0.39206021062789426 0
1695377477847 0.3919683435270863 0
1695377477911 0.3918448936554693 0
