1729246441743 0.7843137383460999 0
1729246441788 0.7754902243614197 0
1729246441831 0.7784313559532166 0
1729246441875 0.7754902243614197 0
1729246441917 0.7745097875595093 0
1729246441961 0.8029412031173706 0
1729246442003 0.8960784077644348 0
1729246442051 0.9441176652908325 0
1729246442095 0.949999988079071 0
1729246442142 0.9460784196853638 0
1729246442188 1.0049020051956177 0
1729246442231 1.029411792755127 0
1729246442275 1.0470588207244873 0
1729246442318 1.070588231086731 0
1729246442361 1.0882352590560913 0
1729246442404 1.1205881834030151 0
1729246442446 1.1549019813537598 0
