1699006271188 0.8287179470062256 0
1699006271240 0.8194871544837952 0
1699006271439 0.8030769228935242 0
1699006271619 0.8071795105934143 0
1699006271668 0.780512809753418 0
1699006271715 0.7907692193984985 0
1699006271762 0.780512809753418 0
1699006271810 0.7958974242210388 0
1699006271860 0.8164102435112 0
1699006271907 0.8389743566513062 0
1699006271955 0.9005128145217896 0
1699006272003 0.9323077201843262 0
1699006272050 0.9189743399620056 0
1699006272096 0.9630769491195679 0
1699006272142 0.9507692456245422 0
1699006272187 0.9589743614196777 0
1699006272236 0.947692334651947 0
1699006272287 0.980512797832489 0
1699006272332 0.9723076820373535 0
1699006272379 0.9958974123001099 0
1699006272424 1.0348718166351318 0
1699006272469 1.0625641345977783 0
1699006272516 1.0728205442428589 0
1699006272561 1.0523077249526978 0
1699006272608 1.076923131942749 0
