1694167805984 0.797520637512207 0
1694167806022 0.8006198406219482 0
1694167806060 0.80888432264328 0
1694167806098 0.8295454382896423 0
1694167806136 0.8460744023323059 0
1694167806175 0.8481404781341553 0
1694167806213 0.8264462947845459 0
1694167806251 0.8212810158729553 0
1694167806288 0.8243801593780518 0
1694167806327 0.8202479481697083 0
1694167806366 0.8254132270812988 0
1694167806404 0.8316115736961365 0
1694167806442 0.83574378490448 0
1694167806479 0.8512396812438965 0
1694167806517 0.8533057570457458 0
1694167806555 0.8760330677032471 0
1694167806593 0.8791322112083435 0
1694167806631 0.8801652789115906 0
1694167806669 0.9059917330741882 0
1694167806707 0.9121900796890259 0
1694167806745 0.9183884263038635 0
1694167806786 0.9090909361839294 0
1694167806823 0.9287189841270447 0
1694167806860 0.9493801593780518 0
1694167806897 0.9741735458374023 0
1694167806935 0.9834710955619812 0
1694167806974 0.9845041036605835 0
1694167807012 0.9989669322967529 0
1694167807049 1.030991792678833 0
1694167807087 1.0340908765792847 0
1694167807124 1.0289256572723389 0
1694167807163 1.0268595218658447 0
1694167807202 1.045454502105713 0
1694167807239 1.0640496015548706 0
1694167807277 1.079545497894287 0
1694167807320 1.1053719520568848 0
1694167807356 1.1064049005508423 0
1694167807395 1.126033067703247 0
1694167807432 1.1291322708129883 0
