1710497397565 0.6923957616090775 0
1710497397592 0.6857904717326164 0
1710497397621 0.6773526892066002 0
1710497397651 0.6659370511770248 0
1710497397681 0.6501330733299255 0
1710497397708 0.628788560628891 0
1710497397737 0.6010528653860092 0
1710497397767 0.5674623772501945 0
1710497397794 0.5306144058704376 0
1710497397826 0.4943683594465256 0
1710497397942 0.4627062454819679 0
1710497397973 0.4389233626425266 0
1710497398004 0.423202458769083 0
1710497398037 0.41332365572452545 0
1710497398068 0.4071934260427952 0
1710497398095 0.40268152952194214 0
1710497398121 0.39953816309571266 0
1710497398147 0.3971082270145416 0
1710497398172 0.3955533802509308 0
1710497398198 0.3943917751312256 0
1710497398224 0.39354193583130836 0
1710497398250 0.39300570636987686 0
1710497398276 0.3925551474094391 0
1710497398301 0.3921782113611698 0
1710497398327 0.3919479064643383 0
1710497398353 0.39179782196879387 0
1710497398379 0.39163976162672043 0
1710497398405 0.3915255032479763 0
1710497398431 0.39140283688902855 0
1710497398458 0.3912847526371479 0
1710497398484 0.3912102058529854 0
1710497398510 0.39111003279685974 0
1710497398537 0.3909962400794029 0
1710497398562 0.3909224011003971 0
1710497398588 0.39081620052456856 0
