1715335941613 0.7003305703401566 0
1715335941646 0.6965087354183197 0
1715335941678 0.6923900246620178 0
1715335941710 0.6866413429379463 0
1715335941742 0.6774855926632881 0
1715335941774 0.6627638563513756 0
1715335941806 0.6400068029761314 0
1715335941838 0.6073045805096626 0
1715335941871 0.565570242702961 0
1715335941904 0.519543007016182 0
1715335941938 0.4778826870024204 0
1715335941976 0.4471341744065285 0
1715335942017 0.4284684807062149 0
1715335942074 0.41713883355259895 0
1715335942116 0.4090830832719803 0
1715335942152 0.4034554995596409 0
1715335942185 0.3993498608469963 0
1715335942219 0.39686452597379684 0
1715335942250 0.3951702304184437 0
1715335942281 0.39406126365065575 0
1715335942319 0.3932120278477669 0
1715335942354 0.3926677145063877 0
1715335942386 0.3922850117087364 0
1715335942416 0.3920045532286167 0
1715335942446 0.39172986149787903 0
1715335942475 0.3915766403079033 0
1715335942504 0.3914214111864567 0
