1686305422103 0.6808309038480123 0
1686305422157 0.6080687006314596 0
1686305422213 0.45346613923708595 0
1686305422265 0.402712881565094 0
1686305422318 0.39361799756685895 0
1686305422372 0.3927116831143697 0
1686305422426 0.39216532905896506 0
1686305422478 0.3918440361817678 0
1686305422530 0.3915898601214091 0
1686305422590 0.39126803080240885 0
1686305422646 0.39098311463991803 0
1686305422701 0.39065450032552085 0
1686305422755 0.39031516313552855 0
1686305422812 0.3899414281050364 0
1686305422866 0.389532470703125 0
1686305422919 0.3890335420767466 0
1686305422974 0.3885132749875387 0
1686305423024 0.3880131602287292 0
1686305423077 0.38732991019884744 0
1686305423130 0.38665706713994347 0
