1714126225086 0.6825048439204693 0
1714126225130 0.6544395498931408 0
1714126225172 0.5967304073274136 0
1714126225213 0.497136477380991 0
1714126225258 0.41317942924797535 0
1714126225300 0.39668735302984715 0
1714126225342 0.3935804832726717 0
1714126225384 0.3925872929394245 0
1714126225425 0.39224717020988464 0
1714126225467 0.3920937906950712 0
1714126225508 0.39195867255330086 0
1714126225550 0.3918195739388466 0
1714126225591 0.3917764388024807 0
1714126225632 0.39148987270891666 0
1714126225672 0.3913570959120989 0
1714126225713 0.39115797355771065 0
1714126225754 0.39102164655923843 0
1714126225796 0.3907863572239876 0
