1728036733684 0.8222004175186157 0
1728036733716 0.8339881896972656 0
1728036733746 0.8457760214805603 0
1728036733777 0.8349705338478088 0
1728036733807 0.8290766477584839 0
1728036733838 0.8271119594573975 0
1728036733869 0.835952877998352 0
1728036733899 0.8369351625442505 0
1728036733929 0.8379175066947937 0
1728036733959 0.8310412764549255 0
1728036733990 0.8251473307609558 0
1728036734019 0.816306471824646 0
1728036734049 0.8192534446716309 0
1728036734079 0.816306471824646 0
1728036734109 0.8153241872787476 0
1728036734139 0.8064833283424377 0
1728036734170 0.8064833283424377 0
1728036734210 0.8055009841918945 0
1728036734245 0.7996070981025696 0
1728036734277 0.800589382648468 0
1728036734308 0.8133594989776611 0
1728036734340 0.826129674911499 0
1728036734373 0.8555992245674133 0
1728036734414 0.8752455711364746 0
1728036734447 0.8850687742233276 0
1728036734480 0.9037328362464905 0
1728036734510 0.9135559797286987 0
1728036734540 0.9292730689048767 0
