1691748865035 0.7811203598976135 0
1691748865080 0.7873443961143494 0
1691748865215 0.7790456414222717 0
1691748865246 0.7925311326980591 0
1691748865277 0.7831950187683105 0
1691748865307 0.7769709825515747 0
1691748865337 0.7914937734603882 0
1691748865368 0.7946057915687561 0
1691748865413 0.79356849193573 0
1691748865487 0.7780082821846008 0
1691748865552 0.7966805100440979 0
1691748865630 0.795643150806427 0
1691748865692 0.7977178692817688 0
1691748865753 0.7852697372436523 0
1691748865815 0.7946057915687561 0
1691748865883 0.7997925281524658 0
1691748865939 0.7987551689147949 0
1691748865986 0.7977178692817688 0
1691748866031 0.7894191145896912 0
1691748866080 0.8018672466278076 0
1691748866126 0.8091286420822144 0
1691748866172 0.8257261514663696 0
1691748866222 0.8236514329910278 0
1691748866362 0.8464730381965637 0
1691748866464 0.8402489423751831 0
1691748866495 0.8682572841644287 0
1691748866547 0.8941908478736877 0
1691748866660 0.9118257164955139 0
1691748866718 0.9346473217010498 0
1691748866766 0.9346473217010498 0
1691748866822 0.9616182446479797 0
1691748866872 0.9709543585777283 0
1691748866921 0.9802904725074768 0
1691748866969 0.9865145087242126 0
1691748867044 0.9958506226539612 0
1691748867142 1.0207469463348389 0
1691748867204 1.0352697372436523 0
1691748867269 1.0280083417892456 0
1691748867328 1.0446058511734009 0
1691748867395 1.042531132698059 0
1691748867449 1.047717809677124 0
1691748867514 1.0466804504394531 0
1691748867572 1.067427396774292 0
1691748867623 1.068464756011963 0
1691748867677 1.0705394744873047 0
1691748867743 1.0809128284454346 0
1691748867813 1.0767635107040405 0
1691748867872 1.0892115831375122 0
1691748867927 1.1037344932556152 0
1691748867985 1.1089211702346802 0
1691748868055 1.1203320026397705 0
1691748868113 1.1296679973602295 0
1691748868171 1.1452282667160034 0
1691748868257 1.1545642614364624 0
1691748868325 1.1680498123168945 0
1691748868396 1.1607884168624878 0
