1713521490158 0.8034102320671082 0
1713521490192 0.8144433498382568 0
1713521490225 0.80842524766922 0
1713521490257 0.8134403228759766 0
1713521490289 0.8064192533493042 0
1713521490324 0.8114343285560608 0
1713521490358 0.8164493441581726 0
1713521490393 0.8144433498382568 0
1713521490425 0.8134403228759766 0
1713521490457 0.7993981838226318 0
1713521490491 0.7953861355781555 0
1713521490536 0.791374146938324 0
1713521490571 0.791374146938324 0
1713521490660 0.7873620986938477 0
1713521490695 0.7983951568603516 0
1713521490738 0.8014042377471924 0
1713521490774 0.7953861355781555 0
1713521490810 0.7903711199760437 0
1713521490849 0.791374146938324 0
1713521490887 0.7993981838226318 0
1713521490929 0.7983951568603516 0
1713521490972 0.7823470234870911 0
1713521491014 0.7923771142959595 0
1713521491051 0.7903711199760437 0
1713521491091 0.7993981838226318 0
1713521491136 0.7973921895027161 0
1713521491174 0.7983951568603516 0
1713521491209 0.7953861355781555 0
1713521491245 0.7973921895027161 0
1713521491278 0.7933801412582397 0
1713521491312 0.7923771142959595 0
1713521491344 0.7933801412582397 0
1713521491376 0.7903711199760437 0
1713521491409 0.7903711199760437 0
1713521491442 0.7973921895027161 0
1713521491475 0.7983951568603516 0
1713521491509 0.8024072051048279 0
1713521491544 0.8104313015937805 0
1713521491577 0.8134403228759766 0
1713521491667 0.80842524766922 0
1713521491710 0.80842524766922 0
1713521491746 0.8114343285560608 0
1713521491782 0.8134403228759766 0
1713521491817 0.8134403228759766 0
1713521491854 0.8174523711204529 0
1713521491887 0.8184553384780884 0
1713521491937 0.8194583654403687 0
1713521491979 0.8244734406471252 0
1713521492015 0.8224673867225647 0
1713521492087 0.8274824619293213 0
1713521492157 0.8324974775314331 0
1713521492237 0.8345035314559937 0
1713521492308 0.8345035314559937 0
1713521492363 0.8365095257759094 0
1713521492463 0.8335005044937134 0
1713521492555 0.8335005044937134 0
1713521492597 0.8335005044937134 0
1713521492638 0.8314945101737976 0
1713521492681 0.8345035314559937 0
1713521492722 0.841524600982666 0
1713521492766 0.8455365896224976 0
1713521492851 0.8515546917915344 0
1713521492905 0.855566680431366 0
1713521492941 0.8635907769203186 0
1713521492974 0.8756268620491028 0
1713521493011 0.8766298890113831 0
1713521493044 0.8776329159736633 0
1713521493078 0.8846539855003357 0
1713521493110 0.8896690011024475 0
1713521493144 0.8896690011024475 0
1713521493178 0.8956870436668396 0
1713521493212 0.9047141671180725 0
1713521493245 0.902708113193512 0
1713521493279 0.8956870436668396 0
1713521493313 0.8956870436668396 0
1713521493347 0.9017050862312317 0
1713521493380 0.9197592735290527 0
