1731060771288 0.6838441789150238 0
1731060771341 0.6245178990066051 0
1731060771396 0.48313057981431484 0
1731060771448 0.4071652162820101 0
1731060771585 0.3943190835416317 0
1731060771640 0.3926083277910948 0
1731060771691 0.3919779397547245 0
1731060771742 0.39168561063706875 0
1731060771794 0.3913601078093052 0
1731060771845 0.39104573987424374 0
1731060771989 0.39076267182826996 0
1731060772042 0.3903256431221962 0
1731060772092 0.3899741396307945 0
1731060772142 0.38944966718554497 0
1731060772191 0.38891059160232544 0
1731060772240 0.3883202653378248 0
1731060772289 0.3876550029963255 0
