1714126210500 0.6949979290366173 0
1714126210539 0.6827076822519302 0
1714126210577 0.661667488515377 0
1714126210728 0.6225282475352287 0
1714126210769 0.559391163289547 0
1714126210809 0.48281884752213955 0
1714126210954 0.4262822512537241 0
1714126210999 0.40468214079737663 0
1714126211042 0.39840993843972683 0
1714126211084 0.395358944311738 0
1714126211124 0.3937679100781679 0
1714126211164 0.3930228669196367 0
1714126211204 0.39258510805666447 0
1714126211243 0.3923465237021446 0
1714126211287 0.3921156544238329 0
1714126211330 0.39202889427542686 0
1714126211370 0.39185393787920475 0
1714126211410 0.3917509336024523 0
1714126211487 0.3916609175503254 0
