1695377457310 0.8103092908859253 0
1695377457344 0.8092783689498901 0
1695377457379 0.8041236996650696 0
1695377457436 0.7958762645721436 0
1695377457471 0.7979381680488586 0
1695377457505 0.8030927777290344 0
1695377457538 0.807216465473175 0
1695377457572 0.8113402128219604 0
1695377457605 0.8092783689498901 0
1695377457638 0.8257731795310974 0
1695377457673 0.8154639005661011 0
1695377457707 0.8041236996650696 0
1695377457743 0.8061855435371399 0
1695377457807 0.8237113356590271 0
1695377457880 0.8113402128219604 0
1695377457965 0.8113402128219604 0
1695377458022 0.8288660049438477 0
1695377458072 0.8525773286819458 0
1695377458124 0.8577319383621216 0
1695377458181 0.8742268085479736 0
1695377458235 0.8886597752571106 0
1695377458289 0.9061855673789978 0
1695377458338 0.9144330024719238 0
1695377458386 0.9453608393669128 0
1695377458444 0.9515463709831238 0
1695377458496 0.9536082744598389 0
1695377458552 0.9814432859420776 0
1695377458604 0.9886597990989685 0
1695377458654 1.007216453552246 0
1695377458700 1.016494870185852 0
1695377458744 1.0103092193603516 0
1695377458790 1.0412371158599854 0
1695377458840 1.0659793615341187 0
1695377458946 1.0608247518539429 0
1695377459003 1.0824742317199707 0
