1718359876101 0.6830488219857216 0
1718359876141 0.6794647723436356 0
1718359876179 0.6757643185555935 0
1718359876347 0.6713644005358219 0
1718359876389 0.6656526252627373 0
1718359876430 0.657734427601099 0
1718359876564 0.6471740901470184 0
1718359876660 0.6335081942379475 0
1718359876726 0.6168896295130253 0
1718359876768 0.5977326408028603 0
1718359876805 0.576490543782711 0
1718359876846 0.5535722263157368 0
1718359876885 0.5298445895314217 0
1718359876924 0.5064228344708681 0
1718359876964 0.48470479249954224 0
1718359877007 0.46577941440045834 0
1718359877047 0.44997086003422737 0
1718359877083 0.43682023882865906 0
1718359877135 0.42668917775154114 0
1718359877176 0.4189049396663904 0
1718359877216 0.41271838173270226 0
1718359877258 0.4080383274704218 0
1718359877293 0.4045036043971777 0
1718359877330 0.4016865584999323 0
1718359877369 0.39952677488327026 0
1718359877406 0.3979030456393957 0
1718359877486 0.39659774862229824 0
1718359877562 0.3956209719181061 0
1718359877603 0.3948045913130045 0
1718359877642 0.3941202610731125 0
1718359877680 0.39364572055637836 0
1718359877718 0.39318161457777023 0
1718359877756 0.39285832829773426 0
1718359877795 0.3925561010837555 0
1718359877834 0.39232875034213066 0
1718359877974 0.39212788455188274 0
1718359878014 0.39196405559778214 0
1718359878056 0.39183422550559044 0
1718359878127 0.3917163033038378 0
1718359878218 0.3916141055524349 0
1718359878263 0.39153800532221794 0
1718359878308 0.39142476208508015 0
1718359878348 0.3913122247904539 0
