1718359876110 0.7978087663650513 0
1718359876149 0.7978087663650513 0
1718359876189 0.7908366322517395 0
1718359876356 0.7838645577430725 0
1718359876398 0.8057768940925598 0
1718359876439 0.798804759979248 0
1718359876577 0.7908366322517395 0
1718359876669 0.8037848472595215 0
1718359876734 0.7998008131980896 0
1718359876776 0.8007968068122864 0
1718359876814 0.8137450218200684 0
1718359876854 0.7958167195320129 0
1718359876894 0.7968127727508545 0
1718359876933 0.782868504524231 0
1718359876973 0.7808765172958374 0
1718359877016 0.7858565449714661 0
1718359877054 0.7808765172958374 0
1718359877099 0.7848605513572693 0
1718359877143 0.7808765172958374 0
1718359877184 0.7788844704627991 0
1718359877225 0.7818725109100342 0
1718359877265 0.782868504524231 0
1718359877302 0.7848605513572693 0
1718359877337 0.782868504524231 0
1718359877376 0.7908366322517395 0
1718359877415 0.7958167195320129 0
1718359877534 0.8027888536453247 0
1718359877571 0.8037848472595215 0
1718359877611 0.8167330622673035 0
1718359877650 0.8286852836608887 0
1718359877689 0.8366534113883972 0
1718359877726 0.8605577945709229 0
1718359877764 0.8884462118148804 0
1718359877804 0.9023904204368591 0
1718359877842 0.9023904204368591 0
1718359877983 0.925298810005188 0
1718359878024 0.9332669377326965 0
1718359878065 0.9372509717941284 0
1718359878138 0.9402390718460083 0
1718359878228 0.9521912336349487 0
1718359878273 0.9571713209152222 0
1718359878317 0.9651394486427307 0
1718359878357 0.9810757040977478 0
