1697191867928 0.8158436417579651 0
1697191867997 0.7911522388458252 0
1697191868038 0.7798354029655457 0
1697191868077 0.7890946269035339 0
1697191868117 0.8189300298690796 0
1697191868156 0.8148148059844971 0
1697191868196 0.8333333134651184 0
1697191868235 0.8981481194496155 0
1697191868274 0.8960905075073242 0
1697191868314 0.9248971343040466 0
1697191868354 0.9578189253807068 0
1697191868394 0.959876537322998 0
1697191868433 0.991769552230835 0
1697191868472 1.0144033432006836 0
1697191868511 1.0092592239379883 0
1697191868551 1.0699588060379028 0
1697191868595 1.0781892538070679 0
1697191868636 1.0853909254074097 0
1697191868674 1.1172839403152466 0
1697191868715 1.1543209552764893 0
1697191868754 1.199588418006897 0
1697191868794 1.2345678806304932 0
1697191868834 1.2201646566390991 0
1697191868872 1.258230447769165 0
1697191868911 1.2438271045684814 0
1697191868951 1.356995940208435 0
1697191868990 1.3971192836761475 0
1697191869029 1.4228395223617554 0
1697191869069 1.4444444179534912 0
1697191869107 1.4639917612075806 0
1697191869147 1.5555555820465088 0
1697191869186 1.5740740299224854 0
1697191869225 1.6121399402618408 0
