1712311961577 0.7396984696388245 0
1712311961622 0.7507537603378296 0
1712311961668 0.7608039975166321 0
1712311961712 0.7668341994285583 0
1712311961757 0.7608039975166321 0
1712311961801 0.7678391933441162 0
1712311961845 0.7658291459083557 0
1712311961891 0.7597990036010742 0
1712311961936 0.7708542943000793 0
1712311961983 0.8070351481437683 0
1712311962027 0.8190954923629761 0
1712311962071 0.7939698696136475 0
1712311962117 0.7889447212219238 0
1712311962161 0.7819095253944397 0
1712311962204 0.7648240923881531 0
1712311962248 0.7618090510368347 0
1712311962290 0.7668341994285583 0
1712311962333 0.7708542943000793 0
1712311962379 0.7698492407798767 0
1712311962426 0.7628140449523926 0
1712311962470 0.7628140449523926 0
1712311962514 0.7608039975166321 0
1712311962558 0.7597990036010742 0
1712311962603 0.7608039975166321 0
1712311962672 0.7608039975166321 0
1712311962716 0.7567839026451111 0
1712311962759 0.7597990036010742 0
1712311962804 0.7638190984725952 0
1712311962848 0.7688442468643188 0
1712311962894 0.7728643417358398 0
1712311962940 0.7648240923881531 0
1712311962985 0.7698492407798767 0
1712311963030 0.7869346737861633 0
1712311963075 0.791959822177887 0
1712311963119 0.8120602965354919 0
1712311963194 0.8231155872344971 0
1712311963239 0.8301507830619812 0
1712311963283 0.8361809253692627 0
1712311963328 0.8412060141563416 0
1712311963372 0.8351758718490601 0
1712311963416 0.8663316369056702 0
1712311963460 0.8773869276046753 0
1712311963503 0.8874371647834778 0
1712311963549 0.8954774141311646 0
1712311963594 0.8994975090026855 0
1712311963638 0.9075376987457275 0
1712311963683 0.925628125667572 0
1712311963726 0.9356783628463745 0
1712311963770 0.9447236061096191 0
1712311963815 0.9457286596298218 0
1712311963859 0.9407035112380981 0
1712311963903 0.9376884698867798 0
1712311963947 0.9447236061096191 0
1712311963992 0.9648241400718689 0
