1686305409898 0.8117154836654663 0
1686305409942 0.810669481754303 0
1686305409984 0.8117154836654663 0
1686305410027 0.810669481754303 0
1686305410069 0.8064853549003601 0
1686305410113 0.7918410301208496 0
1686305410155 0.8640167117118835 0
1686305410197 0.9016736149787903 0
1686305410241 0.9257321953773499 0
1686305410283 0.9623430967330933 0
1686305410324 0.9414225816726685 0
1686305410366 0.9926778078079224 0
1686305410407 0.9947698712348938 0
1686305410449 1.0261505842208862 0
1686305410491 1.0271966457366943 0
1686305410533 1.069037675857544 0
1686305410574 1.1265690326690674 0
1686305410617 1.1778242588043213 0
1686305410658 1.1903765201568604 0
1686305410700 1.219665288925171 0
1686305410741 1.2573221921920776 0
1686305410784 1.2604602575302124 0
1686305410825 1.3472803831100464 0
1686305410867 1.361924648284912 0
1686305410911 1.4215481281280518 0
1686305410953 1.4382845163345337 0
1686305410995 1.4864016771316528 0
