1714126214041 0.8356713652610779 0
1714126214069 0.8336673378944397 0
1714126214095 0.8316633105278015 0
1714126214122 0.8376753330230713 0
1714126214147 0.8296593427658081 0
1714126214173 0.8306612968444824 0
1714126214198 0.8386773467063904 0
1714126214224 0.8446893692016602 0
1714126214249 0.8316633105278015 0
1714126214274 0.819639265537262 0
1714126214300 0.8376753330230713 0
1714126214329 0.8236473202705383 0
1714126214355 0.819639265537262 0
1714126214387 0.8126252293586731 0
1714126214415 0.8186372518539429 0
1714126214442 0.8146292567253113 0
1714126214469 0.8256512880325317 0
1714126214497 0.8126252293586731 0
1714126214525 0.8176352977752686 0
1714126214555 0.8146292567253113 0
1714126214582 0.8116232752799988 0
1714126214726 0.8146292567253113 0
1714126214754 0.8116232752799988 0
1714126214780 0.8156312704086304 0
1714126214806 0.8176352977752686 0
1714126214832 0.828657329082489 0
1714126214858 0.8336673378944397 0
1714126214884 0.8306612968444824 0
1714126214910 0.8386773467063904 0
1714126214936 0.8466933965682983 0
1714126214961 0.8406813740730286 0
1714126214987 0.8466933965682983 0
1714126215012 0.842685341835022 0
1714126215038 0.8486974239349365 0
1714126215064 0.859719455242157 0
1714126215089 0.859719455242157 0
1714126215114 0.8707414865493774 0
1714126215140 0.8757514953613281 0
1714126215165 0.8737474679946899 0
1714126215190 0.8807615041732788 0
1714126215216 0.8897795677185059 0
1714126215303 0.8967936038970947 0
1714126215329 0.9028056263923645 0
1714126215354 0.9008015990257263 0
1714126215380 0.8847695589065552 0
1714126215423 0.9038076400756836 0
1714126215451 0.9158316850662231 0
1714126215478 0.9258517026901245 0
1714126215505 0.9318637251853943 0
1714126215532 0.9428857564926147 0
1714126215559 0.9488977789878845 0
1714126215586 0.9448897838592529 0
1714126215611 0.9509018063545227 0
1714126215637 0.9569138288497925 0
1714126215662 0.9488977789878845 0
1714126215688 0.9539077877998352 0
1714126215713 0.9609218239784241 0
1714126215738 0.9679358601570129 0
1714126215763 0.9709419012069702 0
1714126215788 0.9729458689689636 0
1714126215813 0.9739478826522827 0
1714126215838 0.9849699139595032 0
