1718359884351 0.6833351403474808 0
1718359884414 0.6413211598992348 0
1718359884482 0.548118818551302 0
1718359884550 0.43566587567329407 0
1718359884730 0.40978605672717094 0
1718359884795 0.40061071142554283 0
1718359884852 0.39327428862452507 0
1718359884904 0.3937573507428169 0
1718359884958 0.39210667833685875 0
1718359885017 0.391914501786232 0
1718359885072 0.3913365788757801 0
1718359885125 0.391122218221426 0
1718359885175 0.3907894156873226 0
1718359885239 0.39053377509117126 0
1718359885367 0.3902115859091282 0
