1714126222945 0.7855711579322815 0
1714126222975 0.7835671305656433 0
1714126223005 0.797595202922821 0
1714126223034 0.8026052117347717 0
1714126223063 0.7955911755561829 0
1714126223091 0.8136272430419922 0
1714126223120 0.820641279220581 0
1714126223147 0.8166332840919495 0
1714126223176 0.8156312704086304 0
1714126223205 0.8116232752799988 0
1714126223233 0.8136272430419922 0
1714126223261 0.8126252293586731 0
1714126223289 0.8076152205467224 0
1714126223317 0.8126252293586731 0
1714126223345 0.819639265537262 0
1714126223373 0.8436873555183411 0
1714126223401 0.8867735266685486 0
1714126223429 0.8967936038970947 0
1714126223457 0.9168336391448975 0
1714126223486 0.9128256440162659 0
1714126223514 0.9118236303329468 0
1714126223542 0.9238476753234863 0
1714126223570 0.9128256440162659 0
1714126223599 0.936873733997345 0
1714126223627 0.936873733997345 0
1714126223657 0.9569138288497925 0
1714126223687 0.9448897838592529 0
1714126223723 0.9589178562164307 0
1714126223753 0.959919810295105 0
1714126223785 0.9709419012069702 0
1714126223814 0.9789578914642334 0
1714126223845 0.990981936454773 0
1714126223874 1.0030059814453125 0
1714126223904 1.0100200176239014 0
1714126223933 1.0070140361785889 0
1714126223964 1.0320640802383423 0
