1714126222938 0.6896049827337265 0
1714126222968 0.683666817843914 0
1714126222998 0.6765140891075134 0
1714126223027 0.6662786304950714 0
1714126223056 0.6507285833358765 0
1714126223085 0.6269126310944557 0
1714126223113 0.5922355055809021 0
1714126223141 0.5464794263243675 0
1714126223169 0.4937157742679119 0
1714126223198 0.44572852551937103 0
1714126223226 0.41489245742559433 0
1714126223254 0.4032772444188595 0
1714126223282 0.4001728408038616 0
1714126223310 0.39749475196003914 0
1714126223338 0.39497729763388634 0
1714126223366 0.39373402297496796 0
1714126223394 0.3931555561721325 0
1714126223423 0.3928443342447281 0
1714126223451 0.39262816682457924 0
1714126223479 0.3924933411180973 0
1714126223507 0.3923989348113537 0
1714126223535 0.3923162408173084 0
1714126223564 0.3922457657754421 0
1714126223592 0.3921722583472729 0
1714126223621 0.39212382957339287 0
1714126223650 0.3920404985547066 0
1714126223680 0.39198896288871765 0
1714126223716 0.3919152356684208 0
1714126223746 0.3918796330690384 0
1714126223778 0.39180421456694603 0
1714126223807 0.391762413084507 0
1714126223838 0.39168157428503036 0
1714126223867 0.39162011072039604 0
1714126223897 0.3915404863655567 0
1714126223926 0.3914974704384804 0
1714126223956 0.3914322145283222 0
