1704449410056 0.6872344501316547 0
1704449410088 0.6821851097047329 0
1704449410120 0.6748963966965675 0
1704449410151 0.663450300693512 0
1704449410182 0.6451600678265095 0
1704449410213 0.6172285862267017 0
1704449410243 0.5789069198071957 0
1704449410273 0.5341873429715633 0
1704449410303 0.4890161566436291 0
1704449410333 0.45169998705387115 0
1704449410365 0.42693934962153435 0
1704449410396 0.41321670077741146 0
1704449410425 0.4059975203126669 0
1704449410455 0.4019566588103771 0
1704449410487 0.3988923951983452 0
1704449410520 0.3969985041767359 0
1704449410551 0.3956598583608866 0
1704449410583 0.3948326203972101 0
1704449410618 0.39400322549045086 0
1704449410649 0.3937394507229328 0
1704449410679 0.39336685836315155 0
1704449410709 0.39305691234767437 0
1704449410739 0.3929452318698168 0
1704449410768 0.3927894029766321 0
1704449410796 0.3927029650658369 0
1704449410825 0.3924951832741499 0
1704449410855 0.39242945797741413 0
1704449410884 0.3923223540186882 0
1704449410913 0.3922967500984669 0
1704449410941 0.3922142833471298 0
1704449410971 0.3920940775424242 0
1704449411000 0.3921005092561245 0
1704449411029 0.39208163134753704 0
