1704449410062 0.8026449680328369 0
1704449410094 0.8199389576911926 0
1704449410125 0.8158698081970215 0
1704449410157 0.8046795725822449 0
1704449410188 0.798575758934021 0
1704449410219 0.7934893369674683 0
1704449410248 0.8016276955604553 0
1704449410279 0.798575758934021 0
1704449410309 0.8036622405052185 0
1704449410341 0.800610363483429 0
1704449410371 0.800610363483429 0
1704449410401 0.800610363483429 0
1704449410431 0.800610363483429 0
1704449410461 0.800610363483429 0
1704449410493 0.8016276955604553 0
1704449410526 0.8056968450546265 0
1704449410557 0.808748722076416 0
1704449410589 0.8148524761199951 0
1704449410624 0.8219735622406006 0
1704449410655 0.8524923920631409 0
1704449410685 0.848423182964325 0
1704449410715 0.8708036541938782 0
1704449410744 0.8718209266662598 0
1704449410773 0.8840284943580627 0
1704449410802 0.896236002445221 0
1704449410831 0.9186164736747742 0
1704449410860 0.9155645966529846 0
1704449410889 0.9237029552459717 0
1704449410918 0.9247202277183533 0
1704449410947 0.9338759183883667 0
1704449410976 0.9369277954101562 0
1704449411005 0.9511699080467224 0
1704449411035 0.9684638977050781 0
