1712311944590 0.8211055397987366 0
1712311944626 0.8190954923629761 0
1712311944661 0.8180904388427734 0
1712311944696 0.8180904388427734 0
1712311944731 0.808040201663971 0
1712311944765 0.8120602965354919 0
1712311944802 0.8120602965354919 0
1712311944837 0.808040201663971 0
1712311944873 0.8070351481437683 0
1712311944910 0.7989949584007263 0
1712311944946 0.7929648160934448 0
1712311944983 0.7929648160934448 0
1712311945025 0.7989949584007263 0
1712311945094 0.7979899644851685 0
1712311945141 0.795979917049408 0
1712311945177 0.800000011920929 0
1712311945216 0.8020100593566895 0
1712311945257 0.7929648160934448 0
1712311945297 0.7929648160934448 0
1712311945335 0.7939698696136475 0
1712311945370 0.7929648160934448 0
1712311945407 0.791959822177887 0
1712311945444 0.7889447212219238 0
1712311945480 0.7929648160934448 0
1712311945523 0.8030150532722473 0
1712311945558 0.8170854449272156 0
1712311945593 0.8140703439712524 0
1712311945629 0.8010050058364868 0
1712311945663 0.7929648160934448 0
1712311945698 0.791959822177887 0
1712311945733 0.7949748635292053 0
1712311945768 0.7929648160934448 0
1712311945804 0.7809045314788818 0
1712311945839 0.7839195728302002 0
1712311945874 0.7869346737861633 0
1712311945911 0.7909547686576843 0
1712311945946 0.7899497747421265 0
1712311945981 0.7869346737861633 0
1712311946017 0.7909547686576843 0
1712311946052 0.791959822177887 0
1712311946088 0.791959822177887 0
1712311946124 0.791959822177887 0
1712311946158 0.7949748635292053 0
1712311946193 0.7909547686576843 0
1712311946228 0.7949748635292053 0
1712311946262 0.8010050058364868 0
1712311946297 0.8020100593566895 0
1712311946331 0.8010050058364868 0
1712311946367 0.8010050058364868 0
1712311946401 0.7969849109649658 0
1712311946435 0.795979917049408 0
1712311946471 0.7949748635292053 0
1712311946507 0.7979899644851685 0
1712311946543 0.7979899644851685 0
1712311946601 0.795979917049408 0
1712311946636 0.7979899644851685 0
1712311946671 0.7989949584007263 0
1712311946705 0.7969849109649658 0
1712311946740 0.7979899644851685 0
1712311946775 0.7979899644851685 0
1712311946810 0.8020100593566895 0
1712311946844 0.8070351481437683 0
1712311946958 0.8070351481437683 0
1712311946995 0.8100502490997314 0
1712311947059 0.8110553026199341 0
1712311947097 0.8100502490997314 0
1712311947142 0.8140703439712524 0
1712311947177 0.8170854449272156 0
1712311947213 0.8201004862785339 0
1712311947253 0.8231155872344971 0
1712311947293 0.8190954923629761 0
1712311947331 0.8231155872344971 0
1712311947369 0.8422110676765442 0
1712311947408 0.847236156463623 0
1712311947450 0.8592965006828308 0
1712311947489 0.8613065481185913 0
1712311947526 0.8663316369056702 0
