1712311944582 0.7012496739625931 0
1712311944618 0.6998753547668457 0
1712311944653 0.698573648929596 0
1712311944688 0.6972548365592957 0
1712311944723 0.6959800571203232 0
1712311944758 0.694627434015274 0
1712311944794 0.6931663975119591 0
1712311944829 0.6916488409042358 0
1712311944865 0.689866304397583 0
1712311944902 0.6878514885902405 0
1712311944938 0.685423344373703 0
1712311944975 0.6826961860060692 0
1712311945016 0.6795165985822678 0
1712311945056 0.6758769676089287 0
1712311945133 0.6719309091567993 0
1712311945168 0.6675458028912544 0
1712311945207 0.6626874580979347 0
1712311945248 0.6573431044816971 0
1712311945288 0.6513418927788734 0
1712311945328 0.6448662132024765 0
1712311945362 0.6375389397144318 0
1712311945399 0.629605770111084 0
1712311945436 0.6209428906440735 0
1712311945472 0.6116182953119278 0
1712311945509 0.6015992611646652 0
1712311945550 0.5909807831048965 0
1712311945585 0.5799441859126091 0
1712311945621 0.5684630647301674 0
1712311945655 0.5566098392009735 0
1712311945690 0.5446687787771225 0
1712311945725 0.5326573401689529 0
1712311945761 0.520875059068203 0
1712311945796 0.5092731565237045 0
1712311945832 0.4981485866010189 0
1712311945866 0.48741500452160835 0
1712311945903 0.477386686950922 0
1712311945938 0.46811387315392494 0
1712311945973 0.45960721373558044 0
1712311946009 0.4518980495631695 0
1712311946044 0.4452003017067909 0
1712311946080 0.43912652507424355 0
1712311946116 0.43388543650507927 0
1712311946151 0.4292602613568306 0
1712311946185 0.42514169588685036 0
1712311946220 0.42175113037228584 0
1712311946255 0.4188542030751705 0
1712311946289 0.4161182940006256 0
1712311946323 0.4140252619981766 0
1712311946359 0.4118887595832348 0
1712311946394 0.41010289639234543 0
1712311946428 0.4084699936211109 0
1712311946463 0.40719762817025185 0
1712311946499 0.40592459216713905 0
1712311946535 0.4048594981431961 0
1712311946593 0.40385527536273 0
1712311946628 0.4029003009200096 0
1712311946663 0.40212002769112587 0
1712311946697 0.4012780897319317 0
1712311946732 0.4005473628640175 0
1712311946768 0.39995238184928894 0
1712311946802 0.3992970772087574 0
1712311946837 0.39875806123018265 0
1712311946878 0.39819591864943504 0
1712311946987 0.39784808456897736 0
1712311947025 0.3973555602133274 0
1712311947089 0.39699242264032364 0
1712311947134 0.3965918682515621 0
1712311947170 0.39620261266827583 0
1712311947205 0.3959035202860832 0
1712311947244 0.3956035226583481 0
1712311947284 0.39536643400788307 0
1712311947323 0.3950952813029289 0
1712311947361 0.39483216032385826 0
1712311947399 0.3946637809276581 0
1712311947439 0.39447715133428574 0
1712311947481 0.3942888341844082 0
1712311947518 0.3940657451748848 0
