1705659049245 0.6820461042225361 0
1705659049277 0.648992046713829 0
1705659049307 0.5733837150037289 0
1705659049337 0.4718642346560955 0
1705659049377 0.41621133871376514 0
1705659049424 0.4002592395991087 0
1705659049475 0.39426164142787457 0
1705659049514 0.39255385659635067 0
1705659049555 0.39203600585460663 0
1705659049593 0.39162867330014706 0
1705659049648 0.39146559685468674 0
1705659049704 0.3912061247974634 0
1705659049745 0.3909930307418108 0
1705659049782 0.3908441159874201 0
1705659049819 0.39048217609524727 0
