1715335923667 0.6967347413301468 0
1715335923718 0.6909135207533836 0
1715335923766 0.683669425547123 0
1715335923817 0.6738368570804596 0
1715335923862 0.6599283814430237 0
1715335923912 0.6406302899122238 0
1715335923959 0.6146990060806274 0
1715335924004 0.5811667218804359 0
1715335924055 0.5411769524216652 0
1715335924105 0.49881666898727417 0
1715335924143 0.46063290163874626 0
1715335924183 0.43238532170653343 0
1715335924223 0.41566914319992065 0
1715335924376 0.40736788138747215 0
1715335924496 0.40270257741212845 0
1715335924534 0.39929933845996857 0
1715335924573 0.3967556767165661 0
1715335924610 0.39502688869833946 0
1715335924648 0.39394159987568855 0
1715335924685 0.39318497478961945 0
1715335924727 0.39265846461057663 0
1715335924925 0.39231453463435173 0
1715335925008 0.39203255996108055 0
1715335925045 0.39181796088814735 0
1715335925081 0.39167122170329094 0
1715335925118 0.3915226124227047 0
1715335925155 0.391410443931818 0
1715335925192 0.3913191519677639 0
1715335925228 0.3911834992468357 0
1715335925265 0.3910950869321823 0
1715335925303 0.3910180740058422 0
1715335925344 0.39095761999487877 0
1715335925479 0.39083288609981537 0
1715335925525 0.3907417058944702 0
1715335925571 0.3906560093164444 0
1715335925612 0.3905836418271065 0
1715335925657 0.39047519117593765 0
1715335925696 0.39038148149847984 0
1715335925737 0.39027346670627594 0
1715335925875 0.39020366966724396 0
