1715335923680 0.7507507801055908 0
1715335923730 0.7777777910232544 0
1715335923775 0.7717717885971069 0
1715335923828 0.7837837934494019 0
1715335923875 0.7667667865753174 0
1715335923921 0.7987987995147705 0
1715335923970 0.7947947978973389 0
1715335924017 0.8188188076019287 0
1715335924066 0.8198198080062866 0
1715335924114 0.8108108043670654 0
1715335924153 0.8148148059844971 0
1715335924192 0.8188188076019287 0
1715335924232 0.8118118047714233 0
1715335924387 0.8018018007278442 0
1715335924505 0.8148148059844971 0
1715335924543 0.8288288116455078 0
1715335924582 0.8358358144760132 0
1715335924619 0.8448448181152344 0
1715335924657 0.8948948979377747 0
1715335924694 0.9259259104728699 0
1715335924737 0.9309309124946594 0
1715335924937 0.9499499201774597 0
1715335925016 0.9569569826126099 0
1715335925053 0.9709709882736206 0
1715335925090 0.9609609842300415 0
1715335925127 0.9629629850387573 0
1715335925164 0.966966986656189 0
1715335925200 0.9749749898910522 0
1715335925237 0.988988995552063 0
1715335925274 0.9969969987869263 0
1715335925313 1.022022008895874 0
1715335925353 1.0410410165786743 0
1715335925489 1.0490490198135376 0
1715335925537 1.045045018196106 0
1715335925580 1.0600600242614746 0
1715335925622 1.0810810327529907 0
1715335925666 1.0930930376052856 0
1715335925705 1.1001001596450806 0
1715335925748 1.1201201677322388 0
1715335925883 1.1321321725845337 0
