1722593517678 0.6861615218222141 0
1722593517722 0.6462497860193253 0
1722593517760 0.5467486251145601 0
1722593517800 0.4371376018971205 0
1722593517839 0.40525994822382927 0
1722593517879 0.3946210592985153 0
1722593517917 0.3926930520683527 0
1722593517957 0.39221952855587006 0
1722593517996 0.3919551558792591 0
1722593518035 0.3917678501456976 0
1722593518074 0.3915045168250799 0
1722593518113 0.3912660349160433 0
1722593518152 0.3910988438874483 0
1722593518192 0.3907906636595726 0
1722593518230 0.39050181582570076 0
1722593518269 0.3902351167052984 0
1722593518308 0.3899331595748663 0
