1722593517690 0.7772276997566223 0
1722593517730 0.8168317079544067 0
1722593517768 0.8188118934631348 0
1722593517808 0.8089109063148499 0
1722593517848 0.8118811845779419 0
1722593517887 0.8425742387771606 0
1722593517926 0.9306930899620056 0
1722593517965 0.9405940771102905 0
1722593518004 0.986138641834259 0
1722593518043 0.998019814491272 0
1722593518082 1.0178217887878418 0
1722593518121 1.0435643196105957 0
1722593518160 1.0732673406600952 0
1722593518200 1.101980209350586 0
1722593518238 1.1297029256820679 0
1722593518277 1.1633663177490234 0
1722593518316 1.1811881065368652 0
