1688724760196 0.8083333373069763 0
1688724760237 0.8125 0
1688724760272 0.8208333253860474 0
1688724760307 0.8083333373069763 0
1688724760341 0.800000011920929 0
1688724760376 0.8187500238418579 0
1688724760409 0.846875011920929 0
1688724760444 0.8833333253860474 0
1688724760478 0.8885416388511658 0
1688724760511 0.9156249761581421 0
1688724760545 0.921875 0
1688724760579 0.9239583611488342 0
1688724760613 0.9614583253860474 0
1688724760647 0.9906250238418579 0
1688724760682 0.9802083373069763 0
1688724760717 1.0020833015441895 0
1688724760752 1.0291666984558105 0
1688724760786 1.0635416507720947 0
1688724760824 1.0729166269302368 0
1688724760858 1.0979167222976685 0
1688724760892 1.1083333492279053 0
