1688724760192 0.6821895763278008 0
1688724760233 0.6531601995229721 0
1688724760268 0.5952449813485146 0
1688724760302 0.4994818903505802 0
1688724760337 0.41591208800673485 0
1688724760372 0.40563005954027176 0
1688724760405 0.39919188991189003 0
1688724760440 0.393040232360363 0
1688724760473 0.3936723917722702 0
1688724760507 0.3926065266132355 0
1688724760541 0.3923031948506832 0
1688724760574 0.39208124205470085 0
1688724760609 0.3918798789381981 0
1688724760643 0.39173828065395355 0
1688724760678 0.3914807476103306 0
1688724760712 0.3913603276014328 0
1688724760747 0.391256969422102 0
1688724760782 0.39096781238913536 0
1688724760820 0.3908853195607662 0
1688724760854 0.3906381130218506 0
1688724760888 0.3904569074511528 0
