1726222323449 0.6993148922920227 0
1726222323488 0.6957429349422455 0
1726222323528 0.6921270862221718 0
1726222323561 0.6882037669420242 0
1726222323591 0.6837559789419174 0
1726222323622 0.6782646402716637 0
1726222323654 0.6713287532329559 0
1726222323685 0.662382148206234 0
1726222323715 0.6510926932096481 0
1726222323745 0.6372430548071861 0
1726222323775 0.6208934113383293 0
1726222323804 0.6020878776907921 0
1726222323837 0.5812582895159721 0
1726222323869 0.5589995011687279 0
1726222323902 0.5360997393727303 0
1726222323935 0.5132791958749294 0
1726222323967 0.4916718043386936 0
1726222323999 0.47223688662052155 0
1726222324032 0.4555596895515919 0
1726222324078 0.4420105963945389 0
1726222324141 0.431374691426754 0
1726222324182 0.42334870249032974 0
1726222324220 0.4171590991318226 0
1726222324256 0.4123970940709114 0
1726222324288 0.408652625977993 0
1726222324319 0.40565117821097374 0
1726222324349 0.40320970118045807 0
1726222324378 0.4011922888457775 0
1726222324407 0.3995256759226322 0
1726222324437 0.3981713354587555 0
1726222324467 0.3970418833196163 0
1726222324497 0.39616359397768974 0
1726222324526 0.3953983634710312 0
1726222324556 0.3948184736073017 0
1726222324585 0.3943026214838028 0
1726222324615 0.3938870318233967 0
1726222324649 0.39355361089110374 0
1726222324680 0.3932981491088867 0
1726222324710 0.39307016506791115 0
1726222324739 0.392886720597744 0
1726222324769 0.3927304558455944 0
1726222324798 0.3926050737500191 0
1726222324871 0.39248599112033844 0
1726222324903 0.39238524436950684 0
1726222324935 0.3923073448240757 0
1726222324967 0.39223240315914154 0
1726222325000 0.3921705298125744 0
1726222325038 0.3921150527894497 0
1726222325074 0.39206646010279655 0
1726222325108 0.39202067255973816 0
1726222325147 0.391981054097414 0
1726222325180 0.39194463938474655 0
1726222325212 0.3919045254588127 0
1726222325249 0.3918783366680145 0
1726222325295 0.3918357603251934 0
1726222325329 0.3918108083307743 0
1726222325359 0.3917690999805927 0
1726222325388 0.3917434401810169 0
1726222325417 0.39170822873711586 0
1726222325447 0.3916768282651901 0
1726222325476 0.391636211425066 0
1726222325505 0.3916111886501312 0
1726222325540 0.3915759436786175 0
1726222325570 0.3915420323610306 0
1726222325602 0.39151665568351746 0
