1726222323459 0.836614191532135 0
1726222323498 0.8405511975288391 0
1726222323538 0.834645688533783 0
1726222323570 0.8474409580230713 0
1726222323600 0.8425197005271912 0
1726222323631 0.8287401795387268 0
1726222323663 0.8307086825370789 0
1726222323694 0.8415354490280151 0
1726222323724 0.8553149700164795 0
1726222323754 0.8592519760131836 0
1726222323783 0.8543307185173035 0
1726222323813 0.8316929340362549 0
1726222323846 0.835629940032959 0
1726222323878 0.835629940032959 0
1726222323911 0.834645688533783 0
1726222323944 0.834645688533783 0
1726222323976 0.834645688533783 0
1726222324007 0.834645688533783 0
1726222324041 0.834645688533783 0
1726222324118 0.834645688533783 0
1726222324151 0.834645688533783 0
1726222324192 0.834645688533783 0
1726222324230 0.834645688533783 0
1726222324266 0.834645688533783 0
1726222324297 0.834645688533783 0
1726222324327 0.834645688533783 0
1726222324357 0.834645688533783 0
1726222324387 0.834645688533783 0
1726222324416 0.834645688533783 0
1726222324446 0.834645688533783 0
1726222324476 0.834645688533783 0
1726222324506 0.836614191532135 0
1726222324535 0.8415354490280151 0
1726222324564 0.8533464670181274 0
1726222324594 0.8464567065238953 0
1726222324624 0.8454724550247192 0
1726222324658 0.8612204790115356 0
1726222324689 0.8553149700164795 0
1726222324718 0.8720472455024719 0
1726222324748 0.8848425149917603 0
1726222324777 0.8818897604942322 0
1726222324849 0.8907480239868164 0
1726222324880 0.8996062874794006 0
1726222324912 0.9114173054695129 0
1726222324944 0.913385808467865 0
1726222324977 0.9015747904777527 0
1726222325010 0.9114173054695129 0
1726222325048 0.9251968264579773 0
1726222325084 0.9261810779571533 0
1726222325119 0.9281495809555054 0
1726222325157 0.9379921555519104 0
1726222325189 0.9478346705436707 0
1726222325221 0.9458661675453186 0
1726222325263 0.9498031735420227 0
1726222325306 0.960629940032959 0
1726222325337 0.9566929340362549 0
1726222325367 0.9557086825370789 0
1726222325397 0.961614191532135 0
1726222325426 0.9734252095222473 0
1726222325455 0.9783464670181274 0
1726222325484 0.9783464670181274 0
1726222325515 0.9734252095222473 0
1726222325548 0.9773622155189514 0
1726222325580 0.9694882035255432 0
1726222325611 0.9724409580230713 0
