1697796691630 0.6875373646616936 0
1697796691672 0.6626549065113068 0
1697796691714 0.6165346801280975 0
1697796691756 0.5357113927602768 0
1697796691799 0.44240693002939224 0
1697796691841 0.4037158153951168 0
1697796691883 0.4037831649184227 0
1697796691925 0.3947374150156975 0
1697796691967 0.39303062856197357 0
1697796692010 0.3929802067577839 0
1697796692055 0.39220427349209785 0
1697796692097 0.39210519194602966 0
1697796692140 0.39179715886712074 0
1697796692183 0.3916527181863785 0
1697796692224 0.3914761506021023 0
1697796692272 0.3912748619914055 0
1697796692439 0.3911181315779686 0
1697796692526 0.39097750931978226 0
1697796692595 0.39076680317521095 0
1697796692659 0.39053645730018616 0
1697796692723 0.3902906998991966 0
1697796692784 0.3901136815547943 0
1697796692831 0.38983020931482315 0
1697796692892 0.38956698030233383 0
1697796692945 0.3892538547515869 0
