1718964684465 0.7751243710517883 0
1718964684499 0.7850746512413025 0
1718964684534 0.779104471206665 0
1718964684567 0.7990049719810486 0
1718964684600 0.7880597114562988 0
1718964684634 0.806965172290802 0
1718964684667 0.8199005126953125 0
1718964684701 0.8368158936500549 0
1718964684735 0.867661714553833 0
1718964684768 0.8885571956634521 0
1718964684803 0.9124377965927124 0
1718964684837 0.9273631572723389 0
1718964684873 0.998009979724884 0
1718964684909 1.0477612018585205 0
1718964684946 1.0666667222976685 0
1718964684981 1.1054726839065552 0
1718964685016 1.099502444267273 0
1718964685051 1.1144278049468994 0
1718964685086 1.1363184452056885 0
1718964685121 1.1761194467544556 0
