1718964684458 0.6961066760122776 0
1718964684491 0.6788520142436028 0
1718964684526 0.6454162038862705 0
1718964684559 0.580139271914959 0
1718964684593 0.4904464017599821 0
1718964684627 0.4296684581786394 0
1718964684660 0.4094124175608158 0
1718964684694 0.39956329949200153 0
1718964684727 0.39535851776599884 0
1718964684760 0.39349954575300217 0
1718964684795 0.3925177678465843 0
1718964684830 0.3918954487890005 0
1718964684866 0.3915619235485792 0
1718964684902 0.391230808570981 0
1718964684938 0.3910137787461281 0
1718964684974 0.39074473455548286 0
1718964685008 0.3905703518539667 0
1718964685044 0.3903242405503988 0
1718964685078 0.3900376334786415 0
1718964685114 0.3898200485855341 0
