1723198384856 0.8229475617408752 0
1723198384934 0.8110781311988831 0
1723198385010 0.8160237669944763 0
1723198385087 0.8090999126434326 0
1723198385159 0.8249258399009705 0
1723198385234 0.8536102771759033 0
1723198385303 0.9050444960594177 0
1723198385373 0.922848641872406 0
1723198385446 0.9218595623970032 0
1723198385517 0.9594460725784302 0
1723198385587 0.975271999835968 0
1723198385657 0.9901087880134583 0
1723198385729 1.0089020729064941 0
1723198385812 1.0346192121505737 0
1723198385880 1.0692384243011475 0
1723198385953 1.058358073234558 0
1723198386034 1.0672601461410522 0
