1723198384845 0.6721949130296707 0
1723198384924 0.6395460292696953 0
1723198384999 0.5619704313576221 0
1723198385076 0.4492624131962657 0
1723198385148 0.39956565015017986 0
1723198385224 0.394237132743001 0
1723198385293 0.3929057838395238 0
1723198385364 0.3924665031954646 0
1723198385436 0.39225502125918865 0
1723198385507 0.3920505018904805 0
1723198385576 0.3918815553188324 0
1723198385647 0.3917493596673012 0
1723198385718 0.3915771609172225 0
1723198385801 0.3914279490709305 0
1723198385871 0.39127221796661615 0
1723198385943 0.3910815194249153 0
1723198386023 0.3908981615677476 0
