1692353436027 0.6984720751643181 0
1692353436061 0.69635159522295 0
1692353436094 0.6940760239958763 0
1692353436127 0.691714882850647 0
1692353436161 0.6890959665179253 0
1692353436194 0.6861177161335945 0
1692353436227 0.6827925443649292 0
1692353436260 0.6790285781025887 0
1692353436293 0.6744978576898575 0
1692353436329 0.6692291796207428 0
1692353436363 0.6628226265311241 0
1692353436396 0.6551626622676849 0
1692353436427 0.6457414403557777 0
1692353436459 0.6347154751420021 0
1692353436492 0.6215675845742226 0
1692353436524 0.6060895696282387 0
1692353436557 0.5886097177863121 0
1692353436591 0.5691854506731033 0
1692353436623 0.5479878783226013 0
1692353436656 0.5254876390099525 0
1692353436688 0.5033686980605125 0
1692353436721 0.48123253881931305 0
1692353436753 0.4614935331046581 0
1692353436786 0.44421959295868874 0
1692353436818 0.43034331500530243 0
1692353436851 0.4192676655948162 0
1692353436884 0.41123659908771515 0
1692353436916 0.40586571022868156 0
1692353436948 0.4022158868610859 0
1692353436981 0.3996991366147995 0
1692353437014 0.39795058593153954 0
1692353437046 0.3968241363763809 0
1692353437079 0.396102961152792 0
1692353437112 0.3953481763601303 0
1692353437144 0.39482642337679863 0
1692353437176 0.3944946713745594 0
1692353437208 0.3941624015569687 0
1692353437241 0.39379648119211197 0
1692353437273 0.3935498781502247 0
1692353437306 0.39339738339185715 0
1692353437338 0.39315545186400414 0
1692353437370 0.3930496573448181 0
1692353437402 0.39293356239795685 0
1692353437435 0.3928004689514637 0
1692353437466 0.39282215386629105 0
1692353437498 0.39264674857258797 0
1692353437531 0.39257947728037834 0
1692353437563 0.3925352320075035 0
1692353437596 0.39248934760689735 0
1692353437630 0.3924412950873375 0
1692353437674 0.392427921295166 0
1692353437706 0.39237768203020096 0
1692353437740 0.3923586346209049 0
1692353437773 0.3923363462090492 0
1692353437806 0.39231862872838974 0
1692353437840 0.39229415729641914 0
1692353437873 0.39222443476319313 0
1692353437905 0.39219140261411667 0
1692353437937 0.3921898081898689 0
1692353437970 0.39218616485595703 0
1692353438003 0.39208679273724556 0
