1702030262372 0.795918345451355 0
1702030262400 0.8081632852554321 0
1702030262426 0.795918345451355 0
1702030262451 0.813265323638916 0
1702030262475 0.8122448921203613 0
1702030262500 0.795918345451355 0
1702030262524 0.8030612468719482 0
1702030262549 0.8020408153533936 0
1702030262573 0.8020408153533936 0
1702030262597 0.8020408153533936 0
1702030262626 0.8020408153533936 0
1702030262661 0.8020408153533936 0
1702030262685 0.8020408153533936 0
1702030262710 0.8020408153533936 0
1702030262737 0.8020408153533936 0
1702030262765 0.8020408153533936 0
1702030262790 0.809183657169342 0
1702030262815 0.8244897723197937 0
1702030262839 0.8418367505073547 0
1702030262875 0.859183669090271 0
1702030262911 0.8622449040412903 0
1702030262936 0.8816326260566711 0
1702030262960 0.8795918226242065 0
1702030262984 0.9040816426277161 0
1702030263014 0.918367326259613 0
1702030263039 0.9275510311126709 0
1702030263064 0.9642857313156128 0
1702030263092 0.9755101799964905 0
1702030263119 1.0040816068649292 0
1702030263145 1.022449016571045 0
1702030263170 1.031632661819458 0
1702030263196 1.0275510549545288 0
1702030263221 1.0448979139328003 0
1702030263247 1.0877550840377808 0
1702030263286 1.094897985458374 0
1702030263328 1.0795918703079224 0
1702030263366 1.1010204553604126 0
1702030263405 1.1173468828201294 0
1702030263450 1.1255102157592773 0
1702030263499 1.1438775062561035 0
