1702030262367 0.6903934553265572 0
1702030262394 0.6853507235646248 0
1702030262420 0.6787014901638031 0
1702030262445 0.6682354137301445 0
1702030262470 0.6520941779017448 0
1702030262495 0.6290579289197922 0
1702030262519 0.5991948768496513 0
1702030262544 0.5627777278423309 0
1702030262568 0.5228680670261383 0
1702030262591 0.4848167262971401 0
1702030262615 0.4549550339579582 0
1702030262656 0.4347877763211727 0
1702030262680 0.4225354939699173 0
1702030262704 0.41426656022667885 0
1702030262731 0.408024825155735 0
1702030262759 0.4034172482788563 0
1702030262784 0.40024278685450554 0
1702030262810 0.397761233150959 0
1702030262834 0.39606495574116707 0
1702030262858 0.39481499418616295 0
1702030262905 0.3939032405614853 0
1702030262931 0.3932056650519371 0
1702030262954 0.3927238993346691 0
1702030262979 0.3924170099198818 0
1702030263008 0.39217667281627655 0
1702030263034 0.3919128552079201 0
1702030263059 0.391752440482378 0
1702030263086 0.3915562815964222 0
1702030263114 0.39143871143460274 0
1702030263140 0.39127203077077866 0
1702030263164 0.3912270814180374 0
1702030263191 0.3910725824534893 0
1702030263216 0.3909385912120342 0
1702030263242 0.3908678852021694 0
1702030263278 0.3907763138413429 0
1702030263320 0.39061471819877625 0
1702030263356 0.3905540332198143 0
1702030263398 0.3904058672487736 0
1702030263440 0.3903341293334961 0
1702030263489 0.39022982865571976 0
