1721988713734 0.8007928729057312 0
1721988713792 0.8463825583457947 0
1721988713848 0.9563924670219421 0
1721988713905 0.9970267415046692 0
1721988713962 1.0307234525680542 0
1721988714019 1.0475718975067139 0
1721988714074 1.0921704769134521 0
1721988714131 1.1595638990402222 0
1721988714187 1.1774033308029175 0
1721988714243 1.2656095027923584 0
1721988714300 1.362735390663147 0
1721988714356 1.3468780517578125 0
1721988714413 1.4757184982299805 0
1721988714469 1.5609514713287354 0
1721988714525 1.5738354921340942 0
1721988714582 1.658077359199524 0
1721988714638 1.6858274936676025 0
1721988714694 1.7086224555969238 0
1721988714750 1.7571853399276733 0
1721988714808 1.8206144571304321 0
