1726827169177 0.6778041645884514 0
1726827169257 0.6110547482967377 0
1726827169315 0.46297936514019966 0
1726827169366 0.4013085328042507 0
1726827169415 0.3940025921911001 0
1726827169464 0.3928310461342335 0
1726827169516 0.39244029857218266 0
1726827169571 0.39213286712765694 0
1726827169624 0.3919094391167164 0
1726827169682 0.3916704021394253 0
1726827169736 0.39140077866613865 0
1726827169792 0.3912073280662298 0
1726827169903 0.39088535867631435 0
1726827170211 0.3906665351241827 0
1726827170270 0.3903425633907318 0
1726827170322 0.3899547699838877 0
1726827170383 0.3896462917327881 0
1726827170435 0.38929178565740585 0
1726827170487 0.3888635132461786 0
1726827170538 0.3885720372200012 0
1726827170591 0.3879578895866871 0
1726827170642 0.38742394745349884 0
