1683281479806 0.6596688369909922 0
1683281479875 0.4598389834165573 0
1683281479944 0.3960491240024567 0
1683281480013 0.3928500006596247 0
1683281480083 0.3924478242794673 0
1683281480154 0.39202979107697805 0
1683281480228 0.3916163514057795 0
1683281480299 0.3912684837977091 0
1683281480372 0.3908203730980555 0
1683281480492 0.3902442822853724 0
1683281480584 0.38980443874994913 0
1683281480739 0.3891749610503515 0
1683281480815 0.3886151929696401 0
1683281480927 0.38768568138281506 0
1683281480996 0.3869435012340546 0
