1729246426188 0.8117647171020508 0
1729246426270 0.8078431487083435 0
1729246426584 0.8098039031028748 0
1729246426652 0.8147059082984924 0
1729246426828 0.9519608020782471 0
1729246426890 0.9656862616539001 0
1729246426958 1.0117647647857666 0
1729246427024 1.0382353067398071 0
1729246427127 1.0872548818588257 0
1729246427231 1.1147059202194214 0
1729246427334 1.1313725709915161 0
1729246427396 1.186274528503418 0
1729246427452 1.2235294580459595 0
1729246427508 1.2892156839370728 0
1729246427565 1.3343137502670288 0
1729246427622 1.306862711906433 0
1729246427679 1.4401960372924805 0
1729246427736 1.5078431367874146 0
