1718359879821 0.7549800872802734 0
1718359880013 0.7968127727508545 0
1718359880127 0.8057768940925598 0
1718359880178 0.9033864736557007 0
1718359880231 0.9153386354446411 0
1718359880285 0.9372509717941284 0
1718359880345 0.9631474018096924 0
1718359880555 1.006972074508667 0
1718359880777 1.0268924236297607 0
1718359880870 1.1035856008529663 0
1718359880922 1.1215139627456665 0
1718359880973 1.1274900436401367 0
1718359881027 1.1703187227249146 0
1718359881080 1.191235065460205 0
1718359881127 1.217131495475769 0
