1701425473810 0.8079673051834106 0
1701425473877 0.804902970790863 0
1701425473945 0.7936670184135437 0
1701425474014 0.8569969534873962 0
1701425474160 0.9468845725059509 0
1701425474242 0.9713993668556213 0
1701425474310 0.9846782684326172 0
1701425474376 1.0347293615341187 0
1701425474443 1.0561797618865967 0
1701425474511 1.0582226514816284 0
1701425474577 1.114402413368225 0
1701425474642 1.1378958225250244 0
1701425474714 1.2175689935684204 0
1701425474789 1.2676199674606323 0
1701425474864 1.315628170967102 0
