1701425473804 0.679966067114184 0
1701425473871 0.588759426147707 0
1701425473938 0.42384581700448065 0
1701425474007 0.3952896287364344 0
1701425474150 0.3926913430613856 0
1701425474236 0.392312309434337 0
1701425474303 0.39200789505435574 0
1701425474370 0.39173637955419477 0
1701425474437 0.39145585125492466 0
1701425474504 0.3910791950841104 0
1701425474571 0.3907419587335279 0
1701425474636 0.3903519520836492 0
1701425474708 0.39002127128262676 0
1701425474782 0.38967896373041216 0
1701425474858 0.38923004846419057 0
