1731060754934 0.6874455213546753 0
1731060754970 0.6780430227518082 0
1731060755006 0.6661593839526176 0
1731060755055 0.6484486982226372 0
1731060755095 0.6214194223284721 0
1731060755135 0.5829085409641266 0
1731060755172 0.5334330424666405 0
1731060755207 0.4802531450986862 0
1731060755242 0.4369366094470024 0
1731060755277 0.4130585715174675 0
1731060755313 0.4043434001505375 0
1731060755347 0.3996618837118149 0
1731060755382 0.3956824615597725 0
1731060755418 0.3935048244893551 0
1731060755454 0.39264006167650223 0
1731060755489 0.39224547520279884 0
1731060755525 0.3919287174940109 0
1731060755560 0.3917651139199734 0
1731060755596 0.39164694771170616 0
1731060755631 0.3915395475924015 0
1731060755666 0.391407273709774 0
1731060755701 0.3912852071225643 0
1731060755736 0.3911549337208271 0
1731060755777 0.3910251185297966 0
1731060755819 0.39088843762874603 0
1731060755858 0.39077000319957733 0
1731060755902 0.3906196765601635 0
