1699006269150 0.8338461518287659 0
1699006269192 0.8287179470062256 0
1699006269233 0.8389743566513062 0
1699006269273 0.8276923298835754 0
1699006269312 0.8174359202384949 0
1699006269351 0.8215384483337402 0
1699006269390 0.8153846263885498 0
1699006269430 0.8071795105934143 0
1699006269469 0.8174359202384949 0
1699006269509 0.8225641250610352 0
1699006269548 0.8276923298835754 0
1699006269588 0.8317948579788208 0
1699006269628 0.8482051491737366 0
1699006269668 0.8471794724464417 0
1699006269708 0.8656409978866577 0
1699006269746 0.8933333158493042 0
1699006269787 0.8994871973991394 0
1699006269827 0.9200000166893005 0
1699006269868 0.9435897469520569 0
1699006269908 0.9374359250068665 0
1699006269948 0.9497435688972473 0
1699006269988 0.9394871592521667 0
1699006270030 0.9425641298294067 0
1699006270069 0.947692334651947 0
1699006270112 0.9599999785423279 0
1699006270153 0.9558974504470825 0
1699006270194 0.9764102697372437 0
1699006270235 0.9938461780548096 0
1699006270275 0.9938461780548096 0
1699006270315 1.016410231590271 0
1699006270354 1.0061538219451904 0
1699006270395 1.0317949056625366 0
1699006270435 1.0399999618530273 0
1699006270474 1.0533332824707031 0
1699006270514 1.0676922798156738 0
1699006270556 1.0635896921157837 0
1699006270596 1.0830769538879395 0
1699006270636 1.125128149986267 0
1699006270677 1.1220512390136719 0
1699006270722 1.1128205060958862 0
1699006270765 1.1343590021133423 0
1699006270809 1.1364102363586426 0
1699006270852 1.1364102363586426 0
1699006270896 1.1548718214035034 0
1699006270938 1.1723077297210693 0
1699006270992 1.1907691955566406 0
1699006271036 1.198974370956421 0
1699006271079 1.1897436380386353 0
