1720174426574 0.8520357608795166 0
1720174426616 0.8530287742614746 0
1720174426656 0.8510426878929138 0
1720174426694 0.8520357608795166 0
1720174426733 0.8401191830635071 0
1720174426773 0.8411121964454651 0
1720174426814 0.8421052694320679 0
1720174426854 0.8421052694320679 0
1720174426894 0.8421052694320679 0
1720174426935 0.8430982828140259 0
1720174426976 0.8421052694320679 0
1720174427016 0.8421052694320679 0
1720174427057 0.8351539373397827 0
1720174427099 0.8401191830635071 0
1720174427139 0.8480635285377502 0
1720174427179 0.8480635285377502 0
1720174427219 0.8599801659584045 0
1720174427260 0.8510426878929138 0
1720174427300 0.8550149202346802 0
1720174427341 0.8550149202346802 0
1720174427383 0.8560079336166382 0
1720174427424 0.8540218472480774 0
1720174427464 0.8500496745109558 0
1720174427505 0.8510426878929138 0
1720174427550 0.8530287742614746 0
1720174427592 0.8649454116821289 0
1720174427640 0.8550149202346802 0
1720174427680 0.8609731793403625 0
1720174427720 0.8599801659584045 0
1720174427760 0.8669314980506897 0
1720174427801 0.8560079336166382 0
1720174427842 0.8619662523269653 0
1720174427882 0.8629592657089233 0
1720174427922 0.8560079336166382 0
1720174427960 0.8560079336166382 0
1720174428000 0.8540218472480774 0
1720174428041 0.8550149202346802 0
1720174428081 0.8589870929718018 0
1720174428120 0.8589870929718018 0
1720174428159 0.8550149202346802 0
1720174428199 0.8530287742614746 0
1720174428238 0.8589870929718018 0
1720174428277 0.8589870929718018 0
1720174428320 0.8649454116821289 0
1720174428360 0.8649454116821289 0
1720174428400 0.8639523386955261 0
1720174428444 0.8639523386955261 0
1720174428567 0.8629592657089233 0
1720174428607 0.8599801659584045 0
1720174428647 0.8629592657089233 0
1720174428686 0.857001006603241 0
1720174428727 0.857001006603241 0
1720174428768 0.857001006603241 0
1720174428809 0.8540218472480774 0
1720174428850 0.8550149202346802 0
1720174428892 0.8470705151557922 0
1720174428933 0.8480635285377502 0
1720174428973 0.8480635285377502 0
1720174429014 0.8550149202346802 0
1720174429054 0.8540218472480774 0
1720174429098 0.8619662523269653 0
1720174429141 0.8679245114326477 0
1720174429184 0.8709036707878113 0
1720174429228 0.8778550028800964 0
1720174429269 0.88083416223526 0
1720174429312 0.88083416223526 0
1720174429354 0.8818272352218628 0
1720174429395 0.888778567314148 0
1720174429435 0.8857994079589844 0
1720174429476 0.8818272352218628 0
1720174429517 0.8907646536827087 0
1720174429557 0.8937438130378723 0
1720174429598 0.8848063349723816 0
1720174429639 0.889771580696106 0
1720174429679 0.8788480758666992 0
1720174429717 0.8857994079589844 0
1720174429756 0.8877854943275452 0
