1720174422874 0.8361469507217407 0
1720174422938 0.8540218472480774 0
1720174422996 0.8411121964454651 0
1720174423054 0.8500496745109558 0
1720174423110 0.8500496745109558 0
1720174423169 0.8361469507217407 0
1720174423227 0.8242303729057312 0
1720174423281 0.8520357608795166 0
1720174423337 0.8609731793403625 0
1720174423393 0.8609731793403625 0
1720174423458 0.8689175844192505 0
1720174423526 0.8768619894981384 0
1720174423589 0.8848063349723816 0
1720174423644 0.8907646536827087 0
1720174423701 0.9066534042358398 0
1720174423759 0.9195630550384521 0
1720174423820 0.935451865196228 0
1720174423893 0.9324727058410645 0
1720174423961 0.9285004734992981 0
1720174424026 0.9384309649467468 0
1720174424087 0.9563058614730835 0
1720174424146 0.9672293663024902 0
1720174424203 0.9612711071968079 0
1720174424259 0.9563058614730835 0
1720174424317 0.9582919478416443 0
1720174424376 0.9622641801834106 0
1720174424431 0.9721946120262146 0
1720174424489 0.9880834221839905 0
1720174424546 0.9990069270133972 0
1720174424603 1.0079443454742432 0
1720174424661 1.0139026641845703 0
1720174424718 1.0158888101577759 0
1720174424776 1.023833155632019 0
1720174424834 1.0287984609603882 0
1720174424892 1.047666311264038 0
1720174424950 1.0486594438552856 0
1720174425008 1.0546176433563232 0
1720174425063 1.0705064535140991 0
1720174425121 1.0784507989883423 0
