1691748847467 0.7987551689147949 0
1691748847525 0.8049792647361755 0
1691748847582 0.8008298873901367 0
1691748847639 0.8205394148826599 0
1691748847698 0.8724066615104675 0
1691748847763 0.9263485670089722 0
1691748847831 0.95643150806427 0
1691748847890 0.9979252815246582 0
1691748847948 0.9948132634162903 0
1691748848015 1.071576714515686 0
1691748848189 1.0414937734603882 0
1691748848247 1.134854793548584 0
1691748848311 1.1753112077713013 0
1691748848435 1.1960580348968506 0
1691748848547 1.268672227859497 0
1691748848673 1.2821576595306396 0
1691748848774 1.3132779598236084 0
1691748848848 1.3319501876831055 0
1691748848920 1.3941909074783325 0
1691748849036 1.4211617708206177 0
1691748849164 1.4356846809387207 0
1691748849300 1.5072613954544067 0
