1731060769799 0.6904959715902805 0
1731060769849 0.671377532184124 0
1731060769982 0.622951902449131 0
1731060770034 0.5222934298217297 0
1731060770084 0.42273218743503094 0
1731060770133 0.3997480981051922 0
1731060770182 0.39443621784448624 0
1731060770232 0.39263859391212463 0
1731060770284 0.392179386690259 0
1731060770333 0.3919368386268616 0
1731060770384 0.3917856588959694 0
1731060770433 0.3916377108544111 0
1731060770481 0.3914371635764837 0
1731060770621 0.39126979373395443 0
1731060770669 0.39108443446457386 0
1731060770717 0.39089635387063026 0
1731060770765 0.3906978014856577 0
1731060770816 0.3904715497046709 0
1731060770924 0.39028407260775566 0
1731060771113 0.3900660779327154 0
1731060771162 0.38982187770307064 0
