1684491030930 0.802935004234314 0
1684491030971 0.7809224128723145 0
1684491031004 0.7704402804374695 0
1684491031061 0.7777777910232544 0
1684491031125 0.7798742055892944 0
1684491031237 0.7788259983062744 0
1684491031292 0.7746331095695496 0
1684491031336 0.7840670943260193 0
1684491031380 0.7997903823852539 0
1684491031425 0.8920335173606873 0
1684491031472 0.903563916683197 0
1684491031515 0.9528301954269409 0
1684491031565 0.9329140186309814 0
1684491031618 0.9748427867889404 0
1684491031668 0.9696016907691956 0
1684491031714 0.9905660152435303 0
1684491031764 0.9937106966972351 0
1684491031810 1.0377358198165894 0
1684491031943 1.0765199661254883 0
1684491031995 1.0765199661254883 0
1684491032037 1.106918215751648 0
1684491032088 1.0922431945800781 0
1684491032137 1.1278825998306274 0
1684491032184 1.1320754289627075 0
1684491032230 1.1719077825546265 0
1684491032279 1.198113203048706 0
