1703239829372 0.679300919175148 0
1703239829434 0.6141291595995426 0
1703239829497 0.4676563609391451 0
1703239829569 0.40146888606250286 0
1703239829630 0.3940048757940531 0
1703239829789 0.3925696313381195 0
1703239829848 0.39193042553961277 0
1703239829904 0.3917156644165516 0
1703239829988 0.3914655577391386 0
1703239830061 0.3910759165883064 0
1703239830120 0.39071801491081715 0
1703239830179 0.39043219573795795 0
1703239830230 0.3901060130447149 0
1703239830284 0.3897321093827486 0
1703239830338 0.3893404006958008 0
1703239830392 0.38892247155308723 0
1703239830447 0.38845942728221416 0
1703239830501 0.3877700809389353 0
1703239830555 0.38724509067833424 0
1703239830618 0.38660825230181217 0
1703239830711 0.3860835339874029 0
1703239830771 0.38541649654507637 0
1703239830830 0.38450318574905396 0
