1703239829379 0.8073394298553467 0
1703239829441 0.8032619953155518 0
1703239829503 0.7930682897567749 0
1703239829576 0.8165137767791748 0
1703239829637 0.9296635985374451 0
1703239829796 0.963302731513977 0
1703239829854 1.0071356296539307 0
1703239829911 0.9959225058555603 0
1703239829998 1.0662589073181152 0
1703239830068 1.1284403800964355 0
1703239830127 1.163098931312561 0
1703239830185 1.1885831356048584 0
1703239830235 1.274209976196289 0
1703239830290 1.2854230403900146 0
1703239830344 1.3445464372634888 0
1703239830398 1.4362895488739014 0
1703239830453 1.3853211402893066 0
1703239830507 1.4485219717025757 0
1703239830561 1.5790010690689087 0
1703239830658 1.5535168647766113 0
1703239830717 1.6992864608764648 0
1703239830777 1.7115188837051392 0
1703239830837 1.7675840854644775 0
