1691748871644 0.8506224155426025 0
1691748871827 0.79356849193573 0
1691748871952 0.7946057915687561 0
1691748872131 0.9035269618034363 0
1691748872277 0.9201244711875916 0
1691748872384 0.9460580945014954 0
1691748872479 0.9927386045455933 0
1691748872565 0.9968879818916321 0
1691748872653 1.0124481916427612 0
1691748872749 1.0093361139297485 0
1691748872933 1.066390037536621 0
1691748873050 1.0736514329910278 0
1691748873118 1.1514523029327393 0
1691748873243 1.187759280204773 0
1691748873355 1.20643150806427 0
1691748873457 1.1898339986801147 0
1691748873546 1.2323651313781738 0
1691748873639 1.2717841863632202 0
1691748873731 1.3620332479476929 0
1691748873874 1.3267635107040405 0
1691748874187 1.4149377346038818 0
