1683886224595 0.6833347121874491 0
1683886224730 0.6569727500279744 0
1683886224859 0.5774392942587535 0
1683886225023 0.4562009612719218 0
1683886225157 0.4028528312842051 0
1683886225297 0.3954428404569626 0
1683886225434 0.39333589871724445 0
1683886225554 0.3926092594861984 0
1683886225688 0.3923239250977834 0
1683886225802 0.3921117742856344 0
1683886225914 0.3919596165418625 0
1683886226050 0.3918012320995331 0
1683886226178 0.39160067240397134 0
1683886226307 0.3915221800406774 0
1683886226422 0.3912897765636444 0
1683886226546 0.39106271266937254 0
1683886226674 0.3909168263276418 0
1683886226789 0.3906721164782842 0
1683886226852 0.3905078093210856 0
1683886226913 0.39025798738002776 0
1683886226975 0.38999911149342853 0
1683886227037 0.3897799253463745 0
1683886227098 0.38950083752473197 0
