1683886224611 0.8100734353065491 0
1683886224743 0.7974816560745239 0
1683886224878 0.784889817237854 0
1683886225028 0.7932843565940857 0
1683886225161 0.7922350764274597 0
1683886225301 0.7974816560745239 0
1683886225438 0.8415529727935791 0
1683886225559 0.9370409250259399 0
1683886225694 0.9643231630325317 0
1683886225808 1.0188877582550049 0
1683886225931 1.0251836776733398 0
1683886226065 1.057712435722351 0
1683886226192 1.0083945989608765 0
1683886226313 1.0461699962615967 0
1683886226434 1.064008355140686 0
1683886226551 1.0881427526474 0
1683886226685 1.0860440731048584 0
1683886226793 1.1343127489089966 0
1683886226856 1.1427072286605835 0
1683886226917 1.1920251846313477 0
1683886226979 1.1962224245071411 0
1683886227040 1.215110182762146 0
1683886227102 1.2507870197296143 0
