1723198376345 0.7922848463058472 0
1723198376418 0.7823936939239502 0
1723198376493 0.8911968469619751 0
1723198376570 0.9396637082099915 0
1723198376644 0.975271999835968 0
1723198376717 1.0247279405593872 0
1723198376792 1.0257171392440796 0
1723198376865 1.062314510345459 0
1723198376942 1.1454006433486938 0
1723198377034 1.17705237865448 0
1723198377107 1.223541021347046 0
1723198377181 1.219584584236145 0
1723198377254 1.3293768167495728 0
1723198377328 1.344213604927063 0
1723198377400 1.443125605583191 0
1723198377476 1.4470820426940918 0
