1723198376335 0.665668323636055 0
1723198376408 0.5009468449279666 0
1723198376482 0.39635058864951134 0
1723198376559 0.3929562037810683 0
1723198376633 0.39253098983317614 0
1723198376707 0.3921770313754678 0
1723198376781 0.391869411803782 0
1723198376855 0.3915208503603935 0
1723198376932 0.39113442599773407 0
1723198377024 0.390752830542624 0
1723198377097 0.39026934932917356 0
1723198377171 0.3899122066795826 0
1723198377244 0.3894506050273776 0
1723198377317 0.38891618233174086 0
1723198377390 0.3884318573400378 0
1723198377466 0.3877803133800626 0
