1702635034710 0.8297655582427979 0
1702635034740 0.8256880640983582 0
1702635034769 0.835881769657135 0
1702635034798 0.8216106295585632 0
1702635034827 0.7930682897567749 0
1702635034855 0.7971457839012146 0
1702635034884 0.7981651425361633 0
1702635034912 0.8297655582427979 0
1702635034941 0.7920489311218262 0
1702635034969 0.7879714369773865 0
1702635034998 0.7838940024375916 0
1702635035027 0.7971457839012146 0
1702635035055 0.7798165082931519 0
1702635035084 0.7838940024375916 0
1702635035113 0.7951070070266724 0
1702635035142 0.8114169239997864 0
1702635035171 0.8093782067298889 0
1702635035200 0.8154944181442261 0
1702635035248 0.8287461996078491 0
1702635035306 0.8185524940490723 0
1702635035334 0.8093782067298889 0
1702635035363 0.8083587884902954 0
1702635035391 0.8073394298553467 0
1702635035420 0.8083587884902954 0
1702635035448 0.8073394298553467 0
1702635035477 0.806320071220398 0
1702635035505 0.806320071220398 0
1702635035534 0.8093782067298889 0
1702635035562 0.8134556412696838 0
1702635035591 0.8216106295585632 0
1702635035619 0.819571852684021 0
1702635035648 0.8338429927825928 0
1702635035676 0.832823634147644 0
1702635035705 0.8338429927825928 0
1702635035733 0.8470947742462158 0
1702635035762 0.8521916270256042 0
1702635035791 0.8572884798049927 0
1702635035821 0.8746177554130554 0
1702635035849 0.8766564726829529 0
1702635035878 0.8807339668273926 0
1702635035906 0.8837920427322388 0
1702635035935 0.8919469714164734 0
