1732270439403 0.6755645555608413 0
1732270439441 0.6643205565564773 0
1732270439480 0.6466271631857928 0
1732270439518 0.6179685978328481 0
1732270439556 0.5727807108093711 0
1732270439593 0.5140314593034632 0
1732270439633 0.45725953578948975 0
1732270439749 0.4184381681330064 0
1732270439798 0.4049723569084616 0
1732270439842 0.4013039750211379 0
1732270439887 0.3971581862253301 0
1732270439935 0.39455003948772654 0
1732270440106 0.3945297774146585 0
1732270440156 0.3933911902063033 0
1732270440208 0.3928014863939846 0
1732270440274 0.39308000136824217 0
1732270440327 0.39353108756682453 0
1732270440367 0.39280421768917756 0
1732270440411 0.3926799016840318 0
1732270440449 0.39229998167823343 0
1732270440495 0.3923410247353947 0
1732270440543 0.39204735089750853 0
1732270440587 0.3923729658126831 0
1732270440628 0.39231915158383984 0
1732270440668 0.3920234476818758 0
1732270440706 0.3918331528411192 0
