1694772621439 0.8039215803146362 0
1694772621467 0.8163054585456848 0
1694772621497 0.7966976165771484 0
1694772621525 0.8039215803146362 0
1694772621553 0.8080495595932007 0
1694772621581 0.8152734637260437 0
1694772621609 0.8059855699539185 0
1694772621637 0.8028895854949951 0
1694772621665 0.7936016321182251 0
1694772621694 0.7997936010360718 0
1694772621722 0.7997936010360718 0
1694772621750 0.8008255958557129 0
1694772621779 0.8008255958557129 0
1694772621807 0.8194014430046082 0
1694772621835 0.8173374533653259 0
1694772621864 0.8297213912010193 0
1694772621892 0.8637771010398865 0
1694772621920 0.8823529481887817 0
1694772621949 0.8854489326477051 0
1694772621977 0.9122806787490845 0
1694772622005 0.9453044533729553 0
1694772622033 0.9545923471450806 0
1694772622061 0.9690402746200562 0
1694772622089 0.983488142490387 0
1694772622118 0.9948400259017944 0
1694772622146 1.008255958557129 0
1694772622175 1.01857590675354 0
1694772622207 1.0123839378356934 0
1694772622242 1.0278637409210205 0
1694772622270 1.065015435218811 0
1694772622299 1.0794633626937866 0
1694772622328 1.0846233367919922 0
1694772622356 1.1073271036148071 0
1694772622383 1.1207430362701416 0
