1694772621433 0.694875493645668 0
1694772621462 0.6877822950482368 0
1694772621492 0.6784491240978241 0
1694772621520 0.6648382022976875 0
1694772621548 0.6438265144824982 0
1694772621576 0.6119174286723137 0
1694772621604 0.5681262612342834 0
1694772621632 0.5164360292255878 0
1694772621660 0.46745695546269417 0
1694772621688 0.43255211785435677 0
1694772621717 0.41537680849432945 0
1694772621745 0.40766821056604385 0
1694772621774 0.402324840426445 0
1694772621802 0.39809440076351166 0
1694772621830 0.395623829215765 0
1694772621859 0.3942386545240879 0
1694772621887 0.3933909833431244 0
1694772621915 0.3926956281065941 0
1694772621944 0.3924459107220173 0
1694772621972 0.3922530226409435 0
1694772622000 0.39201844856143 0
1694772622028 0.3918788991868496 0
1694772622056 0.391769427806139 0
1694772622084 0.3916480541229248 0
1694772622112 0.3915294371545315 0
1694772622141 0.39137570559978485 0
1694772622170 0.39123760908842087 0
1694772622202 0.3911578841507435 0
1694772622236 0.39104367420077324 0
1694772622265 0.3908776454627514 0
1694772622294 0.3906855508685112 0
1694772622322 0.39051802828907967 0
1694772622351 0.3904050998389721 0
1694772622378 0.3902330808341503 0
