1699006289784 0.6953195668756962 0
1699006289851 0.6844387836754322 0
1699006289915 0.6682922318577766 0
1699006290002 0.6407987736165524 0
1699006290067 0.5954149514436722 0
1699006290129 0.5315337348729372 0
1699006290196 0.46500416472554207 0
1699006290259 0.4201094713062048 0
1699006290323 0.4038539417088032 0
1699006290387 0.39773125387728214 0
1699006290447 0.39477020502090454 0
1699006290508 0.3935667332261801 0
1699006290571 0.39301470294594765 0
1699006290632 0.3925968613475561 0
1699006290698 0.39232708513736725 0
1699006290758 0.39213538356125355 0
1699006290820 0.3919170666486025 0
1699006290882 0.3919299282133579 0
1699006290940 0.3918478600680828 0
