1699006289791 0.7538461685180664 0
1699006289858 0.7599999904632568 0
1699006289921 0.7589743733406067 0
1699006290009 0.7651281952857971 0
1699006290074 0.7733333110809326 0
1699006290136 0.7569230794906616 0
1699006290202 0.7743589878082275 0
1699006290265 0.7753846049308777 0
1699006290330 0.7794871926307678 0
1699006290394 0.7764102816581726 0
1699006290453 0.7876923084259033 0
1699006290515 0.8123077154159546 0
1699006290577 0.8246153593063354 0
1699006290638 0.8523076772689819 0
1699006290704 0.8820512890815735 0
1699006290764 0.8943589925765991 0
1699006290826 0.9487179517745972 0
1699006290888 0.9558974504470825 0
1699006290946 0.9538461565971375 0
