1688119862617 0.6846036165952682 0
1688119862646 0.6764098480343819 0
1688119862675 0.665055513381958 0
1688119862703 0.6482854411005974 0
1688119862757 0.6241298466920853 0
1688119862785 0.5909572169184685 0
1688119862812 0.5478558987379074 0
1688119862840 0.5005310997366905 0
1688119862867 0.45813625678420067 0
1688119862899 0.428856685757637 0
1688119862930 0.412027221173048 0
1688119862958 0.4031829163432121 0
1688119862986 0.39784006774425507 0
1688119863014 0.39460230246186256 0
1688119863041 0.3932182379066944 0
1688119863069 0.39251166954636574 0
1688119863097 0.39212629571557045 0
1688119863124 0.3919415697455406 0
1688119863151 0.3917666971683502 0
1688119863178 0.39166996255517006 0
1688119863211 0.39143285155296326 0
1688119863239 0.3914136588573456 0
1688119863266 0.3912443071603775 0
1688119863293 0.391149140894413 0
1688119863320 0.3909665048122406 0
1688119863347 0.3909292444586754 0
