1688119862622 0.8269030451774597 0
1688119862651 0.8060479760169983 0
1688119862679 0.8060479760169983 0
1688119862708 0.8143900036811829 0
1688119862762 0.8289885520935059 0
1688119862789 0.821689248085022 0
1688119862816 0.831074059009552 0
1688119862844 0.8227320313453674 0
1688119862871 0.8154327273368835 0
1688119862903 0.816475510597229 0
1688119862934 0.821689248085022 0
1688119862962 0.8321167826652527 0
1688119862990 0.8467153310775757 0
1688119863018 0.8519290685653687 0
1688119863045 0.8748696446418762 0
1688119863073 0.8686131238937378 0
1688119863101 0.9374348521232605 0
1688119863128 0.9343065619468689 0
1688119863156 0.9551616311073303 0
1688119863183 0.9874869585037231 0
1688119863215 0.9895724654197693 0
1688119863243 0.9958289861679077 0
1688119863270 1.023983359336853 0
1688119863297 1.0177267789840698 0
1688119863324 1.0458811521530151 0
1688119863352 1.0646506547927856 0
