1719569442858 0.8141152858734131 0
1719569442894 0.8220676183700562 0
1719569442930 0.8011928200721741 0
1719569442967 0.802186906337738 0
1719569443058 0.7733598351478577 0
1719569443109 0.737574577331543 0
1719569443144 0.7564612030982971 0
1719569443179 0.7485089302062988 0
1719569443213 0.762425422668457 0
1719569443247 0.7693836688995361 0
1719569443282 0.7952286005020142 0
1719569443316 0.8280318379402161 0
1719569443351 0.8658051490783691 0
1719569443386 0.9025844931602478 0
1719569443421 0.9343936443328857 0
1719569443456 0.9493041634559631 0
1719569443489 0.9572564363479614 0
1719569443522 0.9821073412895203 0
