1690539092655 0.7808930277824402 0
1690539092831 0.7580477595329285 0
1690539092945 0.7985461950302124 0
1690539093079 0.9055036306381226 0
1690539093182 0.9885773658752441 0
1690539093307 0.9761162996292114 0
1690539093478 1.0010384321212769 0
1690539093685 1.0747663974761963 0
1690539093895 1.2045691013336182 0
1690539094141 1.1692627668380737 0
1690539094321 1.2045691013336182 0
1690539094494 1.289719581604004 0
1690539094701 1.3198338747024536 0
1690539094959 1.4029076099395752 0
1690539095162 1.4174455404281616 0
1690539095365 1.4922118186950684 0
1690539095577 1.5794392824172974 0
1690539095779 1.633437156677246 0
