1716545498588 0.6905339509248734 0
1716545498625 0.6732947304844856 0
1716545498661 0.6390351019799709 0
1716545498697 0.5696036480367184 0
1716545498733 0.47075765393674374 0
1716545498768 0.4082496855407953 0
1716545498810 0.39755263924598694 0
1716545498868 0.3940823581069708 0
1716545498942 0.39311003498733044 0
1716545498979 0.39275722578167915 0
1716545499016 0.39259470999240875 0
1716545499054 0.3924499787390232 0
1716545499089 0.3923123124986887 0
1716545499127 0.39220723323524 0
1716545499164 0.39206482470035553 0
1716545499203 0.39195492677390575 0
1716545499245 0.39184772223234177 0
1716545499289 0.39174951426684856 0
1716545499331 0.39160284399986267 0
1716545499374 0.39148761332035065 0
1716545499415 0.39136889204382896 0
1716545499455 0.3912246599793434 0
1716545499496 0.3910875767469406 0
1716545499532 0.39095590077340603 0
1716545499567 0.3908308483660221 0
1716545499602 0.39068996347486973 0
1716545499637 0.3905304204672575 0
1716545499674 0.39032959938049316 0
1716545499710 0.39022884890437126 0
1716545499750 0.39004099927842617 0
1716545499788 0.3898343928158283 0
1716545499830 0.38964662700891495 0
1716545499870 0.3894927855581045 0
1716545499907 0.3892409149557352 0
1716545499996 0.3889805767685175 0
1716545500044 0.3888172507286072 0
