1701425490143 0.7926455736160278 0
1701425490181 0.7875382900238037 0
1701425490211 0.7875382900238037 0
1701425490240 0.798774242401123 0
1701425490273 0.798774242401123 0
1701425490307 0.7936670184135437 0
1701425490345 0.7844739556312561 0
1701425490376 0.7885597348213196 0
1701425490404 0.8028600811958313 0
1701425490454 0.7997956871986389 0
1701425490499 0.7946884632110596 0
1701425490530 0.7946884632110596 0
1701425490557 0.804902970790863 0
1701425490584 0.8089887499809265 0
1701425490612 0.804902970790863 0
1701425490639 0.8120531439781189 0
1701425490665 0.8018386363983154 0
1701425490690 0.8069458603858948 0
1701425490715 0.8140960335731506 0
1701425490739 0.8161389231681824 0
1701425490764 0.8222675919532776 0
1701425490788 0.8243105411529541 0
1701425490812 0.8263534307479858 0
1701425490836 0.8222675919532776 0
1701425490863 0.8222675919532776 0
1701425490890 0.8222675919532776 0
1701425490915 0.8222675919532776 0
1701425490939 0.8283963203430176 0
1701425490962 0.8263534307479858 0
1701425490986 0.8273748755455017 0
1701425491010 0.82533198595047 0
1701425491033 0.8294177651405334 0
1701425491057 0.82533198595047 0
1701425491082 0.8273748755455017 0
1701425491110 0.8232890963554382 0
1701425491136 0.82533198595047 0
1701425491162 0.8273748755455017 0
1701425491188 0.8273748755455017 0
1701425491213 0.8294177651405334 0
1701425491239 0.8345250487327576 0
1701425491271 0.8406537175178528 0
1701425491307 0.8457610011100769 0
1701425491334 0.8559755086898804 0
1701425491360 0.8621041774749756 0
1701425491384 0.8753830194473267 0
1701425491409 0.8600612878799438 0
1701425491435 0.8610827326774597 0
1701425491461 0.872318685054779 0
1701425491484 0.8804903030395508 0
1701425491507 0.8804903030395508 0
1701425491530 0.878447413444519 0
1701425491554 0.8947905898094177 0
1701425491580 0.8886619210243225 0
1701425491605 0.9039836525917053 0
1701425491629 0.912155270576477 0
1701425491652 0.9336057305335999 0
1701425491675 0.9356486201286316 0
1701425491697 0.9489274621009827 0
1701425491721 0.9407558441162109 0
1701425491744 0.9407558441162109 0
1701425491767 0.9438202381134033 0
1701425491793 0.9530133008956909 0
1701425491820 0.9581205248832703 0
1701425491847 0.9611848592758179 0
