1699611059155 0.7807376980781555 0
1699611059200 0.7971311211585999 0
1699611059244 0.7950819730758667 0
1699611059296 0.7848360538482666 0
1699611059355 0.7827869057655334 0
1699611059410 0.7848360538482666 0
1699611059471 0.7817623019218445 0
1699611059537 0.7848360538482666 0
1699611059580 0.7797130942344666 0
1699611059629 0.7725409865379333 0
1699611059741 0.7838114500045776 0
1699611059895 0.8309426307678223 0
1699611059942 0.8842213153839111 0
1699611060019 0.9221311211585999 0
1699611060112 0.9334016442298889 0
1699611060175 0.9487704634666443 0
1699611060223 0.9569672346115112 0
1699611060266 0.9815573692321777 0
1699611060308 0.998975396156311 0
1699611060351 1.0071721076965332 0
1699611060394 1.0061475038528442 0
1699611060436 1.0235655307769775 0
1699611060478 1.051229476928711 0
1699611060519 1.075819730758667 0
1699611060560 1.0706967115402222 0
1699611060601 1.0686475038528442 0
1699611060645 1.0983606576919556 0
1699611060687 1.1086065769195557 0
1699611060729 1.1342213153839111 0
1699611060778 1.1659835577011108 0
1699611060829 1.2069672346115112 0
1699611060871 1.2141393423080444 0
1699611060913 1.2182377576828003 0
1699611060955 1.261270523071289 0
1699611060999 1.2961065769195557 0
1699611061042 1.2694672346115112 0
1699611061087 1.323770523071289 0
1699611061131 1.3370901346206665 0
