1706263838323 0.773833692073822 0
1706263838366 0.7819472551345825 0
1706263838411 0.8093306422233582 0
1706263838455 0.8275862336158752 0
1706263838500 0.8225151896476746 0
1706263838544 0.8255578279495239 0
1706263838590 0.8174442052841187 0
1706263838634 0.81947261095047 0
1706263838677 0.8265720009803772 0
1706263838722 0.8377282023429871 0
1706263838765 0.8346856236457825 0
1706263838811 0.8610547780990601 0
1706263838855 0.8752535581588745 0
1706263838900 0.8752535581588745 0
1706263838945 0.8803245425224304 0
1706263838989 0.889452338218689 0
1706263839033 0.9188640713691711 0
1706263839077 0.9492900371551514 0
1706263839122 0.9746450185775757 0
1706263839165 1.018255591392517 0
1706263839211 1.0425963401794434 0
1706263839256 1.0567951202392578 0
1706263839302 1.0608519315719604 0
1706263839343 1.0679513216018677 0
