1698401563565 0.6789806792812962 0
1698401563615 0.5924364039974828 0
1698401563663 0.43451068382109365 0
1698401563712 0.3955239192132027 0
1698401563762 0.3928996084197875 0
1698401563813 0.3925642342336716 0
1698401563862 0.3921945652654094 0
1698401563911 0.3920573236480836 0
1698401563961 0.391889282772618 0
1698401564012 0.39161053492176917 0
1698401564062 0.3913029153500834 0
1698401564112 0.3910965746448886 0
1698401564161 0.39082044459158377 0
1698401564212 0.39056923312525593 0
1698401564262 0.39020922876173453 0
1698401564310 0.3900047319550668 0
1698401564359 0.38965342890831733 0
