1709287841115 0.6939231269061565 0
1709287841202 0.6829690709710121 0
1709287841312 0.6645490154623985 0
1709287841363 0.6288869604468346 0
1709287841407 0.5682858042418957 0
1709287841453 0.4907801132649183 0
1709287841496 0.42828577011823654 0
1709287841546 0.4032505378127098 0
1709287841674 0.39703097380697727 0
1709287841721 0.3941489960998297 0
1709287841762 0.3931363429874182 0
1709287841803 0.3926696479320526 0
1709287841847 0.3923812285065651 0
1709287841891 0.39222995005548 0
1709287841933 0.39206424728035927 0
1709287841974 0.3920000586658716 0
1709287842019 0.3919298220425844 0
1709287842187 0.3917917925864458 0
1709287842234 0.39170075207948685 0
1709287842276 0.39159502275288105 0
