1705054268987 0.7957317233085632 0
1705054269039 0.7947154641151428 0
1705054269093 0.792682945728302 0
1705054269132 0.8008130192756653 0
1705054269169 0.797764241695404 0
1705054269206 0.7815040946006775 0
1705054269240 0.8130081295967102 0
1705054269277 0.9593495726585388 0
1705054269323 0.9441056847572327 0
1705054269368 0.9705284833908081 0
1705054269409 0.9786585569381714 0
1705054269449 1.0233739614486694 0
1705054269488 1.0315040349960327 0
1705054269523 1.029471516609192 0
1705054269558 1.0894309282302856 0
1705054269593 1.1097561120986938 0
