1705054268980 0.686219334602356 0
1705054269018 0.664312981069088 0
1705054269087 0.6226447969675064 0
1705054269126 0.5477000027894974 0
1705054269162 0.4532870277762413 0
1705054269199 0.4050741158425808 0
1705054269234 0.4043654501438141 0
1705054269271 0.39518873021006584 0
1705054269306 0.3928021304309368 0
1705054269359 0.39271945133805275 0
1705054269403 0.3919052667915821 0
1705054269442 0.3917430639266968 0
1705054269481 0.3915134333074093 0
1705054269517 0.3912902660667896 0
1705054269552 0.39112620428204536 0
1705054269586 0.3909579887986183 0
