1693563150806 0.7942088842391968 0
1693563151088 0.8148913979530334 0
1693563151414 0.8345398306846619 0
1693563151696 0.8490175604820251 0
1693563151979 0.8417786955833435 0
1693563152237 0.8490175604820251 0
1693563152272 0.8324715495109558 0
1693563152371 0.8138573169708252 0
1693563152531 0.8283350467681885 0
1693563152691 0.8407445549964905 0
1693563152973 0.8531540632247925 0
1693563153254 0.8872802257537842 0
1693563153537 0.9338158965110779 0
1693563153766 0.949327826499939 0
1693563153844 0.9689761996269226 0
1693563154067 0.976215124130249 0
1693563154347 0.9917269945144653 0
1693563154627 1.0082730054855347 0
1693563154951 1.004136562347412 0
1693563155234 1.0113754272460938 0
1693563155557 1.049638032913208 0
1693563155844 1.051706314086914 0
1693563156126 1.0548087358474731 0
1693563156407 1.052740454673767 0
1693563156730 1.0672181844711304 0
1693563156890 1.077559471130371 0
1693563157084 1.1096173524856567 0
1693563157407 1.1075490713119507 0
1693563157691 1.1137539148330688 0
1693563157975 1.126163363456726 0
1693563158256 1.1385729312896729 0
