1693563150678 0.6870152503252029 0
1693563150961 0.6779884174466133 0
1693563151244 0.6649003997445107 0
1693563151568 0.6439537927508354 0
1693563151851 0.6119021475315094 0
1693563152176 0.5653883442282677 0
1693563152267 0.5081368573009968 0
1693563152343 0.4511337950825691 0
1693563152484 0.41432376578450203 0
1693563152562 0.4016298018395901 0
1693563152844 0.39839811623096466 0
1693563153127 0.39525730535387993 0
1693563153409 0.3930469788610935 0
1693563153732 0.392319492995739 0
1693563153798 0.3921540826559067 0
1693563153939 0.3918726481497288 0
1693563154219 0.3916832208633423 0
1693563154500 0.3916454501450062 0
1693563154824 0.39148712158203125 0
1693563155105 0.3914584144949913 0
1693563155430 0.3913288936018944 0
1693563155716 0.39126282557845116 0
1693563155999 0.3910945765674114 0
1693563156279 0.39092304557561874 0
1693563156560 0.39076966419816017 0
1693563156885 0.3907851278781891 0
1693563156956 0.3906016908586025 0
1693563157279 0.39047014713287354 0
1693563157562 0.39023108407855034 0
1693563157847 0.39016590267419815 0
1693563158129 0.3900502286851406 0
