1697796685597 0.6896870359778404 0
1697796685684 0.68514683842659 0
1697796685736 0.6797136217355728 0
1697796685788 0.6725793182849884 0
1697796685838 0.6625796109437943 0
1697796685892 0.6485292688012123 0
1697796685940 0.6288441941142082 0
1697796685994 0.6023715436458588 0
1697796686045 0.5689418017864227 0
1697796686095 0.5302301496267319 0
1697796686136 0.4900498650968075 0
1697796686194 0.45440980419516563 0
1697796686246 0.4288670942187309 0
1697796686293 0.4133625663816929 0
1697796686341 0.40563296526670456 0
1697796686389 0.4014623165130615 0
1697796686435 0.398511428385973 0
1697796686518 0.39658547937870026 0
1697796686591 0.3950097896158695 0
1697796686644 0.39405035972595215 0
1697796686695 0.39334359765052795 0
1697796686747 0.39298028871417046 0
1697796686802 0.3926813565194607 0
1697796686851 0.39243197441101074 0
1697796687032 0.3922480456531048 0
1697796687097 0.39216725155711174 0
1697796687156 0.39207200333476067 0
1697796687209 0.3919615112245083 0
1697796687258 0.391970694065094 0
1697796687303 0.39189228042960167 0
1697796687349 0.39181579276919365 0
1697796687396 0.39177265390753746 0
1697796687442 0.3916403092443943 0
1697796687488 0.3916412480175495 0
1697796687543 0.391602274030447 0
1697796687593 0.3915993571281433 0
1697796687647 0.3914959505200386 0
1697796687697 0.3914836086332798 0
1697796687747 0.3914128765463829 0
