1732875227940 0.7573099136352539 0
1732875228024 0.7690058350563049 0
1732875228119 0.7719298005104065 0
1732875228283 0.7729044556617737 0
1732875228326 0.7855750322341919 0
1732875228369 0.7865496873855591 0
1732875228471 0.7904483675956726 0
1732875228533 0.7836257219314575 0
1732875228581 0.7894737124443054 0
1732875228666 0.7709551453590393 0
1732875228758 0.7894737124443054 0
1732875228802 0.8255360722541809 0
1732875228846 0.8723196983337402 0
1732875228890 0.899610161781311 0
1732875228941 0.9142300486564636 0
1732875228982 0.9181286692619324 0
1732875229023 0.9658869504928589 0
1732875229063 0.9629629850387573 0
1732875229102 0.9707602262496948 0
1732875229142 1.0038986206054688 0
1732875229180 1.028265118598938 0
1732875229219 1.0272904634475708 0
1732875229261 1.056530237197876 0
1732875229301 1.090643286705017 0
1732875229340 1.0594542026519775 0
1732875229380 1.043859601020813 0
1732875229419 1.0545809268951416 0
1732875229458 1.0808967351913452 0
1732875229496 1.1247563362121582 0
1732875229536 1.1208577156066895 0
