1708683047071 0.8111110925674438 0
1708683047130 0.8060606122016907 0
1708683047187 0.8070707321166992 0
1708683047245 0.8444444537162781 0
1708683047303 0.9202020168304443 0
1708683047359 0.9404040575027466 0
1708683047415 0.960606038570404 0
1708683047472 1.0080808401107788 0
1708683047528 1.0434343814849854 0
1708683047583 1.0797979831695557 0
1708683047637 1.1333333253860474 0
1708683047692 1.1505050659179688 0
1708683047746 1.2333333492279053 0
1708683047801 1.2898989915847778 0
1708683047862 1.3111110925674438 0
1708683047917 1.315151572227478 0
