1695377452507 0.8123711347579956 0
1695377452566 0.7958762645721436 0
1695377452624 0.7701030969619751 0
1695377452682 0.7731958627700806 0
1695377452741 0.7731958627700806 0
1695377452800 0.7742267847061157 0
1695377452858 0.8061855435371399 0
1695377452917 0.8484535813331604 0
1695377452975 0.9329897165298462 0
1695377453033 1.0041236877441406 0
1695377453092 1.032989740371704 0
1695377453150 1.0505154132843018 0
1695377453207 1.090721607208252 0
1695377453263 1.101030945777893 0
1695377453322 1.11649489402771 0
1695377453380 1.1536082029342651 0
1695377453438 1.1969071626663208 0
1695377453496 1.2185566425323486 0
1695377453555 1.2556700706481934 0
