1695377452502 0.6903727766006224 0
1695377452560 0.6658077932173206 0
1695377452619 0.5936330595324116 0
1695377452677 0.48428777437056264 0
1695377452736 0.4245394718262457 0
1695377452795 0.4045321826011904 0
1695377452853 0.3967530996568741 0
1695377452911 0.39375430057125704 0
1695377452970 0.39273065617007596 0
1695377453028 0.3921148459757528 0
1695377453087 0.3917891633126043 0
1695377453145 0.39161579070552704 0
1695377453202 0.39136015792046824 0
1695377453258 0.39119641723171356 0
1695377453317 0.39091270873623507 0
1695377453375 0.39066968810173774 0
1695377453433 0.3904337911836563 0
1695377453491 0.39026213172943364 0
1695377453549 0.38985294872714626 0
