1690539096006 0.8213914632797241 0
1690539096123 0.830737292766571 0
1690539096246 0.8463135957717896 0
1690539096362 0.8701972961425781 0
1690539096479 0.9096572995185852 0
1690539096614 0.9179646968841553 0
1690539096740 0.9096572995185852 0
1690539096856 0.9480789303779602 0
1690539096989 0.9553478956222534 0
1690539097141 0.9927310347557068 0
1690539097262 0.9875389337539673 0
1690539097381 1.010384202003479 0
1690539097496 1.0425752401351929 0
1690539097605 1.0456905364990234 0
1690539097743 1.0529594421386719 0
1690539097859 1.0612668991088867 0
1690539097993 1.1651090383529663 0
1690539098133 1.0996885299682617 0
1690539098283 1.2107995748519897 0
1690539098405 1.2627207040786743 0
1690539098458 1.2388370037078857 0
