1690539095986 0.6737696528434753 0
1690539096108 0.6145702600479126 0
1690539096232 0.47706158459186554 0
1690539096351 0.39944444224238396 0
1690539096463 0.39526483975350857 0
1690539096588 0.39356665685772896 0
1690539096734 0.3926648013293743 0
1690539096841 0.3925915062427521 0
1690539096974 0.3919654320925474 0
1690539097127 0.39158674888312817 0
1690539097256 0.39173590019345284 0
1690539097366 0.3917923029512167 0
1690539097490 0.3913909625262022 0
1690539097597 0.39148845337331295 0
1690539097729 0.3908047452569008 0
1690539097853 0.3911431562155485 0
1690539097975 0.3900828994810581 0
1690539098117 0.3900383971631527 0
1690539098264 0.39022636227309704 0
1690539098398 0.3895739000290632 0
1690539098453 0.3893222939223051 0
