1689934327804 0.7983368039131165 0
1689934327865 0.7848232984542847 0
1689934327927 0.7869023084640503 0
1689934327988 0.7993763089179993 0
1689934328047 0.8264033198356628 0
1689934328109 0.8804574012756348 0
1689934328335 0.8991683721542358 0
1689934328444 0.9428274631500244 0
1689934328503 0.9688149690628052 0
1689934328560 0.9688149690628052 0
1689934328626 1.0332640409469604 0
1689934328687 1.066528081893921 0
1689934328744 1.0322245359420776 0
1689934328804 1.0821205377578735 0
1689934328861 1.1122660636901855 0
1689934328918 1.1039501428604126 0
1689934328978 1.1735966205596924 0
1689934329049 1.1704782247543335 0
