1703239830914 0.6936597377061844 0
1703239830943 0.6860956326127052 0
1703239830972 0.6760949343442917 0
1703239830997 0.6624608859419823 0
1703239831022 0.6442554667592049 0
1703239831050 0.6210073530673981 0
1703239831074 0.5928256958723068 0
1703239831099 0.560221754014492 0
1703239831124 0.5253491774201393 0
1703239831147 0.4911445863544941 0
1703239831171 0.4616585969924927 0
1703239831195 0.43900859728455544 0
1703239831218 0.42354538664221764 0
1703239831243 0.4139857031404972 0
1703239831270 0.40794797241687775 0
1703239831298 0.4035705402493477 0
1703239831325 0.40034356713294983 0
1703239831352 0.39813313633203506 0
1703239831378 0.3963572345674038 0
1703239831402 0.3950750380754471 0
1703239831425 0.3943055495619774 0
1703239831449 0.39368466287851334 0
1703239831472 0.3931894265115261 0
1703239831496 0.39281147718429565 0
1703239831522 0.3926122188568115 0
1703239831548 0.3923979662358761 0
1703239831574 0.39224572852253914 0
1703239831603 0.39212531223893166 0
1703239831642 0.39201709628105164 0
1703239831673 0.39187226071953773 0
1703239831704 0.3918011151254177 0
1703239831732 0.391675740480423 0
1703239831762 0.3916028067469597 0
1703239831854 0.39152367785573006 0
1703239831902 0.3914209231734276 0
1703239831964 0.39130542799830437 0
1703239832021 0.3912958800792694 0
1703239832054 0.3911728747189045 0
1703239832086 0.39111558720469475 0
1703239832115 0.3910353146493435 0
1703239832148 0.39096659794449806 0
1703239832202 0.39083021506667137 0
1703239832244 0.390737172216177 0
