1703239830921 0.7940876483917236 0
1703239830950 0.78899085521698 0
1703239830978 0.7849133610725403 0
1703239831003 0.78899085521698 0
1703239831029 0.7869520783424377 0
1703239831055 0.7971457839012146 0
1703239831079 0.7900102138519287 0
1703239831105 0.7940876483917236 0
1703239831129 0.7940876483917236 0
1703239831153 0.7951070070266724 0
1703239831177 0.7940876483917236 0
1703239831200 0.7971457839012146 0
1703239831224 0.8012232184410095 0
1703239831249 0.8053007125854492 0
1703239831277 0.8073394298553467 0
1703239831304 0.8307849168777466 0
1703239831332 0.8205912113189697 0
1703239831358 0.8165137767791748 0
1703239831384 0.8236493468284607 0
1703239831407 0.8338429927825928 0
1703239831431 0.832823634147644 0
1703239831454 0.8430173397064209 0
1703239831478 0.8603465557098389 0
1703239831502 0.8746177554130554 0
1703239831528 0.9001019597053528 0
1703239831554 0.9225280284881592 0
1703239831579 0.9480122327804565 0
1703239831611 0.9306829571723938 0
1703239831649 0.9388379454612732 0
1703239831680 0.9571865200996399 0
1703239831710 0.9551478028297424 0
1703239831739 0.9541284441947937 0
1703239831769 0.9785932898521423 0
1703239831864 0.9918450713157654 0
1703239831914 1.0020387172698975 0
1703239831975 1.0163098573684692 0
1703239832030 1.0448521375656128 0
1703239832062 1.030580997467041 0
1703239832093 1.0519877672195435 0
1703239832122 1.0723751783370972 0
1703239832159 1.080530047416687 0
1703239832213 1.0713557004928589 0
1703239832250 1.0876656770706177 0
