1708078287435 0.7775530815124512 0
1708078287470 0.7775530815124512 0
1708078287554 0.799797773361206 0
1708078287597 0.7866531610488892 0
1708078287633 0.791708767414093 0
1708078287667 0.8018200397491455 0
1708078287702 0.8119312524795532 0
1708078287737 0.8099089860916138 0
1708078287771 0.8159757256507874 0
1708078287806 0.8281092047691345 0
1708078287841 0.8250758051872253 0
1708078287877 0.8260869383811951 0
1708078287913 0.8321536779403687 0
1708078287949 0.8574317693710327 0
1708078287984 0.8442871570587158 0
1708078288021 0.8574317693710327 0
1708078288057 0.8675429821014404 0
1708078288092 0.882709801197052 0
1708078288127 0.8897876739501953 0
1708078288164 0.9110212326049805 0
1708078288199 0.9342770576477051 0
1708078288233 0.9443882703781128 0
1708078288281 0.965621829032898 0
1708078288347 0.9858443140983582 0
1708078288428 0.990899920463562 0
1708078288477 1.0060666799545288 0
1708078288510 1.0141557455062866 0
1708078288543 1.0232558250427246 0
1708078288576 1.0374115705490112 0
1708078288609 1.0364004373550415 0
1708078288644 1.0626895427703857 0
1708078288684 1.0556117296218872 0
1708078288732 1.0535894632339478 0
1708078288766 1.0647118091583252 0
1708078288800 1.0849342346191406 0
1708078288834 1.077856421470642 0
1708078288867 1.1021233797073364 0
1708078288899 1.1122345924377441 0
