1708078287428 0.6814194768667221 0
1708078287463 0.6747192963957787 0
1708078287531 0.6659611165523529 0
1708078287590 0.6528448238968849 0
1708078287626 0.6335081905126572 0
1708078287660 0.6060805022716522 0
1708078287694 0.5696586966514587 0
1708078287729 0.5266404524445534 0
1708078287764 0.48254169896245 0
1708078287798 0.44496626779437065 0
1708078287833 0.4199320152401924 0
1708078287869 0.40697357431054115 0
1708078287906 0.40141185000538826 0
1708078287941 0.3978933058679104 0
1708078287977 0.3953421227633953 0
1708078288013 0.3938559293746948 0
1708078288049 0.39320139214396477 0
1708078288084 0.39271798729896545 0
1708078288120 0.392481479793787 0
1708078288157 0.39229368418455124 0
1708078288191 0.39215683937072754 0
1708078288226 0.39202936366200447 0
1708078288266 0.39193013310432434 0
1708078288340 0.3918554522097111 0
1708078288393 0.39173562452197075 0
1708078288470 0.39166032150387764 0
1708078288503 0.39155836403369904 0
1708078288536 0.39148854464292526 0
1708078288569 0.3913444094359875 0
1708078288602 0.3912889398634434 0
1708078288637 0.3911691643297672 0
1708078288672 0.39108727127313614 0
1708078288725 0.3909923769533634 0
1708078288759 0.3908703289926052 0
1708078288793 0.39074574038386345 0
1708078288827 0.390623290091753 0
1708078288860 0.3905230537056923 0
1708078288892 0.3904119282960892 0
