1723198386149 0.6855936571955681 0
1723198386203 0.6722564101219177 0
1723198386256 0.6488639861345291 0
1723198386303 0.6044993735849857 0
1723198386350 0.5338584538549185 0
1723198386396 0.4574030991643667 0
1723198386512 0.4127072487026453 0
1723198386559 0.3999318853020668 0
1723198386606 0.3957675825804472 0
1723198386654 0.39366319961845875 0
1723198386699 0.3928767926990986 0
1723198386746 0.39250471256673336 0
1723198386793 0.392312103882432 0
1723198386838 0.3921500686556101 0
1723198386887 0.39204966835677624 0
1723198386934 0.39198429696261883 0
1723198387023 0.39186251163482666 0
1723198387069 0.3917503282427788 0
1723198387118 0.3916380126029253 0
1723198387165 0.3915241174399853 0
1723198387213 0.3914438746869564 0
1723198387262 0.39132813923060894 0
1723198387309 0.3911986146122217 0
1723198387357 0.3910634480416775 0
1723198387407 0.3909209258854389 0
1723198387457 0.39080487936735153 0
1723198387504 0.39071934297680855 0
1723198387549 0.39054124988615513 0
1723198387597 0.39040660485625267 0
1723198387645 0.3902641572058201 0
1723198387692 0.3901454992592335 0
1723198387741 0.38996286131441593 0
1723198387796 0.3897884953767061 0
1723198387900 0.38960239849984646 0
1723198387963 0.38943104073405266 0
1723198388029 0.3892515208572149 0
