1684491023922 0.6956012323498726 0
1684491023966 0.6882991120219231 0
1684491024008 0.6790214106440544 0
1684491024050 0.6659407988190651 0
1684491024090 0.6461578905582428 0
1684491024128 0.6163232922554016 0
1684491024167 0.5745295137166977 0
1684491024205 0.5214810520410538 0
1684491024243 0.4651130847632885 0
1684491024280 0.42204340174794197 0
1684491024318 0.4014194719493389 0
1684491024355 0.39779772609472275 0
1684491024393 0.39680442214012146 0
1684491024431 0.3945629671216011 0
1684491024472 0.39320140704512596 0
1684491024520 0.3928157649934292 0
1684491024560 0.3926410749554634 0
1684491024597 0.39255866408348083 0
1684491024632 0.39237990230321884 0
1684491024669 0.3923623748123646 0
1684491024706 0.39225877821445465 0
1684491024745 0.3921155259013176 0
1684491024781 0.3921041004359722 0
1684491024819 0.39199675619602203 0
1684491024864 0.3918626233935356 0
1684491024908 0.3918348550796509 0
1684491024950 0.39167364686727524 0
1684491024990 0.39156272634863853 0
1684491025033 0.39153870195150375 0
1684491025075 0.3914554789662361 0
1684491025115 0.39145996794104576 0
1684491025163 0.39132287725806236 0
1684491025204 0.39117082580924034 0
1684491025244 0.39105791598558426 0
