1684491023927 0.7767295837402344 0
1684491023970 0.801886796951294 0
1684491024012 0.8092243075370789 0
1684491024054 0.8207547068595886 0
1684491024094 0.8123689889907837 0
1684491024133 0.8427672982215881 0
1684491024171 0.8270440101623535 0
1684491024209 0.8406708836555481 0
1684491024247 0.8343815803527832 0
1684491024284 0.8406708836555481 0
1684491024321 0.8385744094848633 0
1684491024360 0.8511530160903931 0
1684491024397 0.8563941121101379 0
1684491024435 0.8710691928863525 0
1684491024478 0.8836477994918823 0
1684491024525 0.9150943160057068 0
1684491024564 0.9192872047424316 0
1684491024601 0.9192872047424316 0
1684491024636 0.9339622855186462 0
1684491024673 0.9444444179534912 0
1684491024710 0.9360587000846863 0
1684491024749 0.947589099407196 0
1684491024785 0.9643605947494507 0
1684491024823 0.9790356159210205 0
1684491024868 0.9916142821311951 0
1684491024912 1.0083857774734497 0
1684491024954 1.00419282913208 0
1684491024995 1.00209641456604 0
1684491025038 1.0220125913619995 0
1684491025079 1.0188679695129395 0
1684491025119 1.047169804573059 0
1684491025168 1.0513626337051392 0
1684491025208 1.0524109601974487 0
1684491025249 1.0744234323501587 0
