1711102277793 0.7935549020767212 0
1711102277864 0.7985901236534119 0
1711102277935 0.8096676468849182 0
1711102277984 0.8036254048347473 0
1711102278024 0.7935549020767212 0
1711102278073 0.7854984998703003 0
1711102278112 0.7814702987670898 0
1711102278151 0.7764350175857544 0
1711102278194 0.7804632186889648 0
1711102278232 0.7683786749839783 0
1711102278268 0.765357494354248 0
1711102278308 0.765357494354248 0
1711102278340 0.7683786749839783 0
1711102278370 0.766364574432373 0
1711102278402 0.7673715949058533 0
1711102278434 0.7593151926994324 0
1711102278471 0.7613292932510376 0
1711102278502 0.7844914197921753 0
1711102278537 0.7975831031799316 0
1711102278574 0.8016113042831421 0
1711102278609 0.8177240490913391 0
1711102278648 0.8408861756324768 0
1711102278679 0.8771399855613708 0
1711102278711 0.903323233127594 0
1711102278744 0.9234642386436462 0
1711102278777 0.9486404657363892 0
1711102278809 0.9728096723556519 0
1711102278847 0.9718025922775269 0
1711102278889 0.9808660745620728 0
1711102278940 1.0100704431533813 0
