1731665599910 0.6909204348921776 0
1731665599966 0.6853988766670227 0
1731665600012 0.6787669062614441 0
1731665600049 0.6700236648321152 0
1731665600083 0.6580645069479942 0
1731665600118 0.641740694642067 0
1731665600152 0.6201642453670502 0
1731665600184 0.5928279533982277 0
1731665600222 0.560680441558361 0
1731665600261 0.5258213505148888 0
1731665600298 0.4911511056125164 0
1731665600338 0.45999959483742714 0
1731665600376 0.43603288009762764 0
1731665600412 0.42025151476264 0
1731665600456 0.41088005155324936 0
1731665600493 0.40514469519257545 0
1731665600525 0.401245329529047 0
1731665600557 0.39832907170057297 0
1731665600589 0.3962474465370178 0
1731665600621 0.39486437663435936 0
1731665600653 0.39397259056568146 0
1731665600687 0.39333152770996094 0
1731665600718 0.3928855322301388 0
1731665600750 0.3925759829580784 0
1731665600782 0.3923334814608097 0
1731665600813 0.39214371144771576 0
1731665600845 0.3919980600476265 0
1731665600876 0.391884732991457 0
1731665600908 0.39178018644452095 0
1731665600940 0.39169321954250336 0
1731665600972 0.39161867275834084 0
1731665601004 0.3915353827178478 0
1731665601038 0.39145552739501 0
1731665601073 0.39137519523501396 0
1731665601123 0.3912947252392769 0
1731665601162 0.39122772961854935 0
1731665601200 0.3911484442651272 0
1731665601239 0.3910668008029461 0
1731665601279 0.3909898214042187 0
1731665601351 0.3909062333405018 0
1731665601427 0.3908330239355564 0
1731665601540 0.390750490128994 0
1731665601638 0.39066191390156746 0
1731665601711 0.390586506575346 0
