1724407924619 0.8339921236038208 0
1724407924662 0.8428853750228882 0
1724407924706 0.8547430634498596 0
1724407924750 0.8527668118476868 0
1724407924792 0.8666008114814758 0
1724407924834 0.8636363744735718 0
1724407924875 0.8537549376487732 0
1724407924916 0.8567193746566772 0
1724407924958 0.8577075004577637 0
1724407925006 0.8468379378318787 0
1724407925057 0.8498023748397827 0
1724407925112 0.8330039381980896 0
1724407925164 0.8280632495880127 0
1724407925216 0.8379446864128113 0
1724407925270 0.8369565010070801 0
1724407925320 0.8478260636329651 0
1724407925367 0.8428853750228882 0
1724407925403 0.8656126260757446 0
1724407925443 0.8596838116645813 0
1724407925479 0.8606719374656677 0
1724407925515 0.8656126260757446 0
1724407925568 0.8824110627174377 0
1724407925618 0.9011857509613037 0
1724407925666 0.9110671877861023 0
1724407925710 0.926877498626709 0
1724407925756 0.9258893132209778 0
1724407925803 0.9476284384727478 0
1724407925857 0.97826087474823 0
1724407925896 1.0118577480316162 0
1724407925933 1.0069169998168945 0
1724407925971 1.0069169998168945 0
1724407926003 1.0227272510528564 0
1724407926035 1.045454502105713 0
1724407926069 1.0405138731002808 0
1724407926102 1.0523715019226074 0
1724407926135 1.0602766275405884 0
1724407926167 1.0770751237869263 0
1724407926200 1.0701581239700317 0
1724407926232 1.081027626991272 0
1724407926265 1.0918972492218018 0
1724407926297 1.0918972492218018 0
1724407926330 1.1146245002746582 0
1724407926363 1.1195652484893799 0
1724407926404 1.1294466257095337 0
1724407926446 1.146245002746582 0
1724407926488 1.1284584999084473 0
1724407926530 1.1442687511444092 0
1724407926572 1.16304349899292 0
1724407926613 1.1788537502288818 0
1724407926653 1.1758893728256226 0
1724407926690 1.1956521272659302 0
1724407926725 1.2084980010986328 0
1724407926759 1.2233201265335083 0
1724407926792 1.2391303777694702 0
1724407926825 1.2401186227798462 0
1724407926857 1.2450592517852783 0
1724407926890 1.2509881258010864 0
1724407926923 1.2707509994506836 0
1724407926954 1.279644250869751 0
1724407926986 1.2885375022888184 0
1724407927018 1.2924901247024536 0
1724407927049 1.2944663763046265 0
1724407927084 1.3250988721847534 0
1724407927121 1.3349802494049072 0
