1732875231224 0.8294346928596497 0
1732875231273 0.808966875076294 0
1732875231337 0.7992202639579773 0
1732875231390 0.7787524461746216 0
1732875231445 0.7777777910232544 0
1732875231495 0.7787524461746216 0
1732875231540 0.7855750322341919 0
1732875231587 0.8430799245834351 0
1732875231633 0.8732943534851074 0
1732875231682 0.9083820581436157 0
1732875231731 0.9005848169326782 0
1732875231777 0.9035087823867798 0
1732875231823 0.9093567132949829 0
1732875231869 0.9658869504928589 0
1732875231915 0.943469762802124 0
1732875231961 0.9931774139404297 0
1732875232008 0.9707602262496948 0
1732875232055 0.9619883298873901 0
1732875232113 0.9970760345458984 0
1732875232163 0.9785575270652771 0
1732875232213 0.961013674736023 0
