1720779075555 0.7867063283920288 0
1720779075706 0.8055555820465088 0
1720779075744 0.807539701461792 0
1720779075780 0.8095238208770752 0
1720779075818 0.8095238208770752 0
1720779075953 0.8154761791229248 0
1720779076101 0.8055555820465088 0
1720779076137 0.8164682388305664 0
1720779076176 0.8164682388305664 0
1720779076214 0.8085317611694336 0
1720779076347 0.795634925365448 0
1720779076468 0.7926587462425232 0
1720779076500 0.7996031641960144 0
1720779076535 0.8085317611694336 0
1720779076569 0.7926587462425232 0
1720779076603 0.7996031641960144 0
1720779076638 0.8095238208770752 0
1720779076673 0.8134920597076416 0
1720779076708 0.8085317611694336 0
1720779076809 0.8105158805847168 0
1720779076898 0.8134920597076416 0
1720779076971 0.8085317611694336 0
1720779077002 0.8055555820465088 0
1720779077034 0.8085317611694336 0
1720779077065 0.8095238208770752 0
1720779077123 0.817460298538208 0
1720779077198 0.8105158805847168 0
1720779077232 0.8095238208770752 0
1720779077263 0.8115079402923584 0
1720779077295 0.8194444179534912 0
1720779077326 0.8115079402923584 0
1720779077357 0.8105158805847168 0
1720779077391 0.8055555820465088 0
1720779077424 0.8085317611694336 0
1720779077456 0.8134920597076416 0
1720779077546 0.8154761791229248 0
1720779077604 0.8164682388305664 0
1720779077639 0.8125 0
1720779077673 0.8095238208770752 0
1720779077707 0.8055555820465088 0
1720779077785 0.8025793433189392 0
1720779077852 0.8045634627342224 0
1720779077896 0.8055555820465088 0
1720779077936 0.807539701461792 0
1720779078005 0.8065476417541504 0
1720779078089 0.8065476417541504 0
1720779078125 0.8065476417541504 0
1720779078164 0.8065476417541504 0
1720779078203 0.817460298538208 0
1720779078272 0.8184523582458496 0
1720779078348 0.824404776096344 0
1720779078385 0.8214285969734192 0
1720779078423 0.8214285969734192 0
1720779078464 0.8273809552192688 0
1720779078539 0.8323412537574768 0
1720779078599 0.841269850730896 0
1720779078642 0.8482142686843872 0
1720779078769 0.8432539701461792 0
1720779078811 0.8472222089767456 0
1720779078901 0.8402777910232544 0
1720779078988 0.8432539701461792 0
1720779079069 0.8452380895614624 0
1720779079150 0.85317462682724 0
1720779079223 0.8492063283920288 0
1720779079262 0.851190447807312 0
1720779079305 0.8521825671195984 0
1720779079345 0.8541666865348816 0
1720779079389 0.8640872836112976 0
1720779079428 0.8740079402923584 0
1720779079472 0.8888888955116272 0
1720779079550 0.8878968358039856 0
1720779079608 0.8888888955116272 0
1720779079646 0.8849206566810608 0
1720779079682 0.891865074634552 0
1720779079717 0.8938491940498352 0
1720779079795 0.8998016119003296 0
1720779079852 0.908730149269104 0
