1718964671896 0.8029850721359253 0
1718964671935 0.7960199117660522 0
1718964671974 0.7920398116111755 0
1718964672011 0.7920398116111755 0
1718964672048 0.7880597114562988 0
1718964672086 0.7870646715164185 0
1718964672121 0.7890547513961792 0
1718964672156 0.806965172290802 0
1718964672192 0.8029850721359253 0
1718964672227 0.8248755931854248 0
1718964672262 0.8189054727554321 0
1718964672297 0.8099502325057983 0
1718964672333 0.8119403123855591 0
1718964672369 0.8109452724456787 0
1718964672404 0.8228855729103088 0
1718964672441 0.8208954930305481 0
1718964672477 0.8338308334350586 0
1718964672512 0.839801013469696 0
1718964672546 0.8507462739944458 0
1718964672582 0.8497512340545654 0
1718964672619 0.8497512340545654 0
1718964672655 0.8507462739944458 0
1718964672690 0.8517413139343262 0
1718964672726 0.8547263741493225 0
1718964672761 0.8567163944244385 0
1718964672796 0.8527362942695618 0
1718964672831 0.8547263741493225 0
1718964672866 0.8517413139343262 0
1718964672902 0.8547263741493225 0
1718964672936 0.8537313342094421 0
1718964672972 0.8517413139343262 0
1718964673007 0.8537313342094421 0
1718964673043 0.8606964945793152 0
1718964673079 0.8626865744590759 0
1718964673116 0.867661714553833 0
1718964673155 0.8716418147087097 0
1718964673199 0.8716418147087097 0
1718964673242 0.8626865744590759 0
1718964673280 0.8646765947341919 0
1718964673317 0.8547263741493225 0
1718964673354 0.8666666746139526 0
1718964673391 0.8776119351387024 0
1718964673428 0.8656716346740723 0
1718964673468 0.876616895198822 0
1718964673508 0.8835821151733398 0
1718964673547 0.8965173959732056 0
1718964673584 0.8965173959732056 0
1718964673620 0.8985074758529663 0
1718964673658 0.9104477763175964 0
1718964673695 0.9164178967475891 0
1718964673731 0.9213930368423462 0
1718964673766 0.939303457736969 0
1718964673800 0.9333333373069763 0
1718964673835 0.9422885775566101 0
1718964673870 0.9562188982963562 0
1718964673904 0.9701492786407471 0
1718964673939 0.9631840586662292 0
1718964673976 0.9611940383911133 0
1718964674011 0.9691542387008667 0
1718964674047 0.9761193990707397 0
1718964674086 0.9810945391654968 0
1718964674121 0.9900497794151306 0
1718964674159 0.9880596995353699 0
1718964674193 0.9890547394752502 0
1718964674229 0.9810945391654968 0
1718964674264 0.993034839630127 0
1718964674299 0.9950248599052429 0
1718964674333 0.9900497794151306 0
1718964674367 1.0029851198196411 0
1718964674401 1.0049750804901123 0
