1718964671889 0.6842083819210529 0
1718964671928 0.6813545264303684 0
1718964671967 0.6782225742936134 0
1718964672003 0.6746020801365376 0
1718964672041 0.6702277548611164 0
1718964672078 0.6649382710456848 0
1718964672113 0.6582584232091904 0
1718964672149 0.6498745940625668 0
1718964672184 0.639155238866806 0
1718964672220 0.6254751496016979 0
1718964672255 0.6084705889225006 0
1718964672290 0.588380753993988 0
1718964672326 0.5658382475376129 0
1718964672362 0.5415736213326454 0
1718964672397 0.5168002024292946 0
1718964672433 0.49254962988197803 0
1718964672469 0.4704322647303343 0
1718964672504 0.45133269391953945 0
1718964672539 0.4358526039868593 0
1718964672574 0.4239886086434126 0
1718964672612 0.41547995060682297 0
1718964672647 0.4094341807067394 0
1718964672682 0.40522780269384384 0
1718964672719 0.40238911658525467 0
1718964672753 0.40032356046140194 0
1718964672789 0.39886147901415825 0
1718964672823 0.39766911044716835 0
1718964672859 0.39684016071259975 0
1718964672894 0.39607639610767365 0
1718964672929 0.39545074850320816 0
1718964672965 0.39500025287270546 0
1718964673000 0.3945048749446869 0
1718964673035 0.3941757883876562 0
1718964673071 0.39389297366142273 0
1718964673108 0.3936786726117134 0
1718964673146 0.39340743608772755 0
1718964673191 0.3932426329702139 0
1718964673234 0.3930957391858101 0
1718964673273 0.3929592929780483 0
1718964673309 0.392894996330142 0
1718964673346 0.39274653792381287 0
1718964673383 0.39268347807228565 0
1718964673419 0.39260481856763363 0
1718964673460 0.39246828481554985 0
1718964673500 0.39243588224053383 0
1718964673540 0.3923682887107134 0
1718964673577 0.39233990386128426 0
1718964673613 0.39226894080638885 0
1718964673651 0.3922187313437462 0
1718964673687 0.39216408133506775 0
1718964673723 0.3921581767499447 0
1718964673758 0.39210229367017746 0
1718964673793 0.3920608051121235 0
1718964673828 0.3920502942055464 0
1718964673862 0.39201447553932667 0
1718964673896 0.3919747117906809 0
1718964673931 0.39195968210697174 0
1718964673968 0.39190731942653656 0
1718964674003 0.3918597549200058 0
1718964674039 0.391851456835866 0
1718964674078 0.3918284550309181 0
1718964674114 0.3917975816875696 0
1718964674152 0.39177185483276844 0
1718964674186 0.39171731658279896 0
1718964674221 0.39169854670763016 0
1718964674257 0.39169664680957794 0
1718964674291 0.39167520403862 0
1718964674325 0.39161047153174877 0
1718964674360 0.3915929887443781 0
1718964674393 0.3915553167462349 0
