1719569444682 0.6944403201341629 0
1719569444722 0.6855677329003811 0
1719569444761 0.6725778765976429 0
1719569444801 0.6492687873542309 0
1719569444840 0.6076347641646862 0
1719569444879 0.5428607910871506 0
1719569444918 0.4684372451156378 0
1719569444957 0.4165859166532755 0
1719569445088 0.3992782514542341 0
1719569445128 0.39566380716860294 0
1719569445169 0.3937677573412657 0
1719569445208 0.3929367698729038 0
1719569445249 0.39256094582378864 0
1719569445290 0.39239732921123505 0
1719569445330 0.39223610050976276 0
1719569445371 0.39216285198926926 0
1719569445410 0.39208499900996685 0
1719569445450 0.391971243545413 0
1719569445592 0.39192635379731655 0
1719569445631 0.391838988289237 0
1719569445670 0.391747297719121 0
1719569445709 0.39165594801306725 0
1719569445750 0.3915897607803345 0
1719569445790 0.3915308564901352 0
