1696587078616 0.846707820892334 0
1696587078669 0.8446502089500427 0
1696587078721 0.8076131939888 0
1696587078771 0.8240740895271301 0
1696587078820 0.8271604776382446 0
1696587078869 0.838477373123169 0
1696587078919 0.8703703880310059 0
1696587078968 0.9022634029388428 0
1696587079016 0.9495884776115417 0
1696587079068 0.9711934328079224 0
1696587079118 0.9578189253807068 0
1696587079169 1.0051440000534058 0
1696587079218 0.9907407164573669 0
1696587079265 1.008230447769165 0
1696587079313 1.0596708059310913 0
1696587079362 1.0524691343307495 0
1696587079411 1.058642029762268 0
1696587079461 1.0761317014694214 0
1696587079510 1.0925925970077515 0
1696587079560 1.0936213731765747 0
1696587079609 1.1358025074005127 0
1696587079658 1.1471192836761475 0
1696587079707 1.163580298423767 0
1696587079757 1.1923868656158447 0
1696587079808 1.2170782089233398 0
1696587079857 1.2160494327545166 0
1696587079951 1.247942328453064 0
1696587080000 1.2798353433609009 0
1696587080049 1.2623456716537476 0
1696587080099 1.2325103282928467 0
