1696587078610 0.6922546587884426 0
1696587078664 0.6708879545331001 0
1696587078715 0.6282225213944912 0
1696587078765 0.5461825393140316 0
1696587078814 0.44563022069633007 0
1696587078864 0.3997060041874647 0
1696587078914 0.39533767104148865 0
1696587078962 0.39303046837449074 0
1696587079011 0.3925099764019251 0
1696587079062 0.3921237662434578 0
1696587079113 0.3920218888670206 0
1696587079164 0.3920588344335556 0
1696587079213 0.39186692982912064 0
1696587079260 0.39165796525776386 0
1696587079308 0.39153100550174713 0
1696587079357 0.39144069887697697 0
1696587079406 0.3911892846226692 0
1696587079456 0.3910585455596447 0
1696587079505 0.39098693430423737 0
1696587079554 0.39084669947624207 0
1696587079603 0.39066442660987377 0
1696587079652 0.39061884954571724 0
1696587079701 0.3902347795665264 0
1696587079751 0.39030687510967255 0
1696587079802 0.39002921618521214 0
1696587079851 0.3899565078318119 0
1696587079909 0.38968717865645885 0
1696587079994 0.3895914386957884 0
1696587080043 0.38932366110384464 0
1696587080094 0.3890441209077835 0
