1699611065676 0.6946131885051727 0
1699611065705 0.6921262294054031 0
1699611065733 0.689750425517559 0
1699611065762 0.6870546713471413 0
1699611065790 0.6837401613593102 0
1699611065818 0.6794981136918068 0
1699611065847 0.6738295555114746 0
1699611065876 0.6659722924232483 0
1699611065905 0.6555226072669029 0
1699611065931 0.6417394205927849 0
1699611065958 0.6244445666670799 0
1699611065985 0.6038300022482872 0
1699611066014 0.5808102488517761 0
1699611066042 0.5552923381328583 0
1699611066070 0.529839426279068 0
1699611066100 0.5056695751845837 0
1699611066127 0.4841242730617523 0
1699611066157 0.46652035787701607 0
1699611066184 0.45214492827653885 0
1699611066211 0.4410887621343136 0
1699611066238 0.4320758767426014 0
1699611066267 0.42467309907078743 0
1699611066297 0.4189394414424896 0
1699611066327 0.4139665365219116 0
1699611066354 0.41000911220908165 0
1699611066382 0.4066227488219738 0
1699611066409 0.4040891081094742 0
1699611066437 0.4016774296760559 0
1699611066464 0.39968346431851387 0
1699611066492 0.39815961197018623 0
1699611066520 0.396982129663229 0
1699611066551 0.39602211490273476 0
1699611066578 0.3951776921749115 0
1699611066607 0.39440854266285896 0
1699611066636 0.39395763352513313 0
1699611066664 0.39349307492375374 0
1699611066691 0.3930978998541832 0
1699611066718 0.39278944954276085 0
1699611066747 0.39250174537301064 0
1699611066774 0.39228175580501556 0
1699611066803 0.3920380510389805 0
1699611066831 0.3919053412973881 0
1699611066859 0.3917062506079674 0
1699611066888 0.3916541635990143 0
1699611066916 0.3914322108030319 0
1699611066943 0.3913889192044735 0
1699611066971 0.3912527747452259 0
1699611067002 0.39113815128803253 0
1699611067032 0.3909899890422821 0
1699611067060 0.3909253515303135 0
1699611067088 0.3907567970454693 0
1699611067117 0.3907223306596279 0
1699611067145 0.3906562626361847 0
1699611067173 0.39054350182414055 0
1699611067202 0.3904487155377865 0
1699611067232 0.39035816863179207 0
1699611067259 0.39023513719439507 0
1699611067289 0.3901090919971466 0
1699611067319 0.39000433683395386 0
1699611067348 0.3899528793990612 0
1699611067377 0.38982922583818436 0
1699611067407 0.3896886743605137 0
