1704449412659 0.6889187842607498 0
1704449412692 0.6713351160287857 0
1704449412724 0.6362315714359283 0
1704449412755 0.5659902319312096 0
1704449412786 0.4646489694714546 0
1704449412817 0.4042160101234913 0
1704449412848 0.40531987324357033 0
1704449412879 0.395634438842535 0
1704449412909 0.39291685819625854 0
1704449412940 0.39286157861351967 0
1704449412971 0.3919668197631836 0
1704449413001 0.3918783850967884 0
1704449413033 0.39156465604901314 0
1704449413064 0.39140353351831436 0
1704449413096 0.3912111669778824 0
