1720174431623 0.6750756353139877 0
1720174431708 0.5835700687021017 0
1720174431819 0.4224834209308028 0
1720174431901 0.394528154283762 0
1720174431981 0.39269061014056206 0
1720174432064 0.3924148268997669 0
1720174432145 0.39215410966426134 0
1720174432228 0.39185112807899714 0
1720174432308 0.3916617101058364 0
1720174432390 0.3914622412994504 0
1720174432472 0.3911570534110069 0
1720174432553 0.3909070221707225 0
1720174432631 0.3906611083075404 0
1720174432712 0.3903008662164211 0
1720174432794 0.39009937178343534 0
1720174432878 0.3897703541442752 0
1720174432967 0.38944299425929785 0
1720174433046 0.38907381426543 0
1720174433125 0.3886733576655388 0
1720174433209 0.38831611815840006 0
1720174433291 0.3879894120618701 0
1720174433373 0.3875023704022169 0
1720174433455 0.3869978114962578 0
1720174433535 0.38662140164524317 0
