1692958244534 0.6769210919737816 0
1692958244586 0.6213928647339344 0
1692958244638 0.49310352653265 0
1692958244692 0.4051121100783348 0
1692958244742 0.3967600427567959 0
1692958244796 0.3930128142237663 0
1692958244847 0.39247849211096764 0
1692958244897 0.3921492863446474 0
1692958244947 0.391910744830966 0
1692958244996 0.39189790561795235 0
1692958245049 0.3914415128529072 0
1692958245099 0.3913690112531185 0
1692958245149 0.3908741883933544 0
1692958245197 0.39060384780168533 0
1692958245251 0.39027699269354343 0
