1725012764916 0.6988809294998646 0
1725012764987 0.6917964406311512 0
1725012765035 0.6817019954323769 0
1725012765088 0.6662934049963951 0
1725012765188 0.6419924609363079 0
1725012765248 0.60486726090312 0
1725012765303 0.5547338426113129 0
1725012765359 0.49984616227447987 0
1725012765457 0.4537728317081928 0
1725012765508 0.4247856084257364 0
1725012765558 0.41027727723121643 0
1725012765625 0.4034183509647846 0
1725012765716 0.39953870326280594 0
1725012765766 0.39716196060180664 0
1725012765816 0.3955625668168068 0
1725012765991 0.3944915849715471 0
1725012766040 0.393784599378705 0
1725012766089 0.3932848870754242 0
1725012766138 0.3929015211760998 0
1725012766188 0.3926884289830923 0
1725012766368 0.39245999976992607 0
1725012766419 0.39231099374592304 0
1725012766468 0.39222857542335987 0
1725012766517 0.39211797527968884 0
1725012766566 0.39203835651278496 0
1725012766614 0.39195409417152405 0
1725012766662 0.3918953016400337 0
1725012766711 0.3918230775743723 0
1725012766807 0.39176434464752674 0
1725012766871 0.39171433448791504 0
1725012766919 0.3916491698473692 0
1725012766968 0.3915999997407198 0
1725012767084 0.39151729084551334 0
