1698401567842 0.7997946739196777 0
1698401567895 0.8039014339447021 0
1698401567946 0.9147843718528748 0
1698401567998 0.9568788409233093 0
1698401568049 0.987679660320282 0
1698401568100 1.0154004096984863 0
1698401568152 1.0934292078018188 0
1698401568204 1.1427104473114014 0
1698401568257 1.208418846130371 0
1698401568308 1.2176591157913208 0
1698401568359 1.3182752132415771 0
1698401568411 1.3675564527511597 0
1698401568463 1.4476386308670044 0
1698401568515 1.5154004096984863 0
1698401568566 1.6129363775253296 0
1698401568617 1.7176591157913208 0
1698401568668 1.7268993854522705 0
1698401568720 1.851129412651062 0
1698401568772 1.9158110618591309 0
1698401568824 1.9240245819091797 0
1698401568878 1.9733059406280518 0
1698401568931 2.090348958969116 0
1698401568983 2.0944559574127197 0
