1713521467064 0.6846640426665545 0
1713521467131 0.6766799800097942 0
1713521467234 0.6645348202437162 0
1713521467352 0.6459235455840826 0
1713521467434 0.6151109058409929 0
1713521467680 0.5697176866233349 0
1713521467757 0.5163626037538052 0
1713521467828 0.46791930217295885 0
1713521467948 0.435087226331234 0
1713521468032 0.41661793179810047 0
1713521468174 0.4073546314612031 0
1713521468360 0.4024276668205857 0
1713521468546 0.3989464296028018 0
1713521468624 0.39648042619228363 0
1713521468693 0.39532407373189926 0
1713521468771 0.3943646717816591 0
1713521468836 0.393716243095696 0
1713521468911 0.3930073780938983 0
1713521469041 0.39263795502483845 0
1713521469112 0.392514880746603 0
1713521469187 0.392198346555233 0
1713521469338 0.3921262575313449 0
1713521469427 0.3919122042134404 0
1713521469501 0.3918763566762209 0
1713521469568 0.39181438740342855 0
1713521469631 0.3916625464335084 0
