1713521467075 0.7723169326782227 0
1713521467142 0.7893680930137634 0
1713521467245 0.7853560447692871 0
1713521467366 0.7863590717315674 0
1713521467449 0.747241735458374 0
1713521467691 0.7652958631515503 0
1713521467766 0.7723169326782227 0
1713521467877 0.7743229866027832 0
1713521467962 0.7873620986938477 0
1713521468042 0.7963891625404358 0
1713521468189 0.791374146938324 0
1713521468371 0.7953861355781555 0
1713521468560 0.79438316822052 0
1713521468633 0.8024072051048279 0
1713521468705 0.8224673867225647 0
1713521468781 0.823470413684845 0
1713521468848 0.8174523711204529 0
1713521468964 0.8314945101737976 0
1713521469054 0.8645938038825989 0
1713521469122 0.873620867729187 0
1713521469199 0.9247743487358093 0
1713521469357 0.9458374977111816 0
1713521469437 0.9949849843978882 0
1713521469514 1.006018042564392 0
1713521469579 1.011033058166504 0
1713521469640 1.026078224182129 0
