1723198374558 0.6817075312137604 0
1723198374616 0.6380131989717484 0
1723198374672 0.5422734394669533 0
1723198374724 0.428855262696743 0
1723198374782 0.4099954888224602 0
1723198374838 0.3995285853743553 0
1723198374893 0.393644068390131 0
1723198374946 0.3935314267873764 0
1723198375007 0.3920130394399166 0
1723198375064 0.39187249541282654 0
1723198375149 0.39133498445153236 0
1723198375211 0.3911285102367401 0
1723198375267 0.39080028608441353 0
1723198375322 0.39050910249352455 0
1723198375377 0.39020390436053276 0
1723198375430 0.3898894935846329 0
1723198375484 0.3895336054265499 0
1723198375540 0.3891681022942066 0
1723198375598 0.38878388330340385 0
1723198375651 0.3882970102131367 0
1723198375708 0.387822512537241 0
1723198375760 0.38732903078198433 0
1723198375814 0.3867626450955868 0
1723198375868 0.38618355244398117 0
1723198375921 0.38547877967357635 0
1723198375973 0.3847719393670559 0
1723198376030 0.38397379219532013 0
1723198376083 0.3831365965306759 0
1723198376135 0.382261972874403 0
1723198376189 0.3812274858355522 0
