1723198374568 0.8031651973724365 0
1723198374626 0.8130564093589783 0
1723198374682 0.7992087006568909 0
1723198374734 0.805143415927887 0
1723198374793 0.835806131362915 0
1723198374849 0.8931750655174255 0
1723198374903 0.9188922047615051 0
1723198374957 0.9574678540229797 0
1723198375019 0.9910979270935059 0
1723198375076 1.005934715270996 0
1723198375167 1.0178041458129883 0
1723198375222 1.0603363513946533 0
1723198375278 1.0929772853851318 0
1723198375333 1.1394659280776978 0
1723198375388 1.1780415773391724 0
1723198375441 1.1889218091964722 0
1723198375494 1.2205736637115479 0
1723198375553 1.3511375188827515 0
1723198375608 1.327398657798767 0
1723198375662 1.4174084663391113 0
1723198375718 1.4737883806228638 0
1723198375771 1.4925816059112549 0
1723198375824 1.5588526725769043 0
1723198375878 1.5806132555007935 0
1723198375931 1.6775469779968262 0
1723198375983 1.7220573425292969 0
1723198376041 1.736894130706787 0
1723198376094 1.8625123500823975 0
1723198376146 1.8555885553359985 0
1723198376200 1.8931751251220703 0
