1705659047092 0.8101522922515869 0
1705659047119 0.7979695200920105 0
1705659047145 0.8101522922515869 0
1705659047172 0.8081218004226685 0
1705659047198 0.779695451259613 0
1705659047224 0.7695431709289551 0
1705659047251 0.7654822468757629 0
1705659047282 0.7746192812919617 0
1705659047312 0.7705583572387695 0
1705659047338 0.7593908905982971 0
1705659047365 0.7746192812919617 0
1705659047391 0.789847731590271 0
1705659047417 0.796954333782196 0
1705659047442 0.8162436485290527 0
1705659047468 0.8304568529129028 0
1705659047494 0.8213198184967041 0
1705659047520 0.8578680157661438 0
1705659047546 0.8893401026725769 0
1705659047572 0.9076142311096191 0
1705659047598 0.9187816977500916 0
1705659047624 0.9238578677177429 0
1705659047650 0.9319797158241272 0
1705659047676 0.9340101480484009 0
1705659047701 0.9604060649871826 0
1705659047727 0.9634518027305603 0
1705659047753 0.9664974808692932 0
1705659047779 0.9563452005386353 0
1705659047805 0.965482234954834 0
