1726222348106 0.7677165269851685 0
1726222348141 0.7765747904777527 0
1726222348175 0.8041338324546814 0
1726222348210 0.8080708384513855 0
1726222348245 0.8080708384513855 0
1726222348280 0.8159449100494385 0
1726222348314 0.8218504190444946 0
1726222348349 0.8061023354530334 0
1726222348383 0.8090550899505615 0
1726222348420 0.8179134130477905 0
1726222348456 0.8464567065238953 0
1726222348492 0.8612204790115356 0
1726222348528 0.8415354490280151 0
1726222348563 0.8927165269851685 0
1726222348601 0.915354311466217 0
1726222348636 0.9478346705436707 0
1726222348670 0.9645669460296631 0
1726222348706 0.9635826945304871 0
1726222348741 0.9822834730148315 0
1726222348776 0.9852362275123596 0
1726222348810 0.9950787425041199 0
