1709287846895 0.7676767706871033 0
1709287846938 0.773737370967865 0
1709287846984 0.7616161704063416 0
1709287847029 0.7636363506317139 0
1709287847075 0.765656590461731 0
1709287847121 0.7484848499298096 0
1709287847172 0.739393949508667 0
1709287847215 0.726262629032135 0
1709287847260 0.7404040694236755 0
1709287847306 0.7404040694236755 0
1709287847390 0.7303030490875244 0
1709287847443 0.7333333492279053 0
1709287847488 0.7414141297340393 0
1709287847530 0.7484848499298096 0
1709287847576 0.7515151500701904 0
1709287847620 0.7565656304359436 0
1709287847670 0.752525269985199 0
1709287847716 0.7626262903213501 0
1709287847766 0.7767676711082458 0
1709287847815 0.7747474908828735 0
1709287847866 0.7878788113594055 0
1709287847914 0.8050504922866821 0
1709287847961 0.8222222328186035 0
1709287848003 0.8303030133247375 0
1709287848045 0.8383838534355164 0
1709287848096 0.8474747538566589 0
1709287848138 0.8454545736312866 0
1709287848186 0.8767676949501038 0
1709287848234 0.8838383555412292 0
1709287848284 0.8969696760177612 0
1709287848337 0.9272727370262146 0
1709287848385 0.926262617111206 0
1709287848431 0.9232323169708252 0
1709287848478 0.9212121367454529 0
1709287848527 0.9424242377281189 0
1709287848578 0.9353535175323486 0
1709287848631 0.9484848380088806 0
1709287848681 0.9666666388511658 0
1709287848732 0.9757575988769531 0
1709287848786 0.9707070589065552 0
1709287848836 0.9747474789619446 0
1709287848885 0.9838383793830872 0
1709287848936 0.9838383793830872 0
1709287849228 0.9909090995788574 0
1709287849317 0.9767676591873169 0
1709287849364 1.0 0
1709287849411 0.9818181991577148 0
1709287849460 1.0030303001403809 0
1709287849508 1.0141414403915405 0
1709287849560 0.9909090995788574 0
1709287849608 1.0040403604507446 0
1709287849656 1.0070706605911255 0
1709287849704 1.0171717405319214 0
1709287849755 1.0111111402511597 0
1709287849804 1.0171717405319214 0
