1722593516935 0.6844880804419518 0
1722593516972 0.6755494028329849 0
1722593517007 0.6637101843953133 0
1722593517042 0.6468058452010155 0
1722593517077 0.6221225336194038 0
1722593517111 0.587283156812191 0
1722593517146 0.5415363907814026 0
1722593517182 0.48915594071149826 0
1722593517216 0.4406413435935974 0
1722593517251 0.4089660197496414 0
1722593517286 0.39768581464886665 0
1722593517323 0.39631184935569763 0
1722593517439 0.3951251842081547 0
1722593517474 0.39354344457387924 0
1722593517508 0.3927030861377716 0
1722593517541 0.39249446615576744 0
1722593517575 0.3923724852502346 0
