1709287858029 0.6975158713757992 0
1709287858067 0.6839215271174908 0
1709287858110 0.6544163227081299 0
1709287858147 0.5928612165153027 0
1709287858183 0.5030973572283983 0
1709287858222 0.43425543792545795 0
1709287858298 0.40999770537018776 0
1709287858342 0.4002922009676695 0
1709287858381 0.39575154706835747 0
1709287858415 0.39373896084725857 0
1709287858450 0.3928256016224623 0
1709287858491 0.39239624328911304 0
1709287858527 0.3921370692551136 0
1709287858563 0.3919633515179157 0
1709287858599 0.3917984087020159 0
1709287858639 0.3916736450046301 0
1709287858682 0.3914610296487808 0
1709287858716 0.39134569466114044 0
1709287858754 0.39126946218311787 0
1709287858790 0.39107471331954 0
1709287858824 0.3908631093800068 0
1709287858861 0.39072272926568985 0
1709287858894 0.3905926365405321 0
1709287858928 0.3902906533330679 0
1709287858962 0.39010465890169144 0
1709287858996 0.3899411763995886 0
1709287859030 0.3895543981343508 0
1709287859066 0.3892538286745548 0
