1718359891723 0.788844645023346 0
1718359891814 0.769920289516449 0
1718359891916 0.7609561681747437 0
1718359892147 0.7739043831825256 0
1718359892237 0.7848605513572693 0
1718359892314 0.7848605513572693 0
1718359892381 0.8286852836608887 0
1718359892442 0.879482090473175 0
1718359892502 0.8934262990951538 0
1718359892572 0.9113546013832092 0
1718359892642 0.9093625545501709 0
1718359892707 0.9223107695579529 0
1718359892774 0.9601593613624573 0
1718359892852 0.9731075763702393 0
1718359892980 0.9731075763702393 0
1718359893059 0.9960159659385681 0
1718359893132 0.9930278658866882 0
1718359893216 1.015936255455017 0
1718359893296 1.0438246726989746 0
1718359893376 1.0478087663650513 0
1718359893445 1.0647410154342651 0
1718359893524 1.051792860031128 0
