1721383873105 0.6809795293956995 0
1721383873166 0.6500441897660494 0
1721383873219 0.555675863288343 0
1721383873273 0.42823549546301365 0
1721383873326 0.3964738342911005 0
1721383873380 0.39366196747869253 0
1721383873436 0.3930404335260391 0
1721383873489 0.3927905149757862 0
1721383873543 0.39261364564299583 0
1721383873596 0.3925022482872009 0
1721383873648 0.392442487180233 0
1721383873701 0.39234008826315403 0
1721383873936 0.3921123780310154 0
1721383873987 0.3919514697045088 0
1721383874037 0.3917805580422282 0
1721383874088 0.39165094681084156 0
1721383874139 0.3915733499452472 0
1721383874189 0.39137447252869606 0
1721383874240 0.391258598305285 0
1721383874292 0.39106178004294634 0
1721383874342 0.3909434285014868 0
