1731060752190 0.7820137143135071 0
1731060752229 0.7732160091400146 0
1731060752269 0.7702834606170654 0
1731060752306 0.7888563275337219 0
1731060752344 0.7839687466621399 0
1731060752381 0.7810361385345459 0
1731060752419 0.7810361385345459 0
1731060752456 0.7888563275337219 0
1731060752503 0.7996090054512024 0
1731060752536 0.798631489276886 0
1731060752574 0.8015640377998352 0
1731060752605 0.7947214245796204 0
1731060752637 0.7878788113594055 0
1731060752669 0.8015640377998352 0
1731060752701 0.8123167157173157 0
1731060752734 0.8181818127632141 0
1731060752767 0.8230693936347961 0
1731060752800 0.8142717480659485 0
1731060752835 0.8162267804145813 0
1731060752870 0.8181818127632141 0
1731060752903 0.8240469098091125 0
1731060752935 0.8279569745063782 0
1731060752968 0.8377321362495422 0
1731060753000 0.8377321362495422 0
1731060753031 0.8357771039009094 0
1731060753064 0.8211143612861633 0
1731060753096 0.8230693936347961 0
1731060753129 0.8240469098091125 0
1731060753161 0.8220918774604797 0
1731060753206 0.8211143612861633 0
1731060753241 0.8230693936347961 0
1731060753276 0.8289344906806946 0
1731060753311 0.8162267804145813 0
1731060753347 0.8152492642402649 0
1731060753382 0.8201368451118469 0
1731060753418 0.8162267804145813 0
1731060753453 0.8132942318916321 0
1731060753489 0.8103616833686829 0
1731060753526 0.8044965863227844 0
1731060753563 0.803519070148468 0
1731060753600 0.8044965863227844 0
1731060753636 0.8025415539741516 0
1731060753674 0.803519070148468 0
1731060753706 0.8113391995429993 0
1731060753741 0.80840665102005 0
1731060753775 0.8074291348457336 0
1731060753807 0.8074291348457336 0
1731060753839 0.8103616833686829 0
1731060753872 0.8093841671943665 0
1731060753903 0.8093841671943665 0
1731060753935 0.8093841671943665 0
1731060753967 0.8103616833686829 0
1731060753998 0.8103616833686829 0
1731060754031 0.8093841671943665 0
1731060754066 0.8103616833686829 0
1731060754098 0.8113391995429993 0
1731060754130 0.8123167157173157 0
1731060754161 0.8142717480659485 0
1731060754194 0.8123167157173157 0
1731060754228 0.8113391995429993 0
1731060754273 0.8162267804145813 0
1731060754311 0.8152492642402649 0
1731060754378 0.8191593289375305 0
1731060754418 0.8181818127632141 0
1731060754452 0.8211143612861633 0
1731060754487 0.829912006855011 0
1731060754520 0.8387096524238586 0
1731060754552 0.8523949384689331 0
1731060754584 0.86412513256073 0
1731060754615 0.8621701002120972 0
1731060754648 0.8709677457809448 0
1731060754679 0.8817204236984253 0
1731060754711 0.895405650138855 0
1731060754743 0.9061583280563354 0
1731060754774 0.8973606824874878 0
1731060754806 0.9217986464500427 0
1731060754838 0.9237536787986755 0
