1722593515575 0.8495049476623535 0
1722593515608 0.8287128806114197 0
1722593515641 0.805940568447113 0
1722593515674 0.8118811845779419 0
1722593515707 0.8227722644805908 0
1722593515739 0.8099009990692139 0
1722593515774 0.802970290184021 0
1722593515806 0.801980197429657 0
1722593515839 0.7990099191665649 0
1722593515871 0.803960382938385 0
1722593515903 0.804950475692749 0
1722593515936 0.8079208135604858 0
1722593515968 0.8069307208061218 0
1722593516000 0.8108910918235779 0
1722593516033 0.8247524499893188 0
1722593516065 0.8287128806114197 0
1722593516098 0.8495049476623535 0
1722593516133 0.8425742387771606 0
1722593516169 0.8425742387771606 0
1722593516202 0.8712871074676514 0
1722593516236 0.9108911156654358 0
1722593516268 0.9554455280303955 0
1722593516301 0.9910891056060791 0
1722593516334 1.016831636428833 0
1722593516366 1.0247524976730347 0
1722593516398 1.0356435775756836 0
1722593516430 1.025742530822754 0
1722593516463 1.0267326831817627 0
1722593516495 1.0425742864608765 0
1722593516527 1.0475248098373413 0
1722593516559 1.0831682682037354 0
1722593516591 1.087128758430481 0
1722593516623 1.0960396528244019 0
1722593516656 1.103960394859314 0
1722593516688 1.131683111190796 0
1722593516722 1.1326732635498047 0
1722593516754 1.1584157943725586 0
1722593516786 1.1554455757141113 0
1722593516817 1.1633663177490234 0
1722593516850 1.1831682920455933 0
