1705054253884 0.8211382031440735 0
1705054253948 0.792682945728302 0
1705054254001 0.8262194991111755 0
1705054254051 0.8170731663703918 0
1705054254102 0.8140243887901306 0
1705054254157 0.8485772609710693 0
1705054254209 0.8861788511276245 0
1705054254275 0.940040647983551 0
1705054254335 0.9705284833908081 0
1705054254387 0.9908536672592163 0
1705054254437 1.0467479228973389 0
1705054254487 1.0843496322631836 0
1705054254535 1.1310975551605225 0
1705054254585 1.0985772609710693 0
1705054254636 1.1432926654815674 0
