1717755065994 0.6898851431906223 0
1717755066037 0.6855498217046261 0
1717755066085 0.6807508543133736 0
1717755066132 0.6749367937445641 0
1717755066172 0.6672748439013958 0
1717755066290 0.6565399505198002 0
1717755066355 0.6410861238837242 0
1717755066399 0.619223091751337 0
1717755066442 0.5891040079295635 0
1717755066482 0.5509024485945702 0
1717755066524 0.5082769505679607 0
1717755066564 0.46837094984948635 0
1717755066617 0.43727388605475426 0
1717755066663 0.4174791630357504 0
1717755066765 0.406804196536541 0
1717755066834 0.4016687460243702 0
1717755066873 0.39882745407521725 0
1717755066912 0.39692514576017857 0
1717755066954 0.3956350293010473 0
1717755066992 0.3947184532880783 0
1717755067033 0.3940712995827198 0
1717755067076 0.3936187904328108 0
1717755067117 0.3932289835065603 0
1717755067163 0.39301687479019165 0
1717755067205 0.3927660770714283 0
1717755067243 0.39262261614203453 0
1717755067285 0.3924931827932596 0
1717755067322 0.39240069687366486 0
1717755067360 0.39234412275254726 0
1717755067398 0.39226812310516834 0
1717755067439 0.3922104574739933 0
1717755067485 0.3921599369496107 0
1717755067523 0.3920956812798977 0
