1717755066002 0.8095712661743164 0
1717755066045 0.838484525680542 0
1717755066096 0.8354935050010681 0
1717755066140 0.8325024843215942 0
1717755066180 0.8344964981079102 0
1717755066299 0.8364905118942261 0
1717755066363 0.8175473809242249 0
1717755066406 0.8045862317085266 0
1717755066450 0.8035892248153687 0
1717755066490 0.8045862317085266 0
1717755066531 0.7996011972427368 0
1717755066572 0.8025922179222107 0
1717755066625 0.8035892248153687 0
1717755066676 0.8005982041358948 0
1717755066776 0.8005982041358948 0
1717755066842 0.8015952110290527 0
1717755066881 0.8015952110290527 0
1717755066920 0.8075772523880005 0
1717755066961 0.8045862317085266 0
1717755067000 0.8035892248153687 0
1717755067041 0.8155533671379089 0
1717755067083 0.8255234360694885 0
1717755067126 0.858424723148346 0
1717755067171 0.8803589344024658 0
1717755067212 0.8793619275093079 0
1717755067251 0.8973080515861511 0
1717755067292 0.8783649206161499 0
1717755067329 0.9062811732292175 0
1717755067368 0.9152542352676392 0
1717755067405 0.9122632145881653 0
1717755067453 0.9282153248786926 0
1717755067492 0.9332004189491272 0
1717755067531 0.9411764740943909 0
