1726222335818 0.6881381571292877 0
1726222335867 0.6565569415688515 0
1726222335913 0.583088755607605 0
1726222335957 0.46298947930336 0
1726222336000 0.40793031826615334 0
1726222336045 0.40611395612359047 0
1726222336092 0.39314770326018333 0
1726222336139 0.3941650055348873 0
1726222336187 0.3922794908285141 0
1726222336235 0.39201726764440536 0
1726222336282 0.39146872609853745 0
1726222336563 0.39117204770445824 0
1726222336611 0.39085910096764565 0
1726222336662 0.3906075768172741 0
1726222336712 0.3902944065630436 0
1726222336760 0.3899589069187641 0
1726222336825 0.38961583375930786 0
1726222336951 0.38926996663212776 0
1726222337001 0.3888296000659466 0
1726222337055 0.3884199261665344 0
