1721988723093 0.6931342929601669 0
1721988723128 0.683913841843605 0
1721988723163 0.6728304475545883 0
1721988723198 0.658008337020874 0
1721988723232 0.6370217651128769 0
1721988723267 0.6071435958147049 0
1721988723301 0.5666438117623329 0
1721988723335 0.5165031254291534 0
1721988723369 0.4641193263232708 0
1721988723403 0.4226486533880234 0
1721988723437 0.4019755609333515 0
1721988723471 0.39731965214014053 0
1721988723505 0.3963615857064724 0
1721988723538 0.39451854303479195 0
1721988723572 0.39317965880036354 0
1721988723606 0.3927203379571438 0
1721988723640 0.3925691731274128 0
1721988723674 0.3924251049757004 0
1721988723708 0.39230694249272346 0
1721988723742 0.3922361694276333 0
1721988723776 0.3921557255089283 0
1721988723809 0.39207134395837784 0
1721988723843 0.39199506118893623 0
1721988723876 0.3919353112578392 0
1721988723910 0.39184194803237915 0
1721988723944 0.3917574882507324 0
1721988723979 0.39167027920484543 0
1721988724013 0.39160578325390816 0
1721988724047 0.39152173325419426 0
1721988724080 0.3914332538843155 0
1721988724113 0.39136577025055885 0
1721988724147 0.39128228276968 0
1721988724181 0.3911936394870281 0
1721988724214 0.39110367000102997 0
1721988724247 0.39102382957935333 0
1721988724281 0.39090627431869507 0
1721988724315 0.39083094894886017 0
1721988724349 0.39073311537504196 0
1721988724383 0.3906371556222439 0
1721988724416 0.3905509114265442 0
1721988724451 0.39045271649956703 0
1721988724485 0.3903670199215412 0
1721988724518 0.3902714177966118 0
1721988724551 0.3901587463915348 0
1721988724587 0.3900773264467716 0
1721988724620 0.3899395652115345 0
1721988724654 0.38984039425849915 0
1721988724688 0.38971808925271034 0
1721988724722 0.3896251209080219 0
1721988724758 0.38952233269810677 0
1721988724794 0.3894001357257366 0
1721988724828 0.3893050439655781 0
1721988724863 0.38917917758226395 0
1721988724897 0.3890565000474453 0
1721988724932 0.3889115937054157 0
