1722593511737 0.6905440390110016 0
1722593511784 0.6811313517391682 0
1722593511829 0.6678699925541878 0
1722593511876 0.6473955623805523 0
1722593511921 0.6158569902181625 0
1722593511966 0.5707191452383995 0
1722593512012 0.5147662609815598 0
1722593512057 0.4598082471638918 0
1722593512102 0.42113794200122356 0
1722593512148 0.40336846373975277 0
1722593512193 0.39763009175658226 0
1722593512238 0.39543041214346886 0
1722593512284 0.39409786090254784 0
1722593512333 0.39325997792184353 0
1722593512381 0.3928127158433199 0
1722593512430 0.3925121556967497 0
1722593512479 0.3923463970422745 0
1722593512524 0.39223110117018223 0
1722593512569 0.39211232401430607 0
1722593512612 0.3920386116951704 0
1722593512657 0.39199005998671055 0
1722593512704 0.39188397862017155 0
1722593512751 0.3918207474052906 0
1722593512796 0.39176481030881405 0
1722593512840 0.3916692677885294 0
