1722593511745 0.8326732516288757 0
1722593511792 0.8376237750053406 0
1722593511837 0.8425742387771606 0
1722593511885 0.8405940532684326 0
1722593511929 0.8306930661201477 0
1722593511974 0.8148514628410339 0
1722593512021 0.8287128806114197 0
1722593512065 0.8346534371376038 0
1722593512111 0.8277227878570557 0
1722593512157 0.8336633443832397 0
1722593512202 0.8326732516288757 0
1722593512246 0.8396039605140686 0
1722593512294 0.8465346693992615 0
1722593512341 0.8564356565475464 0
1722593512390 0.8831683397293091 0
1722593512439 0.9039604067802429 0
1722593512488 0.909900963306427 0
1722593512533 0.9415841698646545 0
1722593512577 0.9405940771102905 0
1722593512620 0.9514851570129395 0
1722593512665 0.9603960514068604 0
1722593512713 0.9702970385551453 0
1722593512760 0.9683168530464172 0
1722593512804 0.9851484894752502 0
1722593512849 0.9821782112121582 0
