1685095943083 0.6999073882897695 0
1685095943185 0.6917644063631694 0
1685095943242 0.6781154612700144 0
1685095943319 0.6471538424491883 0
1685095943391 0.5849048793315887 0
1685095943612 0.5008092453082402 0
1685095943694 0.4345613817373912 0
1685095943764 0.40697516401608785 0
1685095943831 0.39880842665831245 0
1685095943888 0.39554392397403715 0
1685095943942 0.3939925730228424 0
1685095943993 0.39319406151771547 0
1685095944043 0.3927837242682775 0
1685095944215 0.3925536682208379 0
1685095944282 0.39240580995877583 0
1685095944334 0.3923248708248138 0
1685095944384 0.39222680528958637 0
1685095944449 0.3921490728855133 0
1685095944500 0.39206162095069885 0
1685095944551 0.3919959078232447 0
1685095944602 0.39191833039124807 0
1685095944652 0.3918621510267258 0
1685095944706 0.39177770614624025 0
