1715940651990 0.6894788667559624 0
1715940652037 0.665401004254818 0
1715940652079 0.6206875443458557 0
1715940652120 0.5422223843634129 0
1715940652156 0.4497124031186104 0
1715940652190 0.4072558581829071 0
1715940652224 0.4046303518116474 0
1715940652257 0.39515943080186844 0
1715940652291 0.393075093626976 0
1715940652324 0.3928855285048485 0
1715940652357 0.392083827406168 0
1715940652391 0.39197537675499916 0
1715940652426 0.3917141743004322 0
1715940652460 0.3915861062705517 0
1715940652494 0.39141208678483963 0
1715940652528 0.39122745022177696 0
1715940652561 0.39111021906137466 0
1715940652593 0.3909035883843899 0
