1706868677614 0.8186423778533936 0
1706868677656 0.7882472276687622 0
1706868677698 0.7922999262809753 0
1706868677738 0.7892603874206543 0
1706868677778 0.7791286706924438 0
1706868677818 0.7892603874206543 0
1706868677858 0.7841945290565491 0
1706868677898 0.7862208485603333 0
1706868677937 0.7852076888084412 0
1706868677977 0.826747715473175 0
1706868678018 0.8956433534622192 0
1706868678058 0.9321175217628479 0
1706868678098 0.9402229189872742 0
1706868678137 0.978723406791687 0
1706868678177 0.9503546357154846 0
1706868678217 0.9736575484275818 0
1706868678256 1.0030394792556763 0
1706868678296 1.0131711959838867 0
