1706868677607 0.683485709130764 0
1706868677649 0.6705361679196358 0
1706868677691 0.6514826342463493 0
1706868677731 0.6205752044916153 0
1706868677771 0.5719548091292381 0
1706868677811 0.5062605254352093 0
1706868677851 0.44047728925943375 0
1706868677891 0.40469662472605705 0
1706868677931 0.39999476075172424 0
1706868677970 0.3977471627295017 0
1706868678010 0.39363993704319 0
1706868678051 0.39268067106604576 0
1706868678091 0.39258964359760284 0
1706868678131 0.3922645077109337 0
1706868678170 0.3921215534210205 0
1706868678210 0.39204327017068863 0
1706868678250 0.39191682264208794 0
1706868678289 0.3918110430240631 0
