1689329512998 0.7991675138473511 0
1689329513043 0.7814776301383972 0
1689329513109 0.7793964743614197 0
1689329513153 0.774193525314331 0
1689329513193 0.7887617349624634 0
1689329513232 0.7939646244049072 0
1689329513270 0.7866805195808411 0
1689329513310 0.7814776301383972 0
1689329513399 0.7918834686279297 0
1689329513438 0.8002080917358398 0
1689329513477 0.8678460121154785 0
1689329513516 0.9188345670700073 0
1689329513556 0.929240345954895 0
1689329513597 0.9198751449584961 0
1689329513635 0.9510926008224487 0
1689329513674 0.9833506941795349 0
1689329513715 0.9760665893554688 0
1689329513757 0.9895941615104675 0
1689329513797 1.0239334106445312 0
1689329513834 1.0332986116409302 0
1689329513872 1.0509885549545288 0
1689329513911 1.0863683223724365 0
1689329513948 1.0790842771530151 0
1689329513984 1.0988553762435913 0
1689329514023 1.1040582656860352 0
1689329514062 1.1019771099090576 0
1689329514099 1.120707631111145 0
1689329514136 1.1373568773269653 0
1689329514173 1.1394380331039429 0
1689329514211 1.1925078630447388 0
