1711102291470 0.7995972037315369 0
1711102291670 0.808660626411438 0
1711102291713 0.8006042242050171 0
1711102291750 0.8056395053863525 0
1711102291788 0.8056395053863525 0
1711102291825 0.8157099485397339 0
1711102291863 0.8207452297210693 0
1711102291899 0.8298086524009705 0
1711102291933 0.921450138092041 0
1711102291969 0.938569962978363 0
1711102292008 0.9627391695976257 0
1711102292078 0.9697884917259216 0
1711102292168 0.9667673707008362 0
1711102292207 0.9748237729072571 0
1711102292247 1.0140986442565918 0
1711102292433 1.0563948154449463 0
1711102292497 1.079556941986084 0
1711102292534 1.0946626663208008 0
1711102292569 1.1258811950683594 0
1711102292609 1.1329305171966553 0
1711102292645 1.113796591758728 0
