1711102291459 0.6839714050292969 0
1711102291660 0.6597036272287369 0
1711102291701 0.6179581806063652 0
1711102291742 0.5509137660264969 0
1711102291779 0.4691273607313633 0
1711102291816 0.41409212350845337 0
1711102291854 0.4040806405246258 0
1711102291892 0.39956705644726753 0
1711102291925 0.3935704194009304 0
1711102291961 0.39280636608600616 0
1711102292000 0.3924003653228283 0
1711102292067 0.39194056391716003 0
1711102292160 0.39176182821393013 0
1711102292195 0.3916231393814087 0
1711102292238 0.3914303332567215 0
1711102292278 0.39125509932637215 0
1711102292489 0.3911391533911228 0
1711102292526 0.390893392264843 0
1711102292561 0.3906780667603016 0
1711102292601 0.39047495275735855 0
1711102292637 0.3901989385485649 0
