1704449399312 0.8250254392623901 0
1704449399359 0.8260427117347717 0
1704449399400 0.8270600438117981 0
1704449399438 0.8026449680328369 0
1704449399474 0.8270600438117981 0
1704449399513 0.8097659945487976 0
1704449399554 0.800610363483429 0
1704449399590 0.8046795725822449 0
1704449399626 0.8250254392623901 0
1704449399671 0.8738555312156677 0
1704449399729 0.9033570885658264 0
1704449399775 0.9114954471588135 0
1704449399817 0.9318413138389587 0
1704449399853 0.9735503792762756 0
1704449399895 0.9725330471992493 0
1704449399944 0.989827036857605 0
1704449400003 0.997965395450592 0
