1704449399304 0.6933402642607689 0
1704449399352 0.6816505528986454 0
1704449399394 0.6607804596424103 0
1704449399432 0.6175518445670605 0
1704449399468 0.5431720279157162 0
1704449399506 0.459924703463912 0
1704449399548 0.41294765658676624 0
1704449399584 0.40027784183621407 0
1704449399621 0.39550448954105377 0
1704449399662 0.3935884516686201 0
1704449399722 0.39279978536069393 0
1704449399768 0.39234955608844757 0
1704449399811 0.39209496416151524 0
1704449399847 0.39193009212613106 0
1704449399888 0.3918021321296692 0
1704449399936 0.3915599063038826 0
1704449399994 0.39157514460384846 0
