1689329520247 0.8262226581573486 0
1689329520402 0.8418314456939697 0
1689329520580 0.844953179359436 0
1689329520612 0.8054110407829285 0
1689329520643 0.7898023128509521 0
1689329520676 0.819979190826416 0
1689329520707 0.8231009244918823 0
1689329520739 0.8116545081138611 0
1689329520849 0.8085327744483948 0
1689329520880 0.8064516186714172 0
1689329520997 0.8085327744483948 0
1689329521043 0.8054110407829285 0
1689329521075 0.8085327744483948 0
1689329521107 0.8178980350494385 0
1689329521261 0.8126950860023499 0
1689329521581 0.819979190826416 0
1689329521858 0.8147763013839722 0
1689329522177 0.8303850293159485 0
1689329522413 0.8335067629814148 0
1689329522609 0.8387096524238586 0
1689329522927 0.853277862071991 0
1689329523286 0.8720083236694336 0
1689329523563 0.8865764737129211 0
1689329523801 0.9063475728034973 0
1689329524118 0.9448491334915161 0
1689329524272 0.9739854335784912 0
1689329524427 1.0145682096481323 0
1689329524706 1.0135276317596436 0
1689329525024 1.0301768779754639 0
1689329525342 1.0686784982681274 0
1689329525620 1.0780436992645264 0
1689329526016 1.084287166595459 0
1689329526293 1.0978147983551025 0
1689329526611 1.1186264753341675 0
1689329526929 1.138397455215454 0
1689329527212 1.159209132194519 0
1689329527530 1.1508845090866089 0
1689329527810 1.1519250869750977 0
1689329528090 1.1477627754211426 0
1689329528369 1.1612902879714966 0
1689329528743 1.1789802312850952 0
1689329529099 1.1779396533966064 0
1689329529375 1.2039542198181152 0
