1689329520242 0.6915501654148102 0
1689329520275 0.6860905513167381 0
1689329520551 0.6780707016587257 0
1689329520607 0.6655502319335938 0
1689329520638 0.6470159888267517 0
1689329520671 0.6221618503332138 0
1689329520702 0.5908686444163322 0
1689329520734 0.5549582913517952 0
1689329520765 0.5173124000430107 0
1689329520875 0.4817982576787472 0
1689329520910 0.45230555534362793 0
1689329521023 0.4315216578543186 0
1689329521070 0.41810787469148636 0
1689329521102 0.40950508788228035 0
1689329521134 0.4043520614504814 0
1689329521412 0.4004484973847866 0
1689329521731 0.39775272458791733 0
1689329522049 0.39604565128684044 0
1689329522326 0.39475811645388603 0
1689329522439 0.3939034454524517 0
1689329522799 0.3931276910007 0
1689329523119 0.39279623702168465 0
1689329523437 0.3924884982407093 0
1689329523674 0.39228473603725433 0
1689329523991 0.39210812002420425 0
1689329524267 0.3918861038982868 0
1689329524301 0.39177678525447845 0
1689329524578 0.3916766531765461 0
1689329524897 0.3915516845881939 0
1689329525175 0.391448263078928 0
1689329525494 0.3913424722850323 0
1689329525848 0.39125052839517593 0
1689329526166 0.39114999771118164 0
1689329526484 0.3910629488527775 0
1689329526761 0.39099932089447975 0
1689329527084 0.3908625803887844 0
1689329527404 0.39073439314961433 0
1689329527683 0.3906967453658581 0
1689329527963 0.39057445898652077 0
1689329528241 0.3904534913599491 0
1689329528518 0.3903338760137558 0
1689329528972 0.3902895450592041 0
1689329529249 0.39008742570877075 0
