1726222342286 0.8159449100494385 0
1726222342346 0.8179134130477905 0
1726222342404 0.8307086825370789 0
1726222342465 0.8838582634925842 0
1726222342524 0.9232283234596252 0
1726222342582 0.9370078444480896 0
1726222342645 0.9586614370346069 0
1726222342707 1.0177165269851685 0
1726222342780 1.0147638320922852 0
1726222342845 1.0098425149917603 0
1726222342904 1.0570865869522095 0
1726222342964 1.1171259880065918 0
1726222343022 1.0866141319274902 0
1726222343086 1.1397638320922852 0
1726222343146 1.128937005996704 0
1726222343208 1.2096456289291382 0
1726222343267 1.205708622932434 0
1726222343329 1.2509843111038208 0
1726222343388 1.2972440719604492 0
1726222343449 1.3090550899505615 0
1726222343508 1.3366141319274902 0
1726222343570 1.3740156888961792 0
1726222343632 1.4183070659637451 0
