1692353422692 0.6793380007147789 0
1692353422751 0.5707512777298689 0
1692353422813 0.4160893280059099 0
1692353422876 0.39808714762330055 0
1692353422939 0.39294333197176456 0
1692353423001 0.39235285483300686 0
1692353423060 0.39176078140735626 0
1692353423122 0.3914303556084633 0
1692353423187 0.39115503244102 0
1692353423249 0.3905801437795162 0
1692353423310 0.39027272909879684 0
1692353423371 0.3896414637565613 0
1692353423438 0.38946837186813354 0
1692353423498 0.3889158256351948 0
1692353423561 0.38807836920022964 0
