1705659057098 0.7746192812919617 0
1705659057128 0.7868020534515381 0
1705659057157 0.7949238419532776 0
1705659057187 0.7928934097290039 0
1705659057217 0.7766497731208801 0
1705659057248 0.7715736031532288 0
1705659057278 0.772588849067688 0
1705659057308 0.76243656873703 0
1705659057337 0.7644670009613037 0
1705659057367 0.7604060769081116 0
1705659057396 0.7604060769081116 0
1705659057427 0.7522842884063721 0
1705659057459 0.7604060769081116 0
1705659057489 0.7685279250144958 0
1705659057519 0.7685279250144958 0
1705659057548 0.7817258834838867 0
1705659057579 0.800000011920929 0
1705659057609 0.8233502507209778 0
1705659057638 0.8213198184967041 0
1705659057667 0.834517776966095 0
1705659057697 0.8598984479904175 0
1705659057727 0.879187822341919 0
1705659057756 0.8802030682563782 0
1705659057787 0.876142144203186 0
1705659057817 0.8954314589500427 0
1705659057846 0.9055837392807007 0
1705659057875 0.92081218957901 0
1705659057904 0.9340101480484009 0
