1720779091435 0.8144841194152832 0
1720779091491 0.8442460298538208 0
1720779091533 0.83432537317276 0
1720779091576 0.8392857313156128 0
1720779091619 0.8273809552192688 0
1720779091663 0.83432537317276 0
1720779091705 0.8878968358039856 0
1720779091748 0.8938491940498352 0
1720779091910 0.9047619104385376 0
1720779091955 0.9553571343421936 0
1720779092005 0.9871031641960144 0
1720779092224 1.0138888359069824 0
1720779092421 1.1091269254684448 0
1720779092469 1.1527777910232544 0
1720779092523 1.1795635223388672 0
1720779092778 1.1994047164916992 0
1720779092943 1.1795635223388672 0
1720779092992 1.26884925365448 0
1720779093114 1.3343254327774048 0
1720779093167 1.3720238208770752 0
1720779093211 1.4315476417541504 0
1720779093255 1.5 0
1720779093441 1.4970238208770752 0
1720779093564 1.5535714626312256 0
1720779093618 1.6140873432159424 0
1720779093668 1.7123016119003296 0
1720779093892 1.7321428060531616 0
1720779094015 1.7906745672225952 0
