1695377460254 0.6730118182397657 0
1695377460337 0.5548296436186759 0
1695377460418 0.4078886874260441 0
1695377460510 0.39349036062917403 0
1695377460592 0.39235317418652194 0
1695377460674 0.3920951764429769 0
1695377460756 0.3918781559313497 0
1695377460837 0.39145948713825596 0
1695377460918 0.3909519180174797 0
1695377461000 0.3905743658542633 0
1695377461079 0.3901452249096286 0
1695377461163 0.38973051213449045 0
1695377461295 0.38916231355359476 0
1695377461493 0.38863602376753287 0
1695377461617 0.38802472045344694 0
1695377461732 0.3873868824974183 0
