1682678947050 0.6734597086906433 0
1682678947114 0.5403018951416015 0
1682678947177 0.40857617259025575 0
1682678947246 0.3953366776307424 0
1682678947315 0.39334774216016133 0
1682678947378 0.3921485404173533 0
1682678947441 0.39166245261828103 0
1682678947502 0.3911493182182312 0
1682678947563 0.39063374598821005 0
1682678947624 0.3901922126611074 0
1682678947687 0.38961971203486123 0
1682678947748 0.3888821045557658 0
1682678947810 0.3880776206652323 0
1682678947871 0.3871952573458354 0
1682678947932 0.38589209914207456 0
1682678947993 0.3848140001296997 0
1682678948053 0.38331063985824587 0
1682678948115 0.3817981203397115 0
1682678948176 0.3801609476407369 0
1682678948239 0.3783237377802531 0
1682678948303 0.3762014190355937 0
1682678948399 0.3738538185755412 0
