1730456019991 0.801369845867157 0
1730456020043 0.7984344363212585 0
1730456020091 0.7954990267753601 0
1730456020139 0.8346379399299622 0
1730456020187 0.8874755501747131 0
1730456020238 0.9295498728752136 0
1730456020287 0.9412915706634521 0
1730456020337 0.9735811948776245 0
1730456020387 0.9647749662399292 0
1730456020447 1.0019569396972656 0
1730456020500 1.0880626440048218 0
1730456020555 1.1252446174621582 0
1730456020613 1.1682974100112915 0
1730456020669 1.218199610710144 0
1730456020847 1.2720156908035278 0
1730456020904 1.320939302444458 0
1730456020959 1.3943248987197876 0
1730456021093 1.4393346309661865 0
1730456021146 1.4902153015136719 0
1730456021201 1.5410958528518677 0
1730456021257 1.562622308731079 0
1730456021318 1.568493127822876 0
1730456021374 1.6144814491271973 0
1730456021427 1.6575342416763306 0
