1730456019980 0.6783538963645697 0
1730456020033 0.6129664499312639 0
1730456020082 0.4565572328865528 0
1730456020130 0.3987942645326257 0
1730456020178 0.393055384978652 0
1730456020229 0.3925214186310768 0
1730456020277 0.3923213602975011 0
1730456020328 0.39208637457340956 0
1730456020377 0.39181795716285706 0
1730456020438 0.39146539475768805 0
1730456020489 0.3910943176597357 0
1730456020544 0.3906942931935191 0
1730456020601 0.39019334968179464 0
1730456020658 0.38961352221667767 0
1730456020835 0.38904659636318684 0
1730456020892 0.3882621703669429 0
1730456020948 0.3875187458470464 0
1730456021083 0.38664932642132044 0
1730456021136 0.3857108047232032 0
1730456021190 0.38475376833230257 0
1730456021246 0.38376885559409857 0
1730456021307 0.38265282567590475 0
1730456021363 0.38173693884164095 0
1730456021417 0.3805533116683364 0
