1729851171959 0.8276199698448181 0
1729851172005 0.7835455536842346 0
1729851172050 0.7766895294189453 0
1729851172097 0.7825661301612854 0
1729851172141 0.7766895294189453 0
1729851172185 0.7727717757225037 0
1729851172228 0.7815867066383362 0
1729851172273 0.8442703485488892 0
1729851172319 0.9314397573471069 0
1729851172366 0.9285014867782593 0
1729851172409 0.9529872536659241 0
1729851172453 0.9510284066200256 0
1729851172497 0.963761031627655 0
1729851172541 0.9764936566352844 0
1729851172584 1.0068559646606445 0
1729851172628 1.0146914720535278 0
