1709892700043 0.8173562288284302 0
1709892700108 0.8193743824958801 0
1709892700179 0.8355196714401245 0
1709892700248 0.9112008213996887 0
1709892700315 0.9707366228103638 0
1709892700526 1.0272451639175415 0
1709892700666 1.0776993036270142 0
1709892700753 1.061553955078125 0
1709892700817 1.171543836593628 0
1709892700882 1.1775983572006226 0
1709892700947 1.2018163204193115 0
1709892701014 1.3239152431488037 0
1709892701081 1.3814328908920288 0
1709892701167 1.4187688827514648 0
1709892701239 1.516649842262268 0
