1709892700035 0.6664021164178848 0
1709892700100 0.5401782542467117 0
1709892700171 0.4113537557423115 0
1709892700239 0.3967398963868618 0
1709892700306 0.39299718104302883 0
1709892700518 0.3921544346958399 0
1709892700657 0.3916355427354574 0
1709892700744 0.39128539338707924 0
1709892700808 0.39089515805244446 0
1709892700874 0.3905241619795561 0
1709892700939 0.39009752683341503 0
1709892701006 0.38965920358896255 0
1709892701073 0.3891013152897358 0
1709892701158 0.38842896930873394 0
1709892701231 0.3879339713603258 0
