1700215813416 0.6837995052337646 0
1700215813444 0.6780140325427055 0
1700215813472 0.6706639342010021 0
1700215813500 0.6601233929395676 0
1700215813528 0.6450156159698963 0
1700215813556 0.622417502105236 0
1700215813583 0.5901857167482376 0
1700215813610 0.5490973480045795 0
1700215813638 0.5045999009162188 0
1700215813665 0.46349156834185123 0
1700215813693 0.43364812806248665 0
1700215813720 0.4158552773296833 0
1700215813747 0.40708077512681484 0
1700215813774 0.40171104669570923 0
1700215813801 0.39894105307757854 0
1700215813829 0.3970445767045021 0
1700215813856 0.39591047540307045 0
1700215813883 0.39474339224398136 0
1700215813911 0.3940752539783716 0
1700215813939 0.3934080619364977 0
1700215813972 0.3932196479290724 0
1700215814000 0.39287975057959557 0
1700215814028 0.3927187751978636 0
1700215814056 0.39262138679623604 0
1700215814084 0.39246076345443726 0
1700215814112 0.3924021441489458 0
1700215814141 0.39243870228528976 0
1700215814169 0.39226425625383854 0
1700215814196 0.39230598136782646 0
1700215814223 0.392173457890749 0
1700215814251 0.3920816518366337 0
1700215814278 0.3921629711985588 0
1700215814305 0.3920421991497278 0
1700215814334 0.3919856883585453 0
1700215814363 0.3919179756194353 0
1700215814390 0.3918055295944214 0
1700215814417 0.39180518314242363 0
1700215814445 0.39183803647756577 0
1700215814474 0.39175271429121494 0
1700215814501 0.3917029481381178 0
1700215814528 0.39170497469604015 0
1700215814557 0.39170700311660767 0
1700215814584 0.39158287830650806 0
