1711707078068 0.6878127753734589 0
1711707078109 0.6796510145068169 0
1711707078146 0.6696464046835899 0
1711707078180 0.6567556783556938 0
1711707078219 0.6396733596920967 0
1711707078255 0.6173990443348885 0
1711707078292 0.5890955924987793 0
1711707078327 0.5555726140737534 0
1711707078364 0.5185085237026215 0
1711707078398 0.48167751729488373 0
1711707078465 0.44989364594221115 0
1711707078568 0.4267154484987259 0
1711707078623 0.412567351013422 0
1711707078668 0.405260656028986 0
1711707078714 0.40121305361390114 0
1711707078758 0.39844199642539024 0
1711707078792 0.3964115045964718 0
1711707078837 0.3949008993804455 0
1711707078888 0.39398230239748955 0
1711707078987 0.3933701850473881 0
1711707079148 0.39291558414697647 0
1711707079299 0.3926396332681179 0
1711707079351 0.392414815723896 0
1711707079398 0.39226387813687325 0
1711707079431 0.39213837310671806 0
1711707079463 0.3920413739979267 0
1711707079498 0.39196889847517014 0
1711707079535 0.3919166661798954 0
1711707079615 0.3918135203421116 0
1711707079730 0.39178622886538506 0
1711707079817 0.39168674126267433 0
1711707079855 0.3916448913514614 0
1711707079890 0.39157532155513763 0
1711707079921 0.3915172591805458 0
1711707079953 0.39142387732863426 0
1711707079992 0.3913571611046791 0
