1728036732840 0.6931773833930492 0
1728036732885 0.6786551289260387 0
1728036732930 0.6485529020428658 0
1728036732970 0.5874468423426151 0
1728036733010 0.4953356571495533 0
1728036733050 0.4197545815259218 0
1728036733089 0.39910424314439297 0
1728036733130 0.39519227668643 0
1728036733184 0.39311206340789795 0
1728036733225 0.39255213737487793 0
1728036733267 0.392314650118351 0
1728036733310 0.39220461435616016 0
1728036733353 0.39208102598786354 0
1728036733396 0.39198511093854904 0
1728036733532 0.391895467415452 0
1728036733573 0.3917923253029585 0
