1719569458604 0.8141152858734131 0
1719569458649 0.8250496983528137 0
1719569458693 0.8131212592124939 0
1719569458737 0.8310139179229736 0
1719569458897 0.8121272325515747 0
1719569458938 0.815109372138977 0
1719569458979 0.8389661908149719 0
1719569459020 0.8956262469291687 0
1719569459062 0.9194831252098083 0
1719569459102 0.9184890389442444 0
1719569459144 0.9274353981018066 0
1719569459185 0.9522863030433655 0
1719569459227 0.9512922167778015 0
1719569459269 0.974155068397522 0
1719569459310 0.9811133146286011 0
1719569459353 0.9840954542160034 0
