1706868676276 0.8358662724494934 0
1706868676320 0.825734555721283 0
1706868676363 0.8206686973571777 0
1706868676407 0.8115501403808594 0
1706868676449 0.7943262457847595 0
1706868676493 0.7983789443969727 0
1706868676535 0.8034448027610779 0
1706868676578 0.8054711222648621 0
1706868676622 0.8074974417686462 0
1706868676664 0.8105369806289673 0
1706868676707 0.8074974417686462 0
1706868676749 0.8105369806289673 0
1706868676792 0.8287740349769592 0
1706868676837 0.8399189710617065 0
1706868676880 0.8703140616416931 0
1706868676923 0.8875380158424377 0
1706868676966 0.9290780425071716 0
1706868677009 0.9412360787391663 0
1706868677053 0.9655521512031555 0
1706868677095 0.9706180095672607 0
1706868677138 0.9929078221321106 0
1706868677181 1.0 0
1706868677223 1.022289752960205 0
1706868677266 1.0314083099365234 0
1706868677309 1.0385005474090576 0
1706868677352 1.0557243824005127 0
1706868677394 1.0506585836410522 0
1706868677436 1.064842939376831 0
1706868677478 1.0658560991287231 0
1706868677520 1.0881458520889282 0
