1718359872742 0.6827987432479858 0
1718359872790 0.6520559638738632 0
1718359872832 0.5853130370378494 0
1718359872878 0.47686292976140976 0
1718359872922 0.4110531434416771 0
1718359872964 0.40859558805823326 0
1718359873002 0.3949534483253956 0
1718359873039 0.3937990479171276 0
1718359873080 0.3928392641246319 0
1718359873221 0.39219243079423904 0
1718359873347 0.39194829761981964 0
1718359873388 0.39160778000950813 0
1718359873438 0.3913884237408638 0
1718359873526 0.3911779634654522 0
1718359873713 0.3909507021307945 0
1718359873751 0.39073358103632927 0
1718359873788 0.39047544449567795 0
1718359873827 0.3902445249259472 0
1718359873866 0.39000726491212845 0
1718359873907 0.3896390125155449 0
1718359873944 0.38927704840898514 0
1718359873980 0.3890021964907646 0
1718359874018 0.3885883800685406 0
1718359874053 0.3881654553115368 0
1718359874217 0.387744452804327 0
