1685700613927 0.7989528775215149 0
1685700613964 0.8041884899139404 0
1685700613998 0.7832460999488831 0
1685700614033 0.7832460999488831 0
1685700614068 0.772774875164032 0
1685700614103 0.764397919178009 0
1685700614138 0.754973828792572 0
1685700614174 0.7895287871360779 0
1685700614208 0.8198952674865723 0
1685700614243 0.8544502854347229 0
1685700614279 0.9047120213508606 0
1685700614315 0.9549738168716431 0
1685700614351 0.9790576100349426 0
1685700614387 0.9853402972221375 0
1685700614422 1.029319405555725 0
1685700614458 1.0607329607009888 0
1685700614493 1.037696361541748 0
1685700614529 1.0429319143295288 0
1685700614563 1.0670156478881836 0
1685700614599 1.0712041854858398 0
1685700614633 1.1141360998153687 0
1685700614671 1.0994764566421509 0
1685700614706 1.1246073246002197 0
1685700614741 1.1392669677734375 0
1685700614776 1.1497381925582886 0
1685700614811 1.1769633293151855 0
1685700614846 1.1884816884994507 0
1685700614881 1.1989529132843018 0
1685700614916 1.2178010940551758 0
1685700614953 1.2324607372283936 0
1685700614989 1.2272251844406128 0
1685700615024 1.2764397859573364 0
1685700615058 1.2617801427841187 0
1685700615093 1.3371727466583252 0
1685700615129 1.3099476099014282 0
1685700615164 1.344502568244934 0
1685700615199 1.363350749015808 0
1685700615233 1.3748691082000732 0
1685700615268 1.3947644233703613 0
1685700615304 1.389528751373291 0
1685700615338 1.4219895601272583 0
1685700615373 1.443979024887085 0
1685700615408 1.4418848752975464 0
1685700615442 1.4670157432556152 0
