1685700613923 0.6926918983459472 0
1685700613960 0.6753476699193318 0
1685700613995 0.6416479388872782 0
1685700614029 0.5840370496114095 0
1685700614064 0.5099065204461416 0
1685700614099 0.4455723981062571 0
1685700614134 0.413190225760142 0
1685700614170 0.40181172887484234 0
1685700614204 0.3963358998298645 0
1685700614239 0.39397493402163186 0
1685700614275 0.39289519588152566 0
1685700614311 0.3923755685488383 0
1685700614347 0.3921045204003652 0
1685700614383 0.3919152200222015 0
1685700614418 0.39176304737726847 0
1685700614454 0.3916401823361715 0
1685700614489 0.39150113860766095 0
1685700614525 0.3913631459077199 0
1685700614559 0.39123947024345396 0
1685700614595 0.3911016603310903 0
1685700614629 0.390965873003006 0
1685700614667 0.3908005098501841 0
1685700614702 0.39066873987515766 0
1685700614737 0.3904985864957174 0
1685700614772 0.3903195381164551 0
1685700614807 0.3901128868261973 0
1685700614842 0.3899032851060232 0
1685700614877 0.3896777073542277 0
1685700614912 0.38948997656504314 0
1685700614949 0.3892183760801951 0
1685700614985 0.3889959534009298 0
1685700615020 0.3887300272782644 0
1685700615055 0.3884341299533844 0
1685700615089 0.38814598123232524 0
1685700615125 0.3878545343875885 0
1685700615160 0.3875247557957967 0
1685700615195 0.3872195065021515 0
1685700615229 0.38688051104545595 0
1685700615264 0.38654459913571676 0
1685700615300 0.38622056841850283 0
1685700615334 0.3858414510885874 0
1685700615369 0.385465411345164 0
1685700615404 0.38508396546045937 0
1685700615438 0.384744785229365 0
