1723803191005 0.7677865624427795 0
1723803191117 0.7697628736495972 0
1723803191296 0.75 0
1723803191393 0.752964437007904 0
1723803191566 0.7430830001831055 0
1723803191687 0.7539525628089905 0
1723803191925 0.768774688243866 0
1723803192023 0.8053359389305115 0
1723803192127 0.8438735008239746 0
1723803192313 0.9140316247940063 0
1723803192447 0.9802371263504028 0
1723803192659 0.9950593113899231 0
1723803192778 1.0345849990844727 0
1723803192886 1.0345849990844727 0
1723803193058 1.0701581239700317 0
1723803193161 1.0928853750228882 0
1723803193316 1.0662055015563965 0
