1691748878831 0.7603734731674194 0
1691748878892 0.7603734731674194 0
1691748878972 0.7697095274925232 0
1691748879025 0.7707468867301941 0
1691748879085 0.7676348686218262 0
1691748879133 0.7593361139297485 0
1691748879190 0.7624481320381165 0
1691748879249 0.7634854912757874 0
1691748879300 0.7614107728004456 0
1691748879349 0.7489626407623291 0
1691748879397 0.7489626407623291 0
1691748879445 0.7582987546920776 0
1691748879494 0.7582987546920776 0
1691748879535 0.7531120181083679 0
1691748879578 0.7645228505134583 0
1691748879634 0.7614107728004456 0
1691748879733 0.7593361139297485 0
1691748879790 0.7582987546920776 0
1691748879847 0.7582987546920776 0
1691748879911 0.7603734731674194 0
1691748879977 0.7728216052055359 0
1691748880033 0.7790456414222717 0
1691748880090 0.8008298873901367 0
1691748880162 0.8070539236068726 0
1691748880219 0.8205394148826599 0
1691748880285 0.8350622653961182 0
1691748880341 0.863070547580719 0
1691748880406 0.8558091521263123 0
1691748880469 0.8661825656890869 0
1691748880527 0.8858920931816101 0
1691748880587 0.9066389799118042 0
1691748880669 0.9035269618034363 0
1691748880728 0.9170124530792236 0
1691748880793 0.9502074718475342 0
1691748880857 0.9502074718475342 0
1691748880920 0.9709543585777283 0
1691748880979 0.9647302627563477 0
1691748881036 0.9688796401023865 0
1691748881102 0.978215754032135 0
1691748881158 0.9699169993400574 0
