1703844654648 0.6825414821505547 0
1703844654673 0.674336351454258 0
1703844654701 0.6633216291666031 0
1703844654725 0.6474995762109756 0
1703844654750 0.6251146420836449 0
1703844654777 0.5956792086362839 0
1703844654804 0.5589616969227791 0
1703844654831 0.5180100500583649 0
1703844654857 0.4784752018749714 0
1703844654880 0.44771478325128555 0
1703844654904 0.4280354715883732 0
1703844654927 0.4163672998547554 0
1703844654951 0.4087573289871216 0
1703844654974 0.40273598954081535 0
1703844654997 0.3985300473868847 0
1703844655020 0.3958746902644634 0
1703844655049 0.39430006593465805 0
1703844655073 0.39333677664399147 0
1703844655097 0.39278193563222885 0
1703844655122 0.39241040125489235 0
1703844655147 0.3921262137591839 0
1703844655175 0.3919171951711178 0
1703844655201 0.3917539678514004 0
1703844655227 0.39166587218642235 0
1703844655254 0.39147384464740753 0
1703844655280 0.3913748450577259 0
1703844655308 0.3912963569164276 0
1703844655335 0.39115574210882187 0
