1703844654653 0.8054989576339722 0
1703844654680 0.7790223956108093 0
1703844654706 0.7851324081420898 0
1703844654731 0.7759674191474915 0
1703844654756 0.7790223956108093 0
1703844654783 0.7749490737915039 0
1703844654810 0.7881873846054077 0
1703844654837 0.7841140627861023 0
1703844654863 0.7739307284355164 0
1703844654886 0.7759674191474915 0
1703844654909 0.7780040502548218 0
1703844654933 0.7922607064247131 0
1703844654956 0.7881873846054077 0
1703844654979 0.7942973375320435 0
1703844655002 0.795315682888031 0
1703844655028 0.8299388885498047 0
1703844655054 0.8492871522903442 0
1703844655079 0.8798370957374573 0
1703844655103 0.8798370957374573 0
1703844655128 0.8818737268447876 0
1703844655153 0.9195519089698792 0
1703844655181 0.9714867472648621 0
1703844655207 0.9877800345420837 0
1703844655233 0.9959266781806946 0
1703844655260 1.0234216451644897 0
1703844655286 1.0458248853683472 0
1703844655314 1.0560081005096436 0
1703844655342 1.0702648162841797 0
