1707473399539 0.6961649060249329 0
1707473399598 0.6919152044480846 0
1707473399650 0.6858186337255663 0
1707473399693 0.6753467167577436 0
1707473399737 0.6562077979887685 0
1707473399778 0.6250809546439878 0
1707473399817 0.5829112664345772 0
1707473399858 0.5337601823191489 0
1707473399912 0.4849141865007339 0
1707473399972 0.44628980851942496 0
1707473400025 0.4223905945977857 0
1707473400068 0.4099592085807554 0
1707473400123 0.40364496650234344 0
1707473400165 0.40006891181392057 0
1707473400229 0.3978284568555893 0
1707473400274 0.3962614642035577 0
1707473400317 0.3951915579457437 0
1707473400357 0.3943915867036389 0
1707473400404 0.3938449053995071 0
1707473400452 0.39338513343564924 0
1707473400501 0.39307493355966383 0
1707473400548 0.39281985355961707 0
1707473400591 0.39264051471987077 0
1707473400635 0.39250343268917454 0
1707473400678 0.39237301388094503 0
1707473400746 0.3922674780891788 0
1707473400795 0.39215709124841996 0
1707473400837 0.3920977980859818 0
1707473400881 0.3920182845284862 0
1707473400922 0.39195665813261465 0
1707473400962 0.3918969938831945 0
1707473401004 0.3918310663392467 0
1707473401047 0.39177595415422994 0
