1710497394419 0.788306474685669 0
1710497394459 0.7842742204666138 0
1710497394491 0.8074596524238586 0
1710497394521 0.8266128897666931 0
1710497394573 0.8235887289047241 0
1710497394603 0.8125 0
1710497394677 0.8044354915618896 0
1710497394706 0.8024193644523621 0
1710497394735 0.8215726017951965 0
1710497394796 0.8256048560142517 0
1710497394833 0.8377016186714172 0
1710497394865 0.8235887289047241 0
1710497394898 0.8568548560142517 0
1710497394928 0.882056474685669 0
1710497394958 0.9143145084381104 0
1710497394987 0.9112903475761414 0
1710497395016 0.9153226017951965 0
1710497395045 0.9395161271095276 0
1710497395078 0.9576612710952759 0
1710497395110 0.9677419066429138 0
1710497395140 0.9566532373428345 0
1710497395171 0.9717742204666138 0
1710497395198 0.9637096524238586 0
1710497395225 1.0010080337524414 0
