1710497394412 0.6903694942593575 0
1710497394452 0.6827087178826332 0
1710497394485 0.6723032295703888 0
1710497394514 0.6567269563674927 0
1710497394545 0.6323532313108444 0
1710497394596 0.5957590788602829 0
1710497394670 0.5459991320967674 0
1710497394699 0.48922430351376534 0
1710497394729 0.4398769624531269 0
1710497394788 0.41192349046468735 0
1710497394826 0.40311526134610176 0
1710497394858 0.39986303076148033 0
1710497394891 0.3965042605996132 0
1710497394922 0.39411159977316856 0
1710497394951 0.3931600823998451 0
1710497394980 0.3927270695567131 0
1710497395010 0.3924378231167793 0
1710497395039 0.39220453053712845 0
1710497395071 0.39211271330714226 0
1710497395104 0.3919875882565975 0
1710497395133 0.39190474152565 0
1710497395163 0.39184438437223434 0
1710497395192 0.3917591907083988 0
1710497395219 0.3917006142437458 0
