1692353432023 0.6903404593467712 0
1692353432066 0.6857041418552399 0
1692353432108 0.6806138232350349 0
1692353432149 0.6746657118201256 0
1692353432191 0.6672106310725212 0
1692353432231 0.6577858775854111 0
1692353432272 0.6454505249857903 0
1692353432314 0.6297144591808319 0
1692353432356 0.6095461696386337 0
1692353432399 0.5850173756480217 0
1692353432442 0.5559169575572014 0
1692353432483 0.5235670208930969 0
1692353432523 0.49004899337887764 0
1692353432564 0.45930926501750946 0
1692353432604 0.4339446946978569 0
1692353432646 0.4166604019701481 0
1692353432686 0.40623482316732407 0
1692353432728 0.4008204936981201 0
1692353432769 0.39814747869968414 0
1692353432810 0.39636751264333725 0
1692353432851 0.39520610123872757 0
1692353432892 0.3940837047994137 0
1692353432933 0.393529437482357 0
1692353432974 0.3930056616663933 0
1692353433016 0.39262235909700394 0
1692353433058 0.39247919619083405 0
1692353433099 0.392180148512125 0
1692353433140 0.3921130336821079 0
1692353433181 0.39205656200647354 0
1692353433221 0.3919370323419571 0
1692353433265 0.3918721042573452 0
1692353433307 0.39186301827430725 0
1692353433348 0.39172084629535675 0
1692353433389 0.3917005583643913 0
1692353433429 0.3916092850267887 0
1692353433473 0.39158132299780846 0
1692353433515 0.3915049806237221 0
1692353433557 0.3914930820465088 0
1692353433599 0.3914082795381546 0
1692353433640 0.39132706820964813 0
