1708683042286 0.685945276170969 0
1708683042320 0.658462792634964 0
1708683042354 0.5955374464392662 0
1708683042387 0.501469150185585 0
1708683042421 0.43267196975648403 0
1708683042454 0.4085732027888298 0
1708683042489 0.3981857318431139 0
1708683042521 0.3944188039749861 0
1708683042554 0.3929977659136057 0
1708683042590 0.3923447709530592 0
1708683042627 0.39199309423565865 0
1708683042660 0.3917333912104368 0
1708683042695 0.3915898595005274 0
1708683042729 0.3914059102535248 0
1708683042762 0.3911751825362444 0
1708683042796 0.391001945361495 0
1708683042828 0.3909301199018955 0
1708683042862 0.390726076439023 0
1708683042895 0.3905353620648384 0
