1708683042293 0.7979797720909119 0
1708683042327 0.794949471950531 0
1708683042361 0.7797979712486267 0
1708683042394 0.7878788113594055 0
1708683042428 0.7797979712486267 0
1708683042461 0.7878788113594055 0
1708683042495 0.8414141535758972 0
1708683042528 0.8565656542778015 0
1708683042561 0.8848484754562378 0
1708683042597 0.9111111164093018 0
1708683042634 0.9444444179534912 0
1708683042667 0.9757575988769531 0
1708683042702 1.0090909004211426 0
1708683042736 1.0030303001403809 0
1708683042769 1.052525281906128 0
1708683042802 1.0636364221572876 0
1708683042836 1.0626262426376343 0
1708683042869 1.1060606241226196 0
1708683042902 1.116161584854126 0
