1725617567946 0.7891625761985779 0
1725617567989 0.7871921062469482 0
1725617568030 0.7862069010734558 0
1725617568072 0.7970443367958069 0
1725617568112 0.8128078579902649 0
1725617568153 0.823645293712616 0
1725617568195 0.9004926085472107 0
1725617568237 0.9192118048667908 0
1725617568320 0.9349753856658936 0
1725617568362 0.9320197105407715 0
1725617568402 0.9596059322357178 0
1725617568443 0.9645320177078247 0
1725617568486 0.9763546586036682 0
1725617568527 0.9940886497497559 0
1725617568569 1.002955675125122 0
1725617568611 1.0374383926391602 0
1725617568651 1.0334975719451904 0
1725617568691 1.0522167682647705 0
1725617568733 1.0778324604034424 0
1725617568773 1.117241382598877 0
