1732875220459 0.6868351035647922 0
1732875220493 0.6804476843939887 0
1732875220526 0.6724172565672133 0
1732875220558 0.6592332654529147 0
1732875220590 0.6418768498632643 0
1732875220629 0.6205368240674337 0
1732875220662 0.5912930369377136 0
1732875220696 0.5517319043477377 0
1732875220730 0.508904731935925 0
1732875220765 0.4693637291590373 0
1732875220797 0.43944647908210754 0
1732875220830 0.4171095954047309 0
1732875220861 0.40586692094802856 0
1732875220893 0.4036221007506053 0
1732875220926 0.3992939790089925 0
1732875220958 0.39569927255312604 0
1732875220991 0.3954060673713684 0
1732875221028 0.39600759744644165 0
1732875221064 0.3945387005805969 0
1732875221097 0.39300767911805046 0
1732875221130 0.3928782211409675 0
1732875221162 0.3929711613390181 0
1732875221194 0.393993960486518 0
1732875221226 0.3931877149475945 0
1732875221258 0.39264829291237724 0
1732875221291 0.39238911204867893 0
1732875221329 0.39320237769020927 0
1732875221365 0.3920829262998369 0
1732875221399 0.39183805055088466 0
1732875221434 0.3926978674199846 0
1732875221468 0.3926401668124729 0
1732875221502 0.39136095179451835 0
1732875221535 0.39216799206203884 0
1732875221571 0.3926548990938399 0
