1717150305371 0.78742516040802 0
1717150305406 0.7824351191520691 0
1717150305444 0.8053892254829407 0
1717150305478 0.7914171814918518 0
1717150305511 0.7944111824035645 0
1717150305544 0.8003991842269897 0
1717150305588 0.796407163143158 0
1717150305629 0.8003991842269897 0
1717150305656 0.8053892254829407 0
1717150305686 0.8063872456550598 0
1717150305716 0.8003991842269897 0
1717150305750 0.802395224571228 0
1717150305786 0.8103792667388916 0
1717150305814 0.8153692483901978 0
1717150305842 0.8123752474784851 0
1717150305870 0.8063872456550598 0
1717150305900 0.8083832263946533 0
1717150305928 0.8143712282180786 0
1717150305960 0.8133732676506042 0
1717150305988 0.8143712282180786 0
1717150306016 0.8153692483901978 0
1717150306044 0.8243513107299805 0
1717150306073 0.8253493309020996 0
1717150306103 0.8253493309020996 0
1717150306132 0.8303393125534058 0
1717150306313 0.8193612694740295 0
1717150306345 0.8123752474784851 0
1717150306374 0.8123752474784851 0
1717150306403 0.8153692483901978 0
1717150306525 0.8193612694740295 0
1717150306583 0.8203592896461487 0
1717150306633 0.817365288734436 0
1717150306665 0.817365288734436 0
1717150306738 0.8203592896461487 0
1717150306774 0.817365288734436 0
1717150306806 0.8153692483901978 0
1717150306840 0.817365288734436 0
1717150306916 0.8213573098182678 0
1717150306958 0.817365288734436 0
1717150306994 0.8153692483901978 0
1717150307028 0.8213573098182678 0
1717150307068 0.8203592896461487 0
1717150307119 0.8133732676506042 0
1717150307159 0.8083832263946533 0
1717150307209 0.8103792667388916 0
1717150307258 0.8133732676506042 0
1717150307286 0.8143712282180786 0
1717150307315 0.8123752474784851 0
1717150307345 0.8083832263946533 0
1717150307374 0.8073852062225342 0
1717150307406 0.811377227306366 0
1717150307437 0.8073852062225342 0
1717150307466 0.817365288734436 0
1717150307501 0.8293412923812866 0
1717150307530 0.841317355632782 0
1717150307560 0.841317355632782 0
1717150307590 0.8502994179725647 0
1717150307640 0.8522953987121582 0
1717150307789 0.8522953987121582 0
1717150307922 0.8572854399681091 0
1717150307952 0.8662674427032471 0
1717150307981 0.8702594637870789 0
1717150308022 0.8742514848709106 0
1717150308058 0.8822355270385742 0
1717150308111 0.8842315077781677 0
1717150308145 0.8852295279502869 0
1717150308176 0.8922155499458313 0
1717150308209 0.9041916131973267 0
1717150308261 0.9091816544532776 0
1717150308299 0.9171656966209412 0
1717150308333 0.9271457195281982 0
1717150308364 0.9271457195281982 0
1717150308394 0.9391217827796936 0
1717150308422 0.9331337213516235 0
1717150308454 0.9361277222633362 0
1717150308495 0.9351297616958618 0
1717150308523 0.940119743347168 0
