1689934326786 0.690479651093483 0
1689934326832 0.6808579564094543 0
1689934326876 0.6674983203411102 0
1689934326929 0.6469346284866333 0
1689934326979 0.6147534921765327 0
1689934327026 0.5676269009709358 0
1689934327073 0.5079088024795055 0
1689934327116 0.44944924116134644 0
1689934327161 0.4128204919397831 0
1689934327205 0.40173768624663353 0
1689934327251 0.39868730306625366 0
1689934327297 0.39527372643351555 0
1689934327401 0.39296887442469597 0
1689934327453 0.3924343176186085 0
1689934327506 0.39223016053438187 0
1689934327555 0.39190440252423286 0
1689934327602 0.3917865753173828 0
1689934327645 0.39174478873610497 0
1689934327695 0.39162205904722214 0
