1688724755426 0.6914375349879265 0
1688724755467 0.6787486746907234 0
1688724755499 0.6595728173851967 0
1688724755530 0.6283214688301086 0
1688724755562 0.5791715011000633 0
1688724755595 0.5138791054487228 0
1688724755668 0.4493091553449631 0
1688724755727 0.41209057718515396 0
1688724755794 0.40356700494885445 0
1688724755852 0.39918823167681694 0
1688724755909 0.3943564295768738 0
1688724755972 0.39305268973112106 0
1688724756067 0.3926464691758156 0
1688724756139 0.39227548986673355 0
1688724756235 0.39213504269719124 0
1688724756280 0.39202461764216423 0
1688724756310 0.39204513654112816 0
1688724756344 0.3918702155351639 0
1688724756373 0.3917413353919983 0
1688724756403 0.39159272238612175 0
1688724756433 0.3914584629237652 0
1688724756464 0.3913193307816982 0
1688724756495 0.39117254689335823 0
1688724756526 0.39101535454392433 0
1688724756556 0.3909437656402588 0
1688724756598 0.39077622443437576 0
1688724756629 0.3905794993042946 0
