1711102288367 0.7039674520492554 0
1711102288418 0.6986425518989563 0
1711102288468 0.6910008117556572 0
1711102288523 0.6771141216158867 0
1711102288565 0.6544942334294319 0
1711102288606 0.6221468560397625 0
1711102288645 0.5794428028166294 0
1711102288689 0.530327208340168 0
1711102288732 0.4844510182738304 0
1711102288769 0.4507917556911707 0
1711102288806 0.42982516437768936 0
1711102288840 0.4172798562794924 0
1711102288877 0.40913662500679493 0
1711102288915 0.4036018420010805 0
1711102288955 0.3998895473778248 0
1711102288994 0.39732177183032036 0
1711102289031 0.3957118969410658 0
1711102289064 0.3944504465907812 0
1711102289095 0.39353184774518013 0
1711102289128 0.39299113489687443 0
1711102289161 0.3926410861313343 0
1711102289217 0.39224665239453316 0
1711102289287 0.392046308144927 0
1711102289318 0.39189889281988144 0
1711102289352 0.3917723726481199 0
1711102289386 0.39161765575408936 0
1711102289419 0.3915223032236099 0
