1711102288376 0.7885196208953857 0
1711102288429 0.7764350175857544 0
1711102288480 0.791540801525116 0
1711102288532 0.8006042242050171 0
1711102288573 0.7764350175857544 0
1711102288614 0.7834843993186951 0
1711102288652 0.8016113042831421 0
1711102288700 0.8016113042831421 0
1711102288739 0.7945619225502014 0
1711102288777 0.7935549020767212 0
1711102288813 0.7955690026283264 0
1711102288847 0.7955690026283264 0
1711102288884 0.8036254048347473 0
1711102288924 0.8046324253082275 0
1711102288964 0.8116817474365234 0
1711102289002 0.8277945518493652 0
1711102289039 0.8318227529525757 0
1711102289070 0.8338368535041809 0
1711102289102 0.8247734308242798 0
1711102289135 0.8479355573654175 0
1711102289168 0.8630412817001343 0
1711102289260 0.8922457098960876 0
1711102289293 0.9093655347824097 0
1711102289325 0.9425981640815735 0
1711102289359 0.9617321491241455 0
1711102289393 0.9768378734588623 0
1711102289427 0.9949647784233093 0
