1685095947111 0.6934679468472799 0
1685095947148 0.6852792382240296 0
1685095947185 0.6741117477416992 0
1685095947224 0.6565251032511393 0
1685095947267 0.6271369536717732 0
1685095947305 0.5796443780263265 0
1685095947346 0.514566711584727 0
1685095947383 0.4492776473363241 0
1685095947420 0.4096720019976298 0
1685095947456 0.3978589137395223 0
1685095947492 0.3952804962793986 0
1685095947529 0.39382333954175314 0
1685095947565 0.39314236243565875 0
1685095947607 0.39276899496714274 0
1685095947643 0.39261040886243187 0
1685095947680 0.39244208534558617 0
1685095947716 0.3923405011494954 0
1685095947753 0.39222344358762107 0
1685095947790 0.3921586791674296 0
1685095947831 0.3920666853586833 0
1685095947871 0.39195722142855327 0
1685095947910 0.39188827673594157 0
1685095947948 0.39178186456362407 0
1685095948058 0.3917124390602112 0
1685095948161 0.39161673982938133 0
1685095948197 0.3915083209673564 0
1685095948234 0.3914262155691783 0
1685095948271 0.3913222829500834 0
1685095948313 0.39125795364379884 0
1685095948369 0.39113590121269226 0
1685095948406 0.3910444657007853 0
1685095948442 0.3909491221110026 0
1685095948480 0.39083053867022194 0
1685095948576 0.39073647061983746 0
1685095948628 0.3906414270401001 0
1685095948665 0.390555602312088 0
1685095948702 0.39043083985646565 0
1685095948739 0.3902977705001831 0
