1709892705604 0.6828561648726463 0
1709892705653 0.678168635815382 0
1709892705720 0.6732957176864147 0
1709892705904 0.6675954945385456 0
1709892705985 0.660273153334856 0
1709892706042 0.6501724049448967 0
1709892706107 0.6355924718081951 0
1709892706159 0.6144711598753929 0
1709892706203 0.5856544859707355 0
1709892706412 0.5496096238493919 0
1709892706482 0.5101001020520926 0
1709892706524 0.47206889279186726 0
1709892706570 0.44069027341902256 0
1709892706613 0.4194749277085066 0
1709892706654 0.40722058713436127 0
1709892706697 0.40100183710455894 0
1709892706740 0.3980611264705658 0
1709892706783 0.39630903862416744 0
1709892706828 0.39525941386818886 0
1709892707051 0.3945346921682358 0
1709892707111 0.39391065016388893 0
1709892707155 0.3935490008443594 0
1709892707205 0.3932109363377094 0
1709892707250 0.39290377125144005 0
1709892707295 0.3928041886538267 0
1709892707456 0.39268400333821774 0
1709892707718 0.39252595603466034 0
1709892707771 0.3924890626221895 0
1709892707818 0.3923911936581135 0
1709892707866 0.39232220500707626 0
1709892707913 0.39230256527662277 0
1709892707955 0.3922124616801739 0
1709892707999 0.39223660714924335 0
1709892708041 0.39215277694165707 0
1709892708084 0.3920887913554907 0
1709892708224 0.39208509773015976 0
1709892708268 0.3920530416071415 0
1709892708311 0.3919596094638109 0
1709892708476 0.3919687792658806 0
1709892708722 0.3918935153633356 0
1709892708929 0.3918613884598017 0
1709892709050 0.3918586950749159 0
1709892709417 0.3918154016137123 0
1709892709601 0.3917549215257168 0
1709892709849 0.3917313851416111 0
1709892710101 0.3917004708200693 0
1709892710405 0.39166145399212837 0
1709892710610 0.39159408397972584 0
1709892710656 0.3916095606982708 0
1709892710699 0.3915340919047594 0
1709892710742 0.39146852493286133 0
1709892710786 0.391440462321043 0
1709892710830 0.3914211820811033 0
1709892710993 0.3913315683603287 0
1709892711048 0.39131725020706654 0
