1709892705613 0.7527749538421631 0
1709892705663 0.7669021487236023 0
1709892705730 0.7517659068107605 0
1709892705914 0.7558022141456604 0
1709892705995 0.7699293494224548 0
1709892706053 0.7739657163619995 0
1709892706117 0.7981836795806885 0
1709892706167 0.7991927266120911 0
1709892706212 0.8143289685249329 0
1709892706422 0.8244197964668274 0
1709892706489 0.8224016427993774 0
1709892706532 0.8203834295272827 0
1709892706578 0.7991927266120911 0
1709892706621 0.7931382656097412 0
1709892706661 0.8113017082214355 0
1709892706704 0.8304742574691772 0
1709892706748 0.8365287780761719 0
1709892706792 0.8425832390785217 0
1709892706836 0.8516649603843689 0
1709892707063 0.8577194809913635 0
1709892707118 0.8678103089332581 0
1709892707164 0.8728557229042053 0
1709892707214 0.8910191655158997 0
1709892707258 0.8990918397903442 0
1709892707306 0.8980827331542969 0
1709892707490 0.9233098030090332 0
1709892707727 0.9192734360694885 0
1709892707780 0.9263370037078857 0
1709892707828 0.9223006963729858 0
1709892707876 0.9243188500404358 0
1709892707921 0.9303733706474304 0
1709892707963 0.9122098684310913 0
1709892708006 0.9101917147636414 0
1709892708048 0.9273461103439331 0
1709892708091 0.9253279566764832 0
1709892708232 0.9303733706474304 0
1709892708276 0.9424823522567749 0
1709892708318 0.9525731801986694 0
1709892708488 0.953582227230072 0
1709892708755 0.955600380897522 0
1709892708961 0.9596367478370667 0
1709892709063 0.9545913338661194 0
1709892709428 0.9707366228103638 0
1709892709624 0.9677093625068665 0
1709892709873 0.9727547764778137 0
1709892710130 0.9838547110557556 0
1709892710419 0.9838547110557556 0
1709892710619 1.0010091066360474 0
1709892710664 1.0030272006988525 0
1709892710707 0.9818365573883057 0
1709892710750 0.9858728647232056 0
1709892710794 0.9828456044197083 0
1709892710837 0.9919273257255554 0
1709892711004 1.011099934577942 0
1709892711056 1.0020182132720947 0
