1712916710818 0.7961847186088562 0
1712916710860 0.8002008199691772 0
1712916710905 0.7871485948562622 0
1712916710955 0.7891566157341003 0
1712916711000 0.7891566157341003 0
1712916711121 0.7931727170944214 0
1712916711206 0.7771084308624268 0
1712916711248 0.7710843086242676 0
1712916711285 0.7861445546150208 0
1712916711387 0.7941766977310181 0
1712916711423 0.8082329034805298 0
1712916711535 0.8062248826026917 0
1712916711572 0.7961847186088562 0
1712916711607 0.8042168617248535 0
1712916711661 0.8042168617248535 0
1712916711769 0.8172690868377686 0
1712916711805 0.8112449645996094 0
1712916711840 0.8112449645996094 0
1712916711875 0.7981927990913391 0
1712916711911 0.8022088408470154 0
1712916711951 0.7931727170944214 0
1712916711989 0.7961847186088562 0
1712916712067 0.8022088408470154 0
1712916712106 0.8102409839630127 0
1712916712145 0.8122490048408508 0
1712916712226 0.8182730674743652 0
1712916712286 0.8112449645996094 0
1712916712322 0.8132529854774475 0
1712916712359 0.8122490048408508 0
1712916712397 0.8112449645996094 0
1712916712541 0.827309250831604 0
1712916712577 0.845381498336792 0
1712916712613 0.8504015803337097 0
1712916712683 0.8614457845687866 0
1712916712777 0.8835341334342957 0
1712916712812 0.8875501751899719 0
1712916712898 0.9086345434188843 0
1712916713015 0.8925702571868896 0
1712916713050 0.9146586060523987 0
1712916713087 0.913654625415802 0
1712916713123 0.9246987700462341 0
1712916713160 0.9277108311653137 0
1712916713218 0.9196786880493164 0
1712916713255 0.9337349534034729 0
1712916713290 0.9327309131622314 0
1712916713326 0.9467871189117432 0
1712916713361 0.9538152813911438 0
1712916713396 0.9588353633880615 0
1712916713433 0.9728915691375732 0
1712916713468 0.9738956093788147 0
1712916713504 0.9648594260215759 0
1712916713540 0.9809237122535706 0
1712916713576 0.9638554453849792 0
1712916713613 0.9658634662628174 0
1712916713650 0.9608433842658997 0
1712916713685 0.9648594260215759 0
1712916713720 0.9638554453849792 0
1712916713771 0.9558233022689819 0
1712916713809 0.9718875288963318 0
1712916713844 0.9809237122535706 0
1712916713880 0.9799196720123291 0
1712916713917 0.9919678568840027 0
1712916713953 0.9939758777618408 0
1712916713989 0.9979919791221619 0
1712916714026 1.0010039806365967 0
1712916714062 1.0140562057495117 0
1712916714097 1.018072247505188 0
1712916714134 1.020080327987671 0
1712916714171 1.0190763473510742 0
1712916714223 1.033132553100586 0
1712916714289 1.0381525754928589 0
1712916714414 1.0401606559753418 0
1712916714451 1.059237003326416 0
1712916714489 1.0602409839630127 0
1712916714528 1.0692771673202515 0
1712916714563 1.0652610063552856 0
1712916714598 1.0672690868377686 0
