1712916710809 0.70134237408638 0
1712916710851 0.6986866965889931 0
1712916710891 0.6959301382303238 0
1712916710946 0.6926940679550171 0
1712916710986 0.6888166442513466 0
1712916711106 0.6838291734457016 0
1712916711197 0.6771786734461784 0
1712916711238 0.6683920472860336 0
1712916711276 0.6566276028752327 0
1712916711375 0.6417258083820343 0
1712916711414 0.6231471076607704 0
1712916711527 0.6009775772690773 0
1712916711564 0.5757692009210587 0
1712916711599 0.5482136383652687 0
1712916711635 0.5196346342563629 0
1712916711761 0.4915046989917755 0
1712916711797 0.46656184270977974 0
1712916711832 0.4462559036910534 0
1712916711867 0.4307258613407612 0
1712916711903 0.41987109184265137 0
1712916711943 0.4125294126570225 0
1712916711981 0.40762418136000633 0
1712916712058 0.40422121062874794 0
1712916712097 0.4016888923943043 0
1712916712137 0.39958617836236954 0
1712916712193 0.39802341535687447 0
1712916712277 0.396768219769001 0
1712916712314 0.39575548470020294 0
1712916712350 0.3949114568531513 0
1712916712387 0.39426811784505844 0
1712916712533 0.39381828531622887 0
1712916712569 0.39345018565654755 0
1712916712605 0.39312945678830147 0
1712916712672 0.3928530849516392 0
1712916712769 0.3927004747092724 0
1712916712804 0.39253397285938263 0
1712916712886 0.392412394285202 0
1712916713004 0.3923230692744255 0
1712916713042 0.39222197234630585 0
1712916713079 0.39214328676462173 0
1712916713115 0.39208800718188286 0
1712916713152 0.39203810319304466 0
1712916713189 0.3919924907386303 0
1712916713247 0.3919367380440235 0
1712916713282 0.39189259707927704 0
1712916713318 0.3918459266424179 0
1712916713353 0.39180414751172066 0
1712916713388 0.39178500697016716 0
1712916713423 0.3917452283203602 0
1712916713460 0.3917175605893135 0
1712916713496 0.3916781470179558 0
1712916713531 0.3916292302310467 0
1712916713567 0.3916100710630417 0
1712916713605 0.39158208668231964 0
1712916713641 0.39154310524463654 0
1712916713677 0.39151040092110634 0
1712916713712 0.3914920836687088 0
1712916713759 0.3914329409599304 0
1712916713800 0.39138661324977875 0
1712916713836 0.39137689769268036 0
1712916713872 0.3913142941892147 0
1712916713909 0.3912876881659031 0
1712916713945 0.39124878868460655 0
1712916713981 0.39122965559363365 0
1712916714017 0.3911627307534218 0
1712916714054 0.39111999049782753 0
1712916714089 0.39110293984413147 0
1712916714125 0.39106662943959236 0
1712916714163 0.3910241611301899 0
1712916714204 0.390977431088686 0
1712916714281 0.3909305967390537 0
1712916714405 0.39088577032089233 0
1712916714443 0.39084577932953835 0
1712916714479 0.390798881649971 0
1712916714520 0.3907455690205097 0
1712916714555 0.39069124683737755 0
1712916714590 0.3906661234796047 0
