1696587070815 0.8106995820999146 0
1696587070860 0.806584358215332 0
1696587070903 0.798353910446167 0
1696587070947 0.7870370149612427 0
1696587070991 0.7932098507881165 0
1696587071035 0.8055555820465088 0
1696587071078 0.8168724179267883 0
1696587071122 0.8179012537002563 0
1696587071165 0.8086419701576233 0
1696587071209 0.8127571940422058 0
1696587071254 0.8045267462730408 0
1696587071298 0.8179012537002563 0
1696587071342 0.8168724179267883 0
1696587071384 0.8024691343307495 0
1696587071427 0.8117284178733826 0
1696587071470 0.8004115223884583 0
1696587071514 0.7921810746192932 0
1696587071558 0.7952674627304077 0
1696587071603 0.790123462677002 0
1696587071649 0.8106995820999146 0
1696587071695 0.8148148059844971 0
1696587071741 0.8353909254074097 0
1696587071784 0.8724279999732971 0
1696587071828 0.8878600597381592 0
1696587071872 0.894032895565033 0
1696587071915 0.9104938507080078 0
1696587071958 0.9094650149345398 0
1696587072001 0.9320987462997437 0
1696587072044 0.9475308656692505 0
1696587072089 0.9650205969810486 0
1696587072134 0.9650205969810486 0
1696587072178 0.9670782089233398 0
1696587072222 0.9619341492652893 0
1696587072265 0.9958847761154175 0
1696587072309 0.998971164226532 0
1696587072353 1.0154321193695068 0
1696587072395 1.0195473432540894 0
