1696587070809 0.6859560161828995 0
1696587070854 0.6804442182183266 0
1696587070898 0.6734095178544521 0
1696587070941 0.6641576364636421 0
1696587070985 0.6511913053691387 0
1696587071029 0.632620595395565 0
1696587071072 0.6066531054675579 0
1696587071116 0.5729197673499584 0
1696587071160 0.535210732370615 0
1696587071203 0.49718098528683186 0
1696587071248 0.4637575261294842 0
1696587071293 0.43848281539976597 0
1696587071336 0.4211716614663601 0
1696587071378 0.4110128581523895 0
1696587071421 0.4054108317941427 0
1696587071465 0.4012909568846226 0
1696587071508 0.398617222905159 0
1696587071552 0.39686347357928753 0
1696587071597 0.39556841365993023 0
1696587071643 0.3947704806923866 0
1696587071689 0.39409244805574417 0
1696587071735 0.3935074005275965 0
1696587071778 0.39305320009589195 0
1696587071822 0.3925980143249035 0
1696587071866 0.3925535399466753 0
1696587071910 0.3923545219004154 0
1696587071952 0.39214509539306164 0
1696587071995 0.3922159653156996 0
1696587072039 0.3921454902738333 0
1696587072083 0.3918887749314308 0
1696587072128 0.3917894586920738 0
1696587072172 0.3917868658900261 0
1696587072217 0.39182850904762745 0
1696587072260 0.3916077930480242 0
1696587072303 0.39166878163814545 0
1696587072347 0.3917306140065193 0
1696587072390 0.3915907219052315 0
