1691748860108 0.7904564142227173 0
1691748860204 0.7883817553520203 0
1691748860608 0.7914937734603882 0
1691748860713 0.7686722278594971 0
1691748860780 0.7655601501464844 0
1691748860839 0.8091286420822144 0
1691748860895 0.8278008103370667 0
1691748860961 0.8609958291053772 0
1691748861020 0.9076763391494751 0
1691748861083 0.9066389799118042 0
1691748861141 0.9470954537391663 0
1691748861199 0.9636929631233215 0
1691748861256 0.954356849193573 0
1691748861312 0.9927386045455933 0
1691748861391 0.9699169993400574 0
1691748861454 0.9771783947944641 0
