1691143923382 0.7995846271514893 0
1691143923603 0.9179646968841553 0
1691143923762 0.9439252614974976 0
1691143923957 1.0301141738891602 0
1691143924122 1.069574236869812 0
1691143924283 1.1703011989593506 0
1691143924458 1.285565972328186 0
1691143924667 1.3229491710662842 0
1691143924856 1.4880582094192505 0
1691143925002 1.5784008502960205 0
1691143925140 1.720664620399475 0
1691143925231 1.8068535327911377 0
1691143925318 1.8629283905029297 0
1691143925400 1.9387331008911133 0
1691143925566 1.9730010032653809 0
