1693563159516 0.8479834794998169 0
1693563159832 0.8521199822425842 0
1693563160150 0.8552223443984985 0
1693563160470 0.8562564849853516 0
1693563160790 0.8262668251991272 0
1693563161107 0.8169596791267395 0
1693563161422 0.8148913979530334 0
1693563161737 0.8076525330543518 0
1693563162058 0.8407445549964905 0
1693563162378 0.8790072202682495 0
1693563162694 0.9058945178985596 0
1693563162887 0.9058945178985596 0
1693563162998 0.9214063882827759 0
1693563163237 0.9307135343551636 0
1693563163595 0.9307135343551636 0
1693563163830 0.9555325508117676 0
1693563163984 0.975180983543396 0
1693563164057 0.9669079780578613 0
1693563164127 0.9669079780578613 0
1693563164198 0.9948293566703796 0
