1707473408007 0.690992001564272 0
1707473408047 0.6588562169382649 0
1707473408087 0.5540655514886302 0
1707473408128 0.4332950557431867 0
1707473408173 0.4005756118605214 0
1707473408214 0.39370866744749006 0
1707473408259 0.3924052849892647 0
1707473408306 0.39196112559687707 0
1707473408349 0.3917534255212353 0
1707473408392 0.3914383428712045 0
1707473408431 0.3912187699348696 0
1707473408471 0.39097817674759894 0
1707473408520 0.3907372490052254 0
1707473408568 0.3905296450661075 0
1707473408620 0.3902795430152647 0
1707473408671 0.3900129920051944 0
1707473408712 0.3896386921405792 0
1707473408753 0.38940558029759315 0
1707473408792 0.38900986794502507 0
1707473408842 0.3886748254299164 0
1707473408887 0.38824140833270165 0
1707473408928 0.3878841082895956 0
1707473408968 0.38736857906464606 0
1707473409014 0.3868971563154651 0
1707473409055 0.38635620667088416 0
1707473409101 0.38586103243212544 0
