1726222340161 0.6947515830397606 0
1726222340212 0.6906371600925922 0
1726222340259 0.6862107291817665 0
1726222340309 0.6807775795459747 0
1726222340439 0.6734427213668823 0
1726222340482 0.663005206733942 0
1726222340524 0.6479500569403172 0
1726222340568 0.6271326765418053 0
1726222340612 0.5995110459625721 0
1726222340654 0.5648847073316574 0
1726222340800 0.5250454358756542 0
1726222340844 0.484509838744998 0
1726222340900 0.44923916831612587 0
1726222340967 0.42392042838037014 0
1726222341034 0.4089870899915695 0
1726222341199 0.4015863984823227 0
1726222341317 0.3980891779065132 0
1726222341362 0.39620452374219894 0
1726222341406 0.3949846364557743 0
1726222341451 0.39421425946056843 0
1726222341501 0.3936324566602707 0
1726222341550 0.3932372350245714 0
1726222341681 0.3929786365479231 0
1726222341726 0.3927673250436783 0
1726222341770 0.39260464161634445 0
1726222341814 0.39249674789607525 0
1726222341859 0.39241855777800083 0
1726222341904 0.3923562169075012 0
1726222341973 0.39228053018450737 0
1726222342012 0.3922464679926634 0
1726222342051 0.39219316840171814 0
1726222342094 0.3921478819102049 0
1726222342143 0.3921036086976528 0
