1718359881356 0.8207171559333801 0
1718359881418 0.7808765172958374 0
1718359881483 0.788844645023346 0
1718359881549 0.9422310590744019 0
1718359881622 0.958167314529419 0
1718359881699 0.951195240020752 0
1718359881766 0.9810757040977478 0
1718359881833 1.0298805236816406 0
1718359881900 1.0199203491210938 0
1718359881963 1.0507968664169312 0
1718359882045 1.0846613645553589 0
1718359882150 1.116533875465393 0
1718359882267 1.1762948036193848 0
1718359882333 1.1962151527404785 0
1718359882403 1.25896418094635 0
1718359882471 1.268924355506897 0
1718359882740 1.2948206663131714 0
1718359882806 1.3954182863235474 0
