1718359881348 0.6799807865172625 0
1718359881409 0.5669490033760667 0
1718359881473 0.4098381781950593 0
1718359881539 0.3939705463126302 0
1718359881612 0.3926593065261841 0
1718359881690 0.392412087880075 0
1718359881757 0.3921835971996188 0
1718359881823 0.3919943906366825 0
1718359881890 0.39168015867471695 0
1718359881955 0.3915063953027129 0
1718359882034 0.39115658681839705 0
1718359882139 0.39095119293779135 0
1718359882257 0.3905915478244424 0
1718359882325 0.39032959286123514 0
1718359882393 0.3899320214986801 0
1718359882462 0.3895365847274661 0
1718359882730 0.38910622894763947 0
1718359882797 0.38863005116581917 0
