1682678948517 0.6750355859597524 0
1682678948592 0.6437158604462941 0
1682678948665 0.5650568842887879 0
1682678948745 0.4532564580440521 0
1682678948852 0.4060650457938512 0
1682678948926 0.39679764608542123 0
1682678949002 0.39380139907201134 0
1682678949076 0.3928665369749069 0
1682678949151 0.3924174984296163 0
1682678949223 0.3922149350245794 0
1682678949297 0.39205295145511626 0
1682678949370 0.3919062246878942 0
1682678949443 0.39176809291044873 0
1682678949513 0.39157850841681163 0
1682678949586 0.39144205550352734 0
