1719569443608 0.8339959979057312 0
1719569443640 0.8320079445838928 0
1719569443670 0.8369781374931335 0
1719569443699 0.820079505443573 0
1719569443728 0.820079505443573 0
1719569443763 0.8141152858734131 0
1719569443792 0.8230616450309753 0
1719569443826 0.7793240547180176 0
1719569443856 0.7803180813789368 0
1719569443885 0.7862823009490967 0
1719569443914 0.7773360013961792 0
1719569443943 0.781312108039856 0
1719569443972 0.775347888469696 0
1719569444001 0.7743538618087769 0
1719569444030 0.7783300280570984 0
1719569444059 0.7773360013961792 0
1719569444088 0.7773360013961792 0
1719569444116 0.7783300280570984 0
1719569444145 0.7773360013961792 0
1719569444174 0.77634197473526 0
1719569444203 0.7793240547180176 0
1719569444233 0.7882703542709351 0
1719569444262 0.7823061347007751 0
1719569444292 0.7912524938583374 0
1719569444322 0.7862823009490967 0
1719569444475 0.807157039642334 0
1719569444505 0.8399602174758911 0
1719569444534 0.8548707962036133 0
1719569444562 0.8737574815750122 0
1719569444591 0.8936381936073303 0
