1719569443598 0.6914751753211021 0
1719569443633 0.6875015497207642 0
1719569443662 0.6830397769808769 0
1719569443691 0.6775496378540993 0
1719569443720 0.6703467592597008 0
1719569443754 0.6605760827660561 0
1719569443784 0.6470651403069496 0
1719569443816 0.6288483217358589 0
1719569443848 0.6053446531295776 0
1719569443877 0.5770249217748642 0
1719569443906 0.5451502352952957 0
1719569443935 0.5121111385524273 0
1719569443964 0.4807297959923744 0
1719569443993 0.4540172256529331 0
1719569444022 0.43408747389912605 0
1719569444051 0.42064277082681656 0
1719569444080 0.4123258516192436 0
1719569444108 0.4070293940603733 0
1719569444137 0.4033752456307411 0
1719569444166 0.4005303867161274 0
1719569444195 0.3983018547296524 0
1719569444224 0.3966577425599098 0
1719569444254 0.39547303691506386 0
1719569444284 0.39455167204141617 0
1719569444314 0.39388710632920265 0
1719569444467 0.3934175595641136 0
1719569444497 0.3930596336722374 0
1719569444525 0.3927876204252243 0
1719569444554 0.39257340878248215 0
1719569444583 0.3924070745706558 0
