1682678955736 0.6914347261190414 0
1682678955785 0.6850316002964973 0
1682678955817 0.677193321287632 0
1682678955848 0.6672757640480995 0
1682678955879 0.6541081890463829 0
1682678955909 0.6371394991874695 0
1682678955941 0.6154428869485855 0
1682678955972 0.5885550379753113 0
1682678956007 0.5577148050069809 0
1682678956036 0.524832084774971 0
1682678956065 0.49187034368515015 0
1682678956095 0.46270957216620445 0
1682678956125 0.43971969932317734 0
1682678956155 0.42306891456246376 0
1682678956186 0.4133608154952526 0
1682678956217 0.40733981505036354 0
1682678956249 0.4033494293689728 0
1682678956280 0.4002825431525707 0
1682678956311 0.39826955646276474 0
1682678956342 0.3966101221740246 0
1682678956373 0.3952040784060955 0
1682678956404 0.3943241275846958 0
1682678956435 0.39382795989513397 0
1682678956467 0.3934035189449787 0
1682678956498 0.3929990753531456 0
1682678956531 0.39274994656443596 0
1682678956562 0.39269524812698364 0
1682678956594 0.39248334616422653 0
1682678956626 0.392449464648962 0
1682678956658 0.39222556725144386 0
1682678956689 0.3921130709350109 0
1682678956719 0.3919936753809452 0
1682678956750 0.3919403702020645 0
