1726222334336 0.8651574850082397 0
1726222334394 0.8208661675453186 0
1726222334531 0.8090550899505615 0
1726222334600 0.8267716765403748 0
1726222334658 0.8986220359802246 0
1726222334714 0.960629940032959 0
1726222334768 0.9645669460296631 0
1726222334830 0.9744094610214233 0
1726222334886 1.010826826095581 0
1726222334940 1.0295275449752808 0
1726222334992 1.0255905389785767 0
1726222335045 1.0570865869522095 0
1726222335098 1.0777559280395508 0
1726222335151 1.0994094610214233 0
1726222335221 1.131889820098877 0
1726222335279 1.1368110179901123 0
1726222335335 1.1879920959472656 0
1726222335393 1.1840550899505615 0
1726222335492 1.2303149700164795 0
1726222335561 1.241141676902771 0
