1729851168245 0.6841881573200226 0
1729851168288 0.6702772751450539 0
1729851168328 0.6438388377428055 0
1729851168365 0.5987509302794933 0
1729851168406 0.5383091792464256 0
1729851168443 0.47902864404022694 0
1729851168488 0.44118133559823036 0
1729851168528 0.42226809449493885 0
1729851168566 0.4109929632395506 0
1729851168602 0.40372332744300365 0
1729851168639 0.39920300990343094 0
1729851168675 0.39637999422848225 0
1729851168712 0.3946415092796087 0
1729851168749 0.3935391530394554 0
1729851168786 0.39280216954648495 0
1729851168823 0.3923494275659323 0
1729851168869 0.3920133728533983 0
1729851168910 0.3917730674147606 0
1729851168947 0.39155828580260277 0
1729851168983 0.39135419204831123 0
1729851169020 0.39121429063379765 0
1729851169059 0.39107852429151535 0
1729851169097 0.39094866439700127 0
1729851169134 0.39075456373393536 0
1729851169170 0.3906283788383007 0
1729851169207 0.39044350385665894 0
1729851169243 0.39031451009213924 0
1729851169279 0.39013953134417534 0
1729851169316 0.3899959307163954 0
1729851169352 0.3897963594645262 0
1729851169388 0.3896258007735014 0
1729851169424 0.38942874781787395 0
