1729851168256 0.7522037029266357 0
1729851168298 0.7806072235107422 0
1729851168337 0.769833505153656 0
1729851168374 0.7580803036689758 0
1729851168415 0.754162609577179 0
1729851168452 0.754162609577179 0
1729851168499 0.753183126449585 0
1729851168537 0.7571008801460266 0
1729851168575 0.7571008801460266 0
1729851168611 0.7580803036689758 0
1729851168648 0.7600391507148743 0
1729851168684 0.7747306823730469 0
1729851168721 0.7766895294189453 0
1729851168758 0.8129284977912903 0
1729851168795 0.8432908654212952 0
1729851168833 0.9030362367630005 0
1729851168878 0.9461312294006348 0
1729851168919 0.9813907742500305 0
1729851168956 1.0323212146759033 0
1729851168993 1.063663125038147 0
1729851169029 1.0920666456222534 0
1729851169068 1.0812928676605225 0
1729851169106 1.068560242652893 0
1729851169143 1.1194907426834106 0
1729851169179 1.1116552352905273 0
1729851169216 1.1439764499664307 0
1729851169252 1.1684622764587402 0
1729851169288 1.2017630338668823 0
1729851169325 1.1958863735198975 0
1729851169361 1.2350636720657349 0
1729851169397 1.231145977973938 0
1729851169433 1.2566111087799072 0
