1726222329719 0.6948776766657829 0
1726222329770 0.684943463653326 0
1726222329816 0.6678947508335114 0
1726222329862 0.6299703530967236 0
1726222329917 0.5586295556277037 0
1726222329977 0.4784815674647689 0
1726222330033 0.4305346217006445 0
1726222330085 0.41113241482526064 0
1726222330132 0.4024945432320237 0
1726222330177 0.39790863264352083 0
1726222330225 0.3954782588407397 0
1726222330277 0.3941065650433302 0
1726222330325 0.39336912520229816 0
1726222330385 0.3928991286084056 0
1726222330436 0.39266360830515623 0
1726222330488 0.3925085198134184 0
1726222330536 0.3923574239015579 0
1726222330581 0.39223804976791143 0
1726222330627 0.39216681476682425 0
1726222330672 0.3920848276466131 0
1726222330717 0.39201874379068613 0
1726222330763 0.39191500656306744 0
1726222330809 0.39186502806842327 0
1726222330855 0.39181105699390173 0
1726222330902 0.391737244091928 0
1726222330952 0.39170424919575453 0
1726222331010 0.39164195768535137 0
1726222331060 0.39156954269856215 0
1726222331112 0.3915109829977155 0
1726222331163 0.3914177380502224 0
1726222331213 0.39134689047932625 0
1726222331265 0.39127631951123476 0
1726222331318 0.3912181928753853 0
