1728641555168 0.828262984752655 0
1728641555220 0.8174681067466736 0
1728641555271 0.8243376016616821 0
1728641555319 0.826300323009491 0
1728641555367 0.8331697583198547 0
1728641555416 0.8380765318870544 0
1728641555464 0.845927357673645 0
1728641555513 0.8488714694976807 0
1728641555561 0.8684985041618347 0
1728641555610 0.9146221876144409 0
1728641555658 0.9430814385414124 0
1728641555707 0.98233562707901 0
1728641555755 1.0284593105316162 0
1728641555802 1.0186457633972168 0
1728641555850 1.0314033031463623 0
1728641555899 1.0745829343795776 0
1728641555948 1.0755642652511597 0
1728641555996 1.0873404741287231 0
1728641556045 1.1157997846603394 0
1728641556093 1.1079490184783936 0
1728641556148 1.1491658687591553 0
1728641556197 1.1776251792907715 0
1728641556248 1.191364049911499 0
1728641556297 1.1805691719055176 0
1728641556347 1.2227674722671509 0
1728641556398 1.2453385591506958 0
1728641556448 1.2423944473266602 0
