1700215810934 0.6906022541224957 0
1700215810977 0.682919092476368 0
1700215811014 0.6722999289631844 0
1700215811052 0.6545163355767727 0
1700215811091 0.6230691485106945 0
1700215811128 0.5722715519368649 0
1700215811166 0.5065722763538361 0
1700215811202 0.44602575339376926 0
1700215811239 0.4112886246293783 0
1700215811276 0.39956927485764027 0
1700215811315 0.39640372060239315 0
1700215811352 0.39480726048350334 0
1700215811388 0.39345178939402103 0
1700215811424 0.39314598962664604 0
1700215811462 0.39280562847852707 0
1700215811501 0.3925948292016983 0
1700215811544 0.3923617172986269 0
1700215811585 0.3923751451075077 0
1700215811621 0.39222191646695137 0
1700215811657 0.3921153172850609 0
1700215811693 0.39199288189411163 0
1700215811729 0.39203077368438244 0
1700215811765 0.3918023928999901 0
1700215811802 0.3917635418474674 0
1700215811838 0.39172043837606907 0
1700215811874 0.39163851365447044 0
1700215811910 0.39139451272785664 0
1700215811947 0.3913417998701334 0
1700215811982 0.39142312854528427 0
1700215812018 0.39124206081032753 0
1700215812053 0.39116001315414906 0
1700215812089 0.3911562096327543 0
1700215812131 0.3910220954567194 0
1700215812171 0.3909138012677431 0
1700215812209 0.3907599374651909 0
1700215812248 0.3906743861734867 0
1700215812286 0.3906052689999342 0
1700215812324 0.3905125595629215 0
1700215812363 0.39036222733557224 0
1700215812399 0.39028417877852917 0
1700215812436 0.3901213798671961 0
1700215812473 0.3899752199649811 0
1700215812509 0.3898678719997406 0
1700215812550 0.3898328896611929 0
1700215812589 0.3896160367876291 0
1700215812627 0.38945422507822514 0
