1728036742443 0.8123772144317627 0
1728036742480 0.810412585735321 0
1728036742515 0.8045186400413513 0
1728036742552 0.8025540113449097 0
1728036742588 0.800589382648468 0
1728036742666 0.816306471824646 0
1728036742721 0.8271119594573975 0
1728036742754 0.832023561000824 0
1728036742789 0.8212180733680725 0
1728036742822 0.8123772144317627 0
1728036742889 0.8055009841918945 0
1728036742954 0.8192534446716309 0
1728036742988 0.8025540113449097 0
1728036743023 0.8113948702812195 0
1728036743057 0.7956777811050415 0
1728036743091 0.8084479570388794 0
1728036743151 0.8123772144317627 0
1728036743219 0.8241650462150574 0
1728036743252 0.8241650462150574 0
1728036743288 0.8290766477584839 0
1728036743323 0.8271119594573975 0
1728036743377 0.8202357292175293 0
1728036743425 0.8192534446716309 0
1728036743470 0.8241650462150574 0
1728036743502 0.8202357292175293 0
1728036743536 0.8231827020645142 0
1728036743570 0.8310412764549255 0
1728036743618 0.8231827020645142 0
1728036743680 0.8231827020645142 0
1728036743725 0.8280943036079407 0
1728036743757 0.8310412764549255 0
1728036743791 0.826129674911499 0
1728036743824 0.826129674911499 0
1728036743880 0.8280943036079407 0
1728036743939 0.8300589323043823 0
1728036743978 0.832023561000824 0
1728036744011 0.8330059051513672 0
1728036744044 0.8339881896972656 0
1728036744077 0.8339881896972656 0
1728036744132 0.8330059051513672 0
1728036744197 0.835952877998352 0
1728036744232 0.8339881896972656 0
1728036744266 0.8339881896972656 0
1728036744301 0.8349705338478088 0
1728036744342 0.8330059051513672 0
1728036744403 0.8339881896972656 0
1728036744438 0.8349705338478088 0
1728036744474 0.8369351625442505 0
1728036744504 0.8398821353912354 0
1728036744537 0.8388997912406921 0
1728036744573 0.8388997912406921 0
1728036744605 0.8408644199371338 0
1728036744643 0.8388997912406921 0
1728036744676 0.8388997912406921 0
1728036744709 0.8379175066947937 0
1728036744740 0.8408644199371338 0
1728036744773 0.8398821353912354 0
1728036744803 0.8388997912406921 0
1728036744833 0.8369351625442505 0
1728036744863 0.841846764087677 0
1728036744893 0.847740650177002 0
1728036744923 0.85166996717453 0
1728036744953 0.8565815091133118 0
1728036744985 0.8634577393531799 0
1728036745017 0.8713163137435913 0
1728036745049 0.873280942440033 0
1728036745088 0.8791748285293579 0
1728036745121 0.8860510587692261 0
1728036745153 0.8801571726799011 0
1728036745185 0.8840864300727844 0
1728036745218 0.8811395168304443 0
1728036745250 0.8919450044631958 0
1728036745282 0.8929272890090942 0
1728036745314 0.8978388905525208 0
1728036745346 0.898821234703064 0
1728036745504 0.8948919177055359 0
1728036745537 0.8909626603126526 0
