1697796681942 0.80781090259552 0
1697796681994 0.7913669347763062 0
1697796682050 0.7780061960220337 0
1697796682104 0.769784152507782 0
1697796682156 0.7636176943778992 0
1697796682207 0.7584789395332336 0
1697796682266 0.752312421798706 0
1697796682314 0.761562168598175 0
1697796682361 0.7574511766433716 0
1697796682413 0.8458375930786133 0
1697796682461 0.9095580577850342 0
1697796682513 0.935251772403717 0
1697796682560 0.9362795352935791 0
1697796682614 0.9455292820930481 0
1697796682663 0.9701952934265137 0
1697796682712 0.9475848078727722 0
1697796682762 0.963001012802124 0
1697796682813 0.9701952934265137 0
1697796682855 0.9763617515563965 0
1697796682896 1.0092496871948242 0
1697796682943 1.0277491807937622 0
1697796682984 1.0390545129776 0
1697796683030 1.047276496887207 0
1697796683083 1.0524152517318726 0
1697796683118 1.0832476615905762 0
1697796683170 1.0729701519012451 0
1697796683218 1.0750256776809692 0
1697796683265 1.09969162940979 0
1697796683319 1.126413106918335 0
1697796683361 1.136690616607666 0
