1708078283851 0.8513650298118591 0
1708078283916 0.8149645924568176 0
1708078283978 0.808897852897644 0
1708078284042 0.8099089860916138 0
1708078284105 0.8624873757362366 0
1708078284169 0.9423660039901733 0
1708078284233 1.0 0
1708078284297 1.0101112127304077 0
1708078284397 1.0637006759643555 0
1708078284524 1.0940344333648682 0
1708078284707 1.1213346719741821 0
1708078284777 1.1850353479385376 0
1708078284842 1.1648129224777222 0
1708078284908 1.2426693439483643 0
1708078284971 1.2143579721450806 0
1708078285035 1.300303339958191 0
1708078285099 1.3286147117614746 0
1708078285165 1.3225480318069458 0
1708078285229 1.3993933200836182 0
1708078285357 1.3923155069351196 0
1708078285430 1.4327603578567505 0
1708078285495 1.4499495029449463 0
1708078285559 1.5096056461334229 0
1708078285626 1.5096056461334229 0
1708078285692 1.5510616302490234 0
1708078285758 1.560161828994751 0
1708078285825 1.5935288667678833 0
1708078285892 1.583417534828186 0
1708078286002 1.6137512922286987 0
