1706868667699 0.8014184236526489 0
1706868667737 0.7973657250404358 0
1706868667774 0.825734555721283 0
1706868667812 0.8176291584968567 0
1706868667846 0.783181369304657 0
1706868667878 0.7872340679168701 0
1706868667911 0.7852076888084412 0
1706868667944 0.7841945290565491 0
1706868667977 0.7852076888084412 0
1706868668010 0.783181369304657 0
1706868668043 0.7841945290565491 0
1706868668076 0.7821682095527649 0
1706868668109 0.8054711222648621 0
1706868668143 0.8429584503173828 0
1706868668176 0.8591691851615906 0
1706868668209 0.8804457783699036 0
1706868668242 0.9067882299423218 0
1706868668275 0.9209726452827454 0
1706868668309 0.936170220375061 0
1706868668342 0.9564336538314819 0
1706868668375 0.9898682832717896 0
1706868668408 1.001013159751892 0
1706868668441 1.0111448764801025 0
1706868668474 1.0334346294403076 0
1706868668507 1.0344477891921997 0
1706868668539 1.0395137071609497 0
1706868668573 1.0385005474090576 0
1706868668639 1.068895697593689 0
1706868668672 1.064842939376831 0
1706868668704 1.0749746561050415 0
1706868668735 1.1003040075302124 0
1706868668768 1.112462043762207 0
1706868668801 1.127659559249878 0
1706868668834 1.1448835134506226 0
1706868668867 1.1884498596191406 0
1706868668900 1.192502498626709 0
1706868668933 1.2107396125793457 0
1706868668966 1.2320162057876587 0
1706868668999 1.241134762763977 0
1706868669033 1.2492401599884033 0
