1704449397620 0.8118005990982056 0
1704449397650 0.7975584864616394 0
1704449397679 0.800610363483429 0
1704449397711 0.8301119208335876 0
1704449397744 0.808748722076416 0
1704449397777 0.8026449680328369 0
1704449397806 0.8168870806694031 0
1704449397835 0.8392675518989563 0
1704449397865 0.8443540334701538 0
1704449397895 0.8555442690849304 0
1704449397926 0.8891149759292603 0
1704449397956 0.9226856827735901 0
1704449397985 0.9491353034973145 0
1704449398015 0.954221785068512 0
1704449398045 0.9532044529914856 0
1704449398075 0.9816886782646179 0
1704449398106 0.9959308505058289 0
1704449398136 0.9918616414070129 0
1704449398166 1.004069209098816 0
1704449398197 1.0610376596450806 0
1704449398229 1.0661240816116333 0
1704449398265 1.0742624998092651 0
1704449398301 1.109867811203003 0
1704449398334 1.1108850240707397 0
1704449398366 1.0905392169952393 0
1704449398396 1.1739572286605835 0
1704449398424 1.1627670526504517 0
1704449398505 1.2085453271865845 0
1704449398535 1.2044761180877686 0
1704449398565 1.23906409740448 0
1704449398595 1.2899287939071655 0
