1704449397614 0.6850543059408665 0
1704449397644 0.6718986928462982 0
1704449397674 0.644251137971878 0
1704449397705 0.5904322899878025 0
1704449397737 0.5141214802861214 0
1704449397772 0.4491221010684967 0
1704449397801 0.41874401830136776 0
1704449397830 0.4054089840501547 0
1704449397859 0.39892171509563923 0
1704449397890 0.39559037052094936 0
1704449397920 0.39369197376072407 0
1704449397951 0.39290304854512215 0
1704449397980 0.3923766203224659 0
1704449398010 0.3920556642115116 0
1704449398039 0.39185373298823833 0
1704449398069 0.3917262330651283 0
1704449398100 0.39155910536646843 0
1704449398130 0.3912506978958845 0
1704449398160 0.39124755561351776 0
1704449398191 0.39114444330334663 0
1704449398222 0.39095947332680225 0
1704449398258 0.39069419354200363 0
1704449398294 0.39048342779278755 0
1704449398328 0.39029015973210335 0
1704449398361 0.39015085250139236 0
1704449398390 0.3898496273905039 0
1704449398419 0.3895939029753208 0
1704449398456 0.38941895961761475 0
1704449398529 0.3890768811106682 0
1704449398559 0.38882760517299175 0
1704449398590 0.3885559979826212 0
