1721383885505 0.7996031641960144 0
1721383885536 0.8025793433189392 0
1721383885568 0.7976190447807312 0
1721383885599 0.773809552192688 0
1721383885630 0.7926587462425232 0
1721383885662 0.7986111044883728 0
1721383885693 0.800595223903656 0
1721383885724 0.7946428656578064 0
1721383885755 0.8095238208770752 0
1721383885787 0.8025793433189392 0
1721383885818 0.7876983880996704 0
1721383885849 0.7926587462425232 0
1721383885880 0.79067462682724 0
1721383885911 0.7867063283920288 0
1721383885942 0.7867063283920288 0
1721383885973 0.7867063283920288 0
1721383886004 0.7966269850730896 0
1721383886035 0.8164682388305664 0
1721383886066 0.8392857313156128 0
1721383886097 0.8551587462425232 0
1721383886129 0.8938491940498352 0
1721383886160 0.91567462682724 0
1721383886191 0.9246031641960144 0
1721383886222 0.9246031641960144 0
1721383886253 0.9077380895614624 0
1721383886284 0.9216269850730896 0
1721383886315 0.9226190447807312 0
1721383886345 0.9275793433189392 0
1721383886376 0.9345238208770752 0
1721383886409 0.9484127163887024 0
1721383886441 0.95932537317276 0
1721383886476 0.954365074634552 0
1721383886508 0.971230149269104 0
1721383886539 0.9920634627342224 0
1721383886571 0.988095223903656 0
1721383886602 0.9920634627342224 0
1721383886633 0.9900793433189392 0
1721383886664 1.0079364776611328 0
