1721383885497 0.6913900822401047 0
1721383885528 0.6866067573428154 0
1721383885560 0.6806396842002869 0
1721383885591 0.6725728213787079 0
1721383885622 0.661274716258049 0
1721383885654 0.645316369831562 0
1721383885685 0.6231421753764153 0
1721383885716 0.593497708439827 0
1721383885748 0.5562843605875969 0
1721383885779 0.514019601047039 0
1721383885810 0.4720788300037384 0
1721383885841 0.4374450631439686 0
1721383885872 0.4148145020008087 0
1721383885903 0.4036844037473202 0
1721383885934 0.39925871789455414 0
1721383885965 0.39704209566116333 0
1721383885996 0.3954073116183281 0
1721383886027 0.39420752599835396 0
1721383886058 0.393537987023592 0
1721383886089 0.3930828124284744 0
1721383886121 0.3927972912788391 0
1721383886152 0.3926311284303665 0
1721383886183 0.39248181506991386 0
1721383886214 0.39238833263516426 0
1721383886245 0.3923230618238449 0
1721383886276 0.39225274696946144 0
1721383886307 0.392190370708704 0
1721383886337 0.3921378627419472 0
1721383886368 0.39209195598959923 0
1721383886400 0.392022717744112 0
1721383886433 0.3919695131480694 0
1721383886468 0.39193054288625717 0
1721383886500 0.3918679244816303 0
1721383886531 0.3917985297739506 0
1721383886563 0.3917423114180565 0
1721383886594 0.39169958233833313 0
1721383886625 0.39165041968226433 0
1721383886656 0.3915896788239479 0
