1700215806967 0.6910747960209846 0
1700215806997 0.687303826212883 0
1700215807026 0.6831190064549446 0
1700215807053 0.6782804131507874 0
1700215807081 0.6725378930568695 0
1700215807109 0.6652432829141617 0
1700215807138 0.6560973450541496 0
1700215807167 0.6444123685359955 0
1700215807196 0.6294516623020172 0
1700215807235 0.6109118536114693 0
1700215807263 0.5878941789269447 0
1700215807291 0.5610502287745476 0
1700215807320 0.5309155955910683 0
1700215807348 0.4994923658668995 0
1700215807376 0.4694570191204548 0
1700215807405 0.44331349059939384 0
1700215807432 0.4233440160751343 0
1700215807460 0.41006728261709213 0
1700215807487 0.402663204818964 0
1700215807515 0.39897698536515236 0
1700215807542 0.3970011696219444 0
1700215807570 0.3957921415567398 0
1700215807597 0.394926767796278 0
1700215807625 0.39430760592222214 0
1700215807652 0.3937097191810608 0
1700215807680 0.39331069588661194 0
1700215807707 0.3929665647447109 0
1700215807734 0.3927926607429981 0
1700215807762 0.39262305572628975 0
1700215807790 0.39258358255028725 0
1700215807818 0.3924124240875244 0
1700215807845 0.392331276088953 0
1700215807873 0.39224646985530853 0
1700215807900 0.39220213517546654 0
1700215807927 0.39213764667510986 0
1700215807959 0.3920518718659878 0
