1700215806972 0.8024564981460571 0
1700215807002 0.810644805431366 0
1700215807030 0.8188331723213196 0
1700215807058 0.8075742125511169 0
1700215807086 0.8065506815910339 0
1700215807114 0.8075742125511169 0
1700215807143 0.8157625198364258 0
1700215807172 0.8167860507965088 0
1700215807201 0.8167860507965088 0
1700215807240 0.8229273557662964 0
1700215807268 0.8188331723213196 0
1700215807296 0.8075742125511169 0
1700215807324 0.8126919269561768 0
1700215807353 0.8075742125511169 0
1700215807381 0.8126919269561768 0
1700215807409 0.8004094362258911 0
1700215807437 0.7993858456611633 0
1700215807465 0.8024564981460571 0
1700215807492 0.8239508867263794 0
1700215807519 0.8270214796066284 0
1700215807548 0.8208802342414856 0
1700215807575 0.8137154579162598 0
1700215807602 0.8198567032814026 0
1700215807630 0.8137154579162598 0
1700215807657 0.8341862559318542 0
1700215807685 0.8474923372268677 0
1700215807712 0.8567041754722595 0
1700215807739 0.872057318687439 0
1700215807767 0.8945752382278442 0
1700215807795 0.899692952632904 0
1700215807823 0.8945752382278442 0
1700215807850 0.9099283814430237 0
1700215807878 0.9242579340934753 0
1700215807905 0.9140225052833557 0
1700215807933 0.9222108721733093 0
1700215807965 0.9273285865783691 0
