1694167817254 0.6955724284052849 0
1694167817286 0.6931580528616905 0
1694167817318 0.6906314119696617 0
1694167817354 0.6877212822437286 0
1694167817386 0.6841127350926399 0
1694167817418 0.679738961160183 0
1694167817450 0.6738379523158073 0
1694167817483 0.6663889512419701 0
1694167817515 0.65696020424366 0
1694167817547 0.645122118294239 0
1694167817579 0.6310369446873665 0
1694167817612 0.6142581924796104 0
1694167817643 0.594769686460495 0
1694167817675 0.5730417668819427 0
1694167817707 0.5493625700473785 0
1694167817739 0.5252871289849281 0
1694167817771 0.5011236593127251 0
1694167817803 0.47837618738412857 0
1694167817836 0.4581094905734062 0
1694167817868 0.44144298136234283 0
1694167817899 0.42842915654182434 0
1694167817932 0.4187605269253254 0
1694167817965 0.41190439462661743 0
1694167817997 0.40698302909731865 0
1694167818029 0.4036124646663666 0
1694167818061 0.4010438807308674 0
1694167818094 0.3993063010275364 0
1694167818126 0.39796607196331024 0
1694167818157 0.3966582715511322 0
1694167818188 0.39572178199887276 0
1694167818220 0.3949679024517536 0
1694167818253 0.3943861164152622 0
1694167818284 0.3939428925514221 0
1694167818316 0.3935277909040451 0
1694167818348 0.3932666778564453 0
1694167818381 0.39301353693008423 0
1694167818418 0.39282746985554695 0
1694167818452 0.3926139660179615 0
1694167818484 0.39247478172183037 0
1694167818515 0.3923352621495724 0
1694167818547 0.3923126608133316 0
1694167818580 0.3922126591205597 0
1694167818612 0.39214320480823517 0
1694167818645 0.3920438662171364 0
1694167818677 0.3920084349811077 0
1694167818714 0.39188722521066666 0
1694167818746 0.391868494451046 0
1694167818779 0.3918090648949146 0
1694167818812 0.3917710706591606 0
1694167818845 0.3917102627456188 0
1694167818876 0.39170771464705467 0
1694167818909 0.39163822680711746 0
1694167818941 0.3915652334690094 0
1694167818974 0.3915460743010044 0
1694167819007 0.39150259271264076 0
1694167819038 0.3914913758635521 0
1694167819070 0.39140184968709946 0
1694167819102 0.39140594378113747 0
1694167819132 0.39131371676921844 0
1694167819163 0.3912639915943146 0
1694167819194 0.3912365064024925 0
1694167819225 0.39120298624038696 0
1694167819256 0.39113155752420425 0
1694167819288 0.3911617733538151 0
1694167819320 0.39104508236050606 0
1694167819351 0.3910023532807827 0
1694167819384 0.39096593856811523 0
1694167819416 0.3909677751362324 0
