1702030263698 0.6885293051600456 0
1702030263748 0.6793647333979607 0
1702030263799 0.6652166470885277 0
1702030263850 0.6435855478048325 0
1702030263903 0.6125344038009644 0
1702030263954 0.5726281404495239 0
1702030264008 0.5272846668958664 0
1702030264062 0.4845791831612587 0
1702030264114 0.45204147696495056 0
1702030264167 0.4317639321088791 0
1702030264218 0.4192177578806877 0
1702030264270 0.41056354343891144 0
1702030264323 0.40421484783291817 0
1702030264375 0.39992427825927734 0
1702030264422 0.39721377938985825 0
1702030264571 0.39543580636382103 0
1702030264625 0.39413993805646896 0
1702030264673 0.39327409118413925 0
1702030264728 0.3926904574036598 0
1702030264780 0.392328217625618 0
1702030264831 0.39199238643050194 0
1702030264885 0.39179719239473343 0
1702030264937 0.3916494995355606 0
1702030264985 0.39149485528469086 0
1702030265032 0.39140934869647026 0
1702030265079 0.3912491165101528 0
1702030265125 0.39113204181194305 0
1702030265175 0.3909760192036629 0
1702030265324 0.3908972404897213 0
1702030265354 0.39080965518951416 0
1702030265384 0.39064355194568634 0
1702030265417 0.39052290096879005 0
1702030265468 0.3904360868036747 0
1702030265696 0.3902881294488907 0
1702030265735 0.3901849202811718 0
1702030265760 0.39000793918967247 0
1702030265787 0.3899672105908394 0
1702030265858 0.38981304690241814 0
1702030265971 0.389642171561718 0
1702030266000 0.3894835114479065 0
1702030266034 0.38936205953359604 0
