1711102279098 0.6826904527842999 0
1711102279164 0.6310740876942873 0
1711102279216 0.5043607000261545 0
1711102279274 0.4061621483415365 0
1711102279333 0.39543454349040985 0
1711102279381 0.39329911302775145 0
1711102279423 0.39290272165089846 0
1711102279467 0.3926948355510831 0
1711102279509 0.3923620227724314 0
1711102279559 0.3922261679545045 0
1711102279604 0.39250050857663155 0
1711102279646 0.39189725182950497 0
1711102279688 0.39194130524992943 0
1711102279731 0.39180347230285406 0
1711102279839 0.39123507495969534 0
1711102279910 0.39112417213618755 0
1711102279985 0.39112435188144445 0
1711102280038 0.3910701433196664 0
1711102280087 0.3904987331479788 0
1711102280131 0.3904926609247923 0
1711102280194 0.39012287743389606 0
1711102280265 0.3900996809825301 0
1711102280323 0.38981845416128635 0
