1720779072027 0.7807539701461792 0
1720779072070 0.7857142686843872 0
1720779072110 0.7996031641960144 0
1720779072147 0.8134920597076416 0
1720779072185 0.817460298538208 0
1720779072272 0.8065476417541504 0
1720779072308 0.8263888955116272 0
1720779072390 0.8382936716079712 0
1720779072465 0.8373016119003296 0
1720779072506 0.8591269850730896 0
1720779072547 0.8789682388305664 0
1720779072588 0.8958333134651184 0
1720779072628 0.9513888955116272 0
1720779072673 0.97817462682724 0
1720779072718 0.9871031641960144 0
1720779072761 1.0019841194152832 0
1720779072806 1.0079364776611328 0
1720779072889 1.0466269254684448 0
1720779072971 1.0753967761993408 0
1720779073023 1.077380895614624 0
1720779073066 1.096230149269104 0
1720779073172 1.1121032238006592 0
1720779073231 1.1498016119003296 0
1720779073272 1.1617063283920288 0
1720779073313 1.1785714626312256 0
1720779073356 1.216269850730896 0
1720779073391 1.2172619104385376 0
1720779073427 1.2609126567840576 0
1720779073468 1.2748016119003296 0
1720779073514 1.3045635223388672 0
1720779073552 1.3164682388305664 0
