1714731270919 0.6753193885087967 0
1714731270985 0.6223845817148685 0
1714731271050 0.49736128002405167 0
1714731271114 0.4038309007883072 0
1714731271176 0.3961076308041811 0
1714731271236 0.39301133900880814 0
1714731271294 0.39240181632339954 0
1714731271353 0.3921590279787779 0
1714731271414 0.3918808363378048 0
1714731271481 0.3916635885834694 0
1714731271543 0.3914004750549793 0
1714731271607 0.39116885513067245 0
1714731271678 0.3909047655761242 0
1714731271773 0.39066629111766815 0
1714731271839 0.39030683785676956 0
1714731271931 0.3899604622274637 0
1714731272019 0.38960058987140656 0
1714731272107 0.38920990005135536 0
1714731272185 0.38877869956195354 0
1714731272273 0.38822090812027454 0
1714731272341 0.38764746859669685 0
1714731272402 0.3871203791350126 0
