1695982256788 0.6656101134515577 0
1695982256867 0.5830737794599226 0
1695982256965 0.4314210895569094 0
1695982257182 0.39524930042605244 0
1695982257264 0.3930485296633936 0
1695982257341 0.39275081599912337 0
1695982257422 0.39255425526249793 0
1695982257554 0.3922504696153825 0
1695982257692 0.39200020893927545 0
1695982257875 0.3916929412272669 0
1695982257958 0.39144882559776306 0
1695982258121 0.3911305444855844 0
1695982258199 0.3908137361849508 0
1695982258280 0.39070429148212554 0
1695982258357 0.39032295057850497 0
1695982258434 0.3900834148929965 0
1695982258513 0.3897472408510024 0
1695982258590 0.38943115165156705 0
1695982258759 0.3890342049060329 0
1695982258846 0.38862788869488624 0
1695982258938 0.38831215135512814 0
1695982259017 0.3878787967466539 0
1695982259155 0.3874759404889999 0
1695982259297 0.3869409753430274 0
1695982259451 0.3865444189117801 0
1695982259673 0.3860135261089571 0
1695982259758 0.38552675420238125 0
