1695982276236 0.8146240711212158 0
1695982276274 0.8218331336975098 0
1695982276311 0.8156539797782898 0
1695982276350 0.8146240711212158 0
1695982276388 0.8115345239639282 0
1695982276426 0.8135942220687866 0
1695982276464 0.8063851594924927 0
1695982276502 0.786817729473114 0
1695982276541 0.7641606330871582 0
1695982276578 0.7548918724060059 0
1695982276616 0.7672502398490906 0
1695982276654 0.786817729473114 0
1695982276693 0.7765190601348877 0
1695982276731 0.786817729473114 0
1695982276770 0.792996883392334 0
1695982276808 0.7909371852874756 0
1695982276847 0.7960864901542664 0
1695982276886 0.8012358546257019 0
1695982276924 0.7981462478637695 0
1695982276963 0.7960864901542664 0
1695982277002 0.7971163988113403 0
1695982277039 0.7991760969161987 0
1695982277076 0.8084449172019958 0
1695982277114 0.809474766254425 0
1695982277152 0.8125643730163574 0
1695982277190 0.816683828830719 0
1695982277228 0.8156539797782898 0
1695982277267 0.8125643730163574 0
1695982277304 0.8115345239639282 0
1695982277343 0.809474766254425 0
1695982277381 0.809474766254425 0
1695982277419 0.8084449172019958 0
1695982277457 0.816683828830719 0
1695982277494 0.8125643730163574 0
1695982277532 0.8259526491165161 0
1695982277570 0.8290421962738037 0
1695982277607 0.83934086561203 0
1695982277646 0.8506693840026855 0
1695982277684 0.8609680533409119 0
1695982277722 0.8578784465789795 0
1695982277760 0.8568485975265503 0
1695982277798 0.8650875091552734 0
1695982277836 0.89289391040802 0
1695982277875 0.9031925797462463 0
1695982277913 0.9011328816413879 0
1695982277952 0.8908342123031616 0
1695982277990 0.9021627306938171 0
1695982278030 0.9145210981369019 0
1695982278071 0.923789918422699 0
1695982278109 0.9186405539512634 0
1695982278148 0.9124614000320435 0
1695982278187 0.923789918422699 0
1695982278226 0.9073120355606079 0
1695982278265 0.9134912490844727 0
1695982278304 0.9124614000320435 0
1695982278344 0.9083419442176819 0
1695982278383 0.9155510067939758 0
1695982278422 0.9196704626083374 0
1695982278510 0.9104016423225403 0
1695982278578 0.9124614000320435 0
1695982278677 0.9176107048988342 0
1695982278739 0.9268795251846313 0
1695982278798 0.9217301607131958 0
1695982278854 0.9186405539512634 0
1695982278917 0.9258496165275574 0
1695982278974 0.9392378926277161 0
1695982279030 0.9505664110183716 0
1695982279089 0.9515963196754456 0
1695982279150 0.9557157754898071 0
1695982279216 0.9680741429328918 0
1695982279273 0.9557157754898071 0
1695982279327 0.9433573484420776 0
1695982279383 0.953656017780304 0
1695982279440 0.9474768042564392 0
1695982279490 0.9649845361709595 0
