1712311960365 0.8301507830619812 0
1712311960412 0.8050251007080078 0
1712311960461 0.787939727306366 0
1712311960506 0.7768844366073608 0
1712311960551 0.7698492407798767 0
1712311960596 0.7608039975166321 0
1712311960641 0.7658291459083557 0
1712311960687 0.7688442468643188 0
1712311960732 0.7618090510368347 0
1712311960778 0.7768844366073608 0
1712311960825 0.808040201663971 0
1712311960871 0.8361809253692627 0
1712311960917 0.8462311625480652 0
1712311960962 0.839195966720581 0
1712311961007 0.8954774141311646 0
1712311961051 0.9105527400970459 0
1712311961097 0.9236180782318115 0
1712311961144 0.9738693237304688 0
1712311961189 0.9507537484169006 0
1712311961235 0.9417085647583008 0
1712311961280 0.9608040452003479 0
1712311961327 0.9979899525642395 0
1712311961373 1.0 0
1712311961424 1.0100502967834473 0
1712311961472 1.0090452432632446 0
