1712311960356 0.6839331015944481 0
1712311960404 0.6677226312458515 0
1712311960453 0.6408056914806366 0
1712311960499 0.5968914180994034 0
1712311960543 0.5366678237915039 0
1712311960588 0.4744506273418665 0
1712311960634 0.4306271132081747 0
1712311960679 0.4095510058104992 0
1712311960724 0.4009924177080393 0
1712311960770 0.39686882495880127 0
1712311960817 0.39473132230341434 0
1712311960863 0.39371404983103275 0
1712311960909 0.39309101924300194 0
1712311960954 0.3926630709320307 0
1712311960999 0.39244661293923855 0
1712311961044 0.39223095774650574 0
1712311961089 0.3920963201671839 0
1712311961136 0.39199989289045334 0
1712311961181 0.39184141904115677 0
1712311961227 0.39173481799662113 0
1712311961273 0.3916255608201027 0
1712311961319 0.3915117606520653 0
1712311961365 0.3914017416536808 0
1712311961416 0.3913244176656008 0
1712311961463 0.3912330400198698 0
