1718359889008 0.6878287941217422 0
1718359889046 0.6806649342179298 0
1718359889081 0.6702141389250755 0
1718359889114 0.6524455770850182 0
1718359889147 0.6220971643924713 0
1718359889182 0.5743504911661148 0
1718359889213 0.5109106488525867 0
1718359889246 0.4478451535105705 0
1718359889276 0.41088660433888435 0
1718359889307 0.40222301334142685 0
1718359889356 0.3995001092553139 0
1718359889392 0.3951915204524994 0
1718359889432 0.3933199867606163 0
1718359889473 0.39289385825395584 0
1718359889512 0.3925786763429642 0
1718359889548 0.39235811308026314 0
1718359889586 0.3922584764659405 0
1718359889623 0.39217444881796837 0
1718359889657 0.39209409803152084 0
1718359889695 0.39202575385570526 0
1718359889729 0.39193612709641457 0
1718359889763 0.39186639338731766 0
1718359889798 0.3917918764054775 0
1718359889838 0.3917100541293621 0
1718359889876 0.3916172422468662 0
1718359889914 0.3915475383400917 0
1718359889952 0.39145392552018166 0
