1710497385715 0.6923162043094635 0
1710497385756 0.68361034989357 0
1710497385791 0.672550268471241 0
1710497385821 0.6554524898529053 0
1710497385902 0.6269070357084274 0
1710497385948 0.5813449844717979 0
1710497385984 0.5195083431899548 0
1710497386015 0.4549653008580208 0
1710497386043 0.4135264754295349 0
1710497386074 0.40240176767110825 0
1710497386101 0.4000215604901314 0
1710497386128 0.39568523317575455 0
1710497386155 0.3933839425444603 0
1710497386183 0.3928661458194256 0
1710497386210 0.39253898710012436 0
1710497386242 0.39228450506925583 0
1710497386270 0.3921634294092655 0
1710497386299 0.3920985646545887 0
1710497386327 0.39198826253414154 0
1710497386355 0.3919392451643944 0
1710497386383 0.3918467238545418 0
1710497386410 0.3918115496635437 0
1710497386438 0.39169564098119736 0
1710497386465 0.39165380597114563 0
1710497386492 0.3916105031967163 0
