1720779097881 0.6923223324120045 0
1720779097936 0.6447002850472927 0
1720779098026 0.5306558581069112 0
1720779098073 0.429750245064497 0
1720779098121 0.40049823373556137 0
1720779098192 0.39393339212983847 0
1720779098255 0.3924386380240321 0
1720779098300 0.3919958733022213 0
1720779098346 0.3916139751672745 0
1720779098393 0.3913980284705758 0
1720779098441 0.3911367664113641 0
1720779098494 0.3909823317080736 0
1720779098539 0.39058725349605083 0
1720779098584 0.3903241287916899 0
1720779098629 0.38995821215212345 0
1720779098674 0.38957333751022816 0
