1708078272232 0.8139534592628479 0
1708078272276 0.812942385673523 0
1708078272319 0.8169868588447571 0
1708078272362 0.8250758051872253 0
1708078272406 0.8270980715751648 0
1708078272451 0.8473204970359802 0
1708078272509 0.8493427634239197 0
1708078272554 0.8554095029830933 0
1708078272598 0.8665318489074707 0
1708078272643 0.8695651888847351 0
1708078272687 0.8665318489074707 0
1708078272732 0.8614762425422668 0
1708078272775 0.8766430616378784 0
1708078272818 0.8958544135093689 0
1708078272862 0.9322547912597656 0
1708078272905 0.9342770576477051 0
1708078272947 0.9312436580657959 0
1708078272990 0.9413549304008484 0
1708078273037 0.9534883499145508 0
1708078273080 0.95652174949646 0
1708078273125 0.9625884890556335 0
1708078273168 0.9706774353981018 0
1708078273210 0.973710834980011 0
1708078273252 0.9666329622268677 0
1708078273295 0.9747219681739807 0
1708078273337 1.0111223459243774 0
1708078273378 1.0141557455062866 0
1708078273464 1.0171890258789062 0
1708078273539 1.025278091430664 0
1708078273581 1.0535894632339478 0
1708078273623 1.0535894632339478 0
1708078273666 1.0677452087402344 0
1708078273711 1.0697674751281738 0
1708078273813 1.065722942352295 0
1708078273860 1.0707786083221436 0
1708078273906 1.0798786878585815 0
1708078274026 1.0849342346191406 0
1708078274089 1.1172901391983032 0
1708078274172 1.1011122465133667 0
1708078274302 1.1142568588256836 0
1708078274345 1.116279125213623 0
1708078274390 1.1577351093292236 0
1708078274433 1.1506571769714355 0
1708078274478 1.1587462425231934 0
1708078274522 1.1668351888656616 0
1708078274575 1.1789686679840088 0
1708078274667 1.2082911729812622 0
1708078274712 1.2113245725631714 0
1708078274757 1.221435785293579 0
1708078274801 1.2123357057571411 0
1708078274845 1.2264914512634277 0
1708078274886 1.2467138767242432 0
1708078274927 1.2497472763061523 0
