1723198373054 0.7843719124794006 0
1723198373115 0.755687415599823 0
1723198373182 0.7596439123153687 0
1723198373253 0.758654773235321 0
1723198373312 0.7903066277503967 0
1723198373372 0.860534131526947 0
1723198373429 0.8813056349754333 0
1723198373487 0.9169139266014099 0
1723198373548 0.9159248471260071 0
1723198373606 0.9396637082099915 0
1723198373664 0.9584569931030273 0
1723198373722 0.9663699269294739 0
1723198373785 0.9940652847290039 0
1723198373856 0.9871414303779602 0
1723198373916 1.0286844968795776 0
1723198373976 1.0286844968795776 0
1723198374032 1.0722057819366455 0
1723198374093 1.1028684377670288 0
1723198374150 1.1364985704421997 0
1723198374207 1.1503461599349976 0
1723198374264 1.1819980144500732 0
1723198374321 1.1988130807876587 0
1723198374378 1.2482690811157227 0
1723198374436 1.23244309425354 0
