1705054256032 0.7621951103210449 0
1705054256068 0.7764227390289307 0
1705054256103 0.7876016497612 0
1705054256139 0.7886179089546204 0
1705054256179 0.7997967600822449 0
1705054256244 0.8241869807243347 0
1705054256337 0.8211382031440735 0
1705054256377 0.8434959053993225 0
1705054256414 0.8353658318519592 0
1705054256450 0.8262194991111755 0
1705054256551 0.8485772609710693 0
1705054256643 0.8373983502388 0
1705054256713 0.8313007950782776 0
1705054256747 0.8231707215309143 0
1705054256787 0.832317054271698 0
1705054256832 0.8384146094322205 0
1705054256873 0.8343495726585388 0
1705054256914 0.8373983502388 0
1705054257080 0.852642297744751 0
1705054257190 0.8678861856460571 0
1705054257319 0.857723593711853 0
1705054257357 0.8709349632263184 0
1705054257392 0.8760162591934204 0
1705054257430 0.9186992049217224 0
1705054257548 0.9308943152427673 0
1705054257674 0.9288617968559265 0
1705054257766 0.9552845358848572 0
1705054257861 0.922764241695404 0
1705054257948 0.9461382031440735 0
1705054257985 0.952235758304596 0
1705054258020 0.9491869807243347 0
