1705054256025 0.6946097873151302 0
1705054256061 0.689654964953661 0
1705054256096 0.6836076527833939 0
1705054256132 0.6749884411692619 0
1705054256171 0.6612166911363602 0
1705054256236 0.6393093653023243 0
1705054256328 0.6080762259662151 0
1705054256370 0.5671673193573952 0
1705054256407 0.5215569604188204 0
1705054256444 0.47803602553904057 0
1705054256542 0.44416795298457146 0
1705054256636 0.4228139631450176 0
1705054256706 0.41039820574223995 0
1705054256741 0.40413999557495117 0
1705054256778 0.40005585737526417 0
1705054256825 0.3974928464740515 0
1705054256865 0.3955654986202717 0
1705054256906 0.39461134374141693 0
1705054256945 0.3937992174178362 0
1705054257180 0.3933368865400553 0
1705054257310 0.392952524125576 0
1705054257350 0.39275538735091686 0
1705054257385 0.39255040138959885 0
1705054257422 0.3924697805196047 0
1705054257537 0.3923928700387478 0
1705054257663 0.39229486510157585 0
1705054257756 0.3922975156456232 0
1705054257852 0.3923100009560585 0
1705054257939 0.3921698369085789 0
1705054257979 0.3921518698334694 0
1705054258014 0.3921050764620304 0
