1732270428623 0.7990244030952454 0
1732270428664 0.795121967792511 0
1732270428703 0.8068292737007141 0
1732270428745 0.8224390149116516 0
1732270428786 0.8399999737739563 0
1732270428829 0.8009756207466125 0
1732270428868 0.8195121884346008 0
1732270428907 0.8058536648750305 0
1732270428953 0.8136585354804993 0
1732270429005 0.8126829266548157 0
1732270429057 0.8156097531318665 0
1732270429107 0.8175609707832336 0
1732270429150 0.8243902325630188 0
1732270429217 0.8156097531318665 0
1732270429272 0.8009756207466125 0
1732270429324 0.7873170971870422 0
1732270429365 0.8156097531318665 0
1732270429416 0.8399999737739563 0
1732270429458 0.8819512128829956 0
1732270429500 0.9073171019554138 0
1732270429540 0.9004877805709839 0
1732270429582 0.9229268431663513 0
1732270429628 0.9395121932029724 0
1732270429676 0.9414634108543396 0
1732270429723 0.9151219725608826 0
1732270429766 0.9473170638084412 0
1732270429814 0.968780517578125 0
