1706263842967 0.7677484750747681 0
1706263843012 0.7576065063476562 0
1706263843058 0.7403650879859924 0
1706263843103 0.7363083362579346 0
1706263843147 0.7464503049850464 0
1706263843191 0.796146035194397 0
1706263843237 0.8782961368560791 0
1706263843283 0.9107505083084106 0
1706263843354 0.9290060997009277 0
1706263843400 0.9442190527915955 0
1706263843446 0.9330628514289856 0
1706263843495 0.9634888172149658 0
1706263843540 0.9492900371551514 0
1706263843586 1.0 0
1706263843632 1.0111562013626099 0
1706263843680 1.0141987800598145 0
1706263843727 0.9969574213027954 0
1706263843773 1.0425963401794434 0
1706263843820 1.076064944267273 0
1706263843866 1.0801217555999756 0
1706263843914 1.0791075229644775 0
1706263843961 1.1044625043869019 0
1706263844008 1.091277837753296 0
1706263844056 1.158215045928955 0
1706263844104 1.1430020332336426 0
1706263844150 1.1348884105682373 0
1706263844196 1.1724138259887695 0
1706263844242 1.2302231788635254 0
1706263844290 1.2535496950149536 0
1706263844337 1.251521348953247 0
