1706263842959 0.6796379014849663 0
1706263843005 0.6475280076265335 0
1706263843051 0.5772626549005508 0
1706263843096 0.4672598037868738 0
1706263843140 0.4055677931755781 0
1706263843185 0.3976173400878906 0
1706263843230 0.39351198822259903 0
1706263843276 0.39291392266750336 0
1706263843327 0.392531068995595 0
1706263843393 0.39242387004196644 0
1706263843438 0.39227219484746456 0
1706263843487 0.39225102588534355 0
1706263843533 0.39213563315570354 0
1706263843579 0.3919791579246521 0
1706263843625 0.39188449271023273 0
1706263843673 0.39168113097548485 0
1706263843719 0.3916403092443943 0
1706263843766 0.39153365790843964 0
1706263843813 0.3913540057837963 0
1706263843859 0.39112599566578865 0
1706263843907 0.391160449013114 0
1706263843954 0.390929302200675 0
1706263844000 0.390689205378294 0
1706263844048 0.3905990459024906 0
1706263844097 0.3903838489204645 0
1706263844143 0.3901884015649557 0
1706263844189 0.3900905605405569 0
1706263844235 0.3898579068481922 0
1706263844283 0.3896075915545225 0
1706263844329 0.3893597163259983 0
