1691748851068 0.702821746468544 0
1691748851154 0.6998529024422169 0
1691748851234 0.6973906084895134 0
1691748851323 0.6942293681204319 0
1691748851403 0.6903267912566662 0
1691748851499 0.6852231360971928 0
1691748851589 0.6785846576094627 0
1691748851684 0.6702325120568275 0
1691748851764 0.659456517547369 0
1691748851857 0.6450564153492451 0
1691748851935 0.6274064779281616 0
1691748852024 0.6069065257906914 0
1691748852159 0.5831924676895142 0
1691748852249 0.556273128837347 0
1691748852328 0.5291081555187702 0
1691748852394 0.5028035026043653 0
1691748852482 0.4796781912446022 0
1691748852559 0.45818149484694004 0
1691748852635 0.4421342182904482 0
1691748852704 0.42926247604191303 0
1691748852749 0.4206329267472029 0
1691748853005 0.4139902163296938 0
1691748853088 0.40968397818505764 0
1691748853179 0.4064628519117832 0
1691748853260 0.4024219363927841 0
1691748853366 0.401476314291358 0
1691748853440 0.39925530552864075 0
1691748853507 0.39736977964639664 0
1691748853612 0.3972431290894747 0
1691748853691 0.39652297645807266 0
1691748853774 0.39507438242435455 0
1691748853857 0.394782692193985 0
1691748854021 0.3937714323401451 0
1691748854070 0.3938345033675432 0
1691748854119 0.39367986656725407 0
1691748854210 0.3930852860212326 0
1691748854263 0.39229646511375904 0
1691748854537 0.3931351210922003 0
1691748855218 0.3925458490848541 0
1691748855324 0.3925897963345051 0
1691748855440 0.39288529194891453 0
1691748855597 0.39192574098706245 0
1691748855730 0.39229744113981724 0
1691748855816 0.392108166590333 0
1691748855900 0.39216023311018944 0
1691748855990 0.3920792303979397 0
1691748856073 0.39172227308154106 0
1691748856153 0.3918440658599138 0
1691748856236 0.39172941632568836 0
1691748856362 0.3916395027190447 0
1691748856483 0.39145767502486706 0
1691748856631 0.3913866709917784 0
1691748856724 0.39169400185346603 0
1691748856795 0.3914316315203905 0
1691748856872 0.3913124892860651 0
