1694167801041 0.8326446413993835 0
1694167801096 0.8502066135406494 0
1694167801151 0.83574378490448 0
1694167801205 0.8419421315193176 0
1694167801263 0.836776852607727 0
1694167801318 0.8471074104309082 0
1694167801372 0.8708677887916565 0
1694167801426 0.9059917330741882 0
1694167801482 0.961776852607727 0
1694167801536 0.9669421315193176 0
1694167801589 1.0123966932296753 0
1694167801642 1.029958724975586 0
1694167801696 1.0754132270812988 0
1694167801750 1.0609503984451294 0
1694167801804 1.094008207321167 0
1694167801857 1.0671488046646118 0
1694167801913 1.1280992031097412 0
1694167801966 1.1508264541625977 0
1694167802019 1.1787190437316895 0
1694167802072 1.1983470916748047 0
