1699611074636 0.7612704634666443 0
1699611074681 0.7827869057655334 0
1699611074725 0.7868852615356445 0
1699611074769 0.811475396156311 0
1699611074809 0.8084016442298889 0
1699611074849 0.8319672346115112 0
1699611074890 0.8514344096183777 0
1699611074935 0.8975409865379333 0
1699611074974 0.8831967115402222 0
1699611075015 0.9108606576919556 0
1699611075054 0.9293032884597778 0
1699611075094 0.9508196711540222 0
1699611075133 0.9375 0
1699611075171 0.9559426307678223 0
1699611075211 0.9979507923126221 0
1699611075250 0.9815573692321777 0
1699611075289 0.9897540807723999 0
1699611075328 1.013319730758667 0
1699611075366 1.0153688192367554 0
1699611075405 1.0297131538391113 0
1699611075443 1.051229476928711 0
1699611075481 1.0389344692230225 0
