1699611074631 0.6716057023694438 0
1699611074675 0.6441323987899288 0
1699611074720 0.5715230664899272 0
1699611074764 0.46498764426477496 0
1699611074804 0.40950697083627025 0
1699611074844 0.3981095225580277 0
1699611074885 0.3946655373419485 0
1699611074930 0.39334370051660844 0
1699611074969 0.39284867432809645 0
1699611075010 0.39264512831164944 0
1699611075049 0.3925397799861047 0
1699611075089 0.39238350910525166 0
1699611075128 0.39232321900706135 0
1699611075166 0.3922061199142087 0
1699611075206 0.3920972943305969 0
1699611075245 0.39201948719639934 0
1699611075284 0.3918952836144355 0
1699611075323 0.3918259470693527 0
1699611075361 0.39174480688187385 0
1699611075400 0.3916111203931993 0
1699611075438 0.3914949836269502 0
1699611075476 0.39141436834489146 0
