1732875214187 0.6862830850813124 0
1732875214235 0.6714233623610603 0
1732875214274 0.6484801636801826 0
1732875214313 0.6080524259143405 0
1732875214351 0.5489242143101163 0
1732875214389 0.4696097605758243 0
1732875214428 0.4152679873837365 0
1732875214467 0.39855923255284625 0
1732875214538 0.3983260889848073 0
1732875214580 0.39480455054177177 0
1732875214621 0.39313674635357326 0
1732875214661 0.39286625385284424 0
1732875214700 0.3926054537296295 0
1732875214739 0.3918684356742435 0
1732875214778 0.39266543255911934 0
1732875214817 0.39316480689578587 0
