1705054271363 0.695865161716938 0
1705054271404 0.6850951313972473 0
1705054271520 0.6675122976303101 0
1705054271594 0.6358600631356239 0
1705054271625 0.5842481702566147 0
1705054271659 0.5150782652199268 0
1705054271691 0.44913865625858307 0
1705054271721 0.4136693850159645 0
1705054271752 0.4047466143965721 0
1705054271784 0.39889421686530113 0
1705054271815 0.3940531127154827 0
1705054271849 0.39274080097675323 0
1705054271885 0.3922998048365116 0
1705054271920 0.3919864073395729 0
1705054271953 0.39175546541810036 0
1705054271987 0.3916143625974655 0
1705054272037 0.3914780430495739 0
1705054272071 0.39135444164276123 0
1705054272111 0.39123258739709854 0
1705054272146 0.39107198268175125 0
1705054272178 0.3909705802798271 0
1705054272211 0.3908029533922672 0
1705054272344 0.3906554728746414 0
1705054272386 0.39052096381783485 0
1705054272427 0.39030084386467934 0
1705054272468 0.39015423879027367 0
1705054272577 0.3899284526705742 0
1705054272733 0.3897160328924656 0
1705054272779 0.38950395211577415 0
