1687515120233 0.6854141429066658 0
1687515120316 0.6795841977000237 0
1687515120390 0.6726681590080261 0
1687515120484 0.6636381968855858 0
1687515120571 0.6513092145323753 0
1687515120700 0.6339303478598595 0
1687515120812 0.6097977682948112 0
1687515121044 0.5787154212594032 0
1687515121090 0.5410645976662636 0
1687515121138 0.5011079646646976 0
1687515121175 0.46399083361029625 0
1687515121210 0.4350134916603565 0
1687515121242 0.4159950092434883 0
1687515121278 0.40627192333340645 0
1687515121310 0.4014565646648407 0
1687515121343 0.39799118787050247 0
1687515121377 0.39558220282197 0
1687515121411 0.39425796642899513 0
1687515121444 0.39334309473633766 0
1687515121500 0.39263008162379265 0
1687515121538 0.39242836833000183 0
1687515121571 0.3921597860753536 0
1687515121605 0.3919755592942238 0
1687515121639 0.39195582270622253 0
1687515121679 0.39187563955783844 0
1687515121794 0.39180613681674004 0
1687515121846 0.39170070737600327 0
1687515121899 0.39163563773036003 0
1687515121950 0.39152491092681885 0
1687515121982 0.39145370572805405 0
1687515122013 0.3914205804467201 0
1687515122044 0.39138592779636383 0
1687515122076 0.39131036028265953 0
1687515122108 0.39124327525496483 0
1687515122141 0.39118440821766853 0
1687515122174 0.3911394402384758 0
1687515122207 0.39107080176472664 0
1687515122239 0.3908981755375862 0
1687515122272 0.39091145247220993 0
1687515122305 0.39085647463798523 0
1687515122337 0.39075448364019394 0
1687515122369 0.3907107710838318 0
1687515122401 0.3905520923435688 0
1687515122433 0.39054149761796 0
1687515122465 0.3904608115553856 0
