1687515120246 0.800626277923584 0
1687515120334 0.8194154500961304 0
1687515120395 0.8194154500961304 0
1687515120499 0.8308976888656616 0
1687515120577 0.8173277378082275 0
1687515120706 0.818371593952179 0
1687515120885 0.8225469589233398 0
1687515121049 0.8215031027793884 0
1687515121100 0.8162839412689209 0
1687515121143 0.8277661800384521 0
1687515121180 0.8371607661247253 0
1687515121214 0.8455114960670471 0
1687515121248 0.849686861038208 0
1687515121282 0.8465553522109985 0
1687515121315 0.8423799872398376 0
1687515121347 0.8371607661247253 0
1687515121382 0.8413361310958862 0
1687515121415 0.8486430048942566 0
1687515121449 0.8653444647789001 0
1687515121505 0.893528163433075 0
1687515121542 0.8997912406921387 0
1687515121576 0.893528163433075 0
1687515121610 0.9175365567207336 0
1687515121644 0.9039666056632996 0
1687515121702 0.9352818131446838 0
1687515121803 0.9572024941444397 0
1687515121850 0.9728600978851318 0
1687515121904 0.980167031288147 0
1687515121955 0.9916492700576782 0
1687515121986 0.9926931262016296 0
1687515122017 1.0125261545181274 0
1687515122049 1.015657663345337 0
1687515122080 1.013569951057434 0
1687515122112 1.0187891721725464 0
1687515122146 1.0177452564239502 0
1687515122179 1.0365344285964966 0
1687515122211 1.0313152074813843 0
1687515122244 1.0605428218841553 0
1687515122277 1.0709812641143799 0
1687515122309 1.0563673973083496 0
1687515122341 1.090814232826233 0
1687515122373 1.0866388082504272 0
1687515122406 1.0793319940567017 0
1687515122438 1.1002087593078613 0
1687515122470 1.1189979314804077 0
