1729851183180 0.6899219527840614 0
1729851183216 0.6881076171994209 0
1729851183348 0.686291515827179 0
1729851183384 0.6843407228589058 0
1729851183420 0.6821324229240417 0
1729851183456 0.6795277446508408 0
1729851183572 0.6763420924544334 0
1729851183613 0.6723837032914162 0
1729851183651 0.6673727110028267 0
1729851183687 0.6610365584492683 0
1729851183725 0.6530868783593178 0
1729851183763 0.6432905867695808 0
1729851183798 0.6313998475670815 0
1729851183835 0.6173940822482109 0
1729851183940 0.6012575030326843 0
1729851183986 0.5831477269530296 0
1729851184022 0.5633964389562607 0
1729851184057 0.542420856654644 0
1729851184093 0.5210482999682426 0
1729851184198 0.5000229142606258 0
1729851184238 0.4802618473768234 0
1729851184275 0.4624832272529602 0
1729851184311 0.4472682364284992 0
1729851184349 0.4347779080271721 0
1729851184390 0.4249647371470928 0
1729851184428 0.41752200946211815 0
1729851184465 0.41201992705464363 0
1729851184602 0.4079664684832096 0
1729851184637 0.404971182346344 0
1729851184673 0.4026954397559166 0
1729851184708 0.4009157456457615 0
1729851184744 0.39946578070521355 0
1729851184781 0.3982823044061661 0
1729851184818 0.3973081111907959 0
1729851184975 0.39646390080451965 0
1729851185011 0.39576711878180504 0
1729851185046 0.3951905742287636 0
1729851185082 0.3946773484349251 0
1729851185118 0.39427466318011284 0
1729851185154 0.3939196914434433 0
1729851185191 0.39362741634249687 0
1729851185226 0.3933747783303261 0
1729851185263 0.39315366744995117 0
1729851185299 0.3929649777710438 0
1729851185334 0.3928128704428673 0
1729851185481 0.3926742151379585 0
1729851185519 0.3925587236881256 0
1729851185558 0.3924551084637642 0
1729851185624 0.3923611417412758 0
1729851185659 0.39227674528956413 0
1729851185694 0.3922077491879463 0
1729851185764 0.3921482153236866 0
1729851185900 0.3920876756310463 0
1729851185982 0.3920316956937313 0
1729851186018 0.39198437333106995 0
1729851186054 0.3919401653110981 0
1729851186089 0.3918944299221039 0
1729851186127 0.39186472818255424 0
1729851186163 0.391825832426548 0
1729851186199 0.3917801193892956 0
1729851186236 0.39174551516771317 0
1729851186276 0.39171789214015007 0
1729851186316 0.3916826955974102 0
1729851186391 0.3916475996375084 0
1729851186479 0.3916183263063431 0
1729851186518 0.3915814571082592 0
1729851186554 0.391548216342926 0
1729851186591 0.3915177099406719 0
1729851186626 0.39148523658514023 0
1729851186662 0.39145417138934135 0
1729851186698 0.39142709597945213 0
1729851186798 0.3913946971297264 0
1729851186922 0.3913593888282776 0
1729851186986 0.39132559299468994 0
1729851187024 0.39129675552248955 0
1729851187063 0.39125724509358406 0
1729851187099 0.3912311978638172 0
