1683281470681 0.6969505667686462 0
1683281470720 0.6937017003695171 0
1683281470759 0.6902234673500061 0
1683281470797 0.6861113945643107 0
1683281470835 0.6807500004768372 0
1683281470873 0.6734711329142252 0
1683281470910 0.663054358959198 0
1683281470949 0.6479092637697855 0
1683281470988 0.6264804164568584 0
1683281471027 0.5975245714187623 0
1683281471066 0.5616963823636373 0
1683281471105 0.5218313813209534 0
1683281471143 0.4827461759249369 0
1683281471183 0.44939443469047546 0
1683281471222 0.42529086470603944 0
1683281471261 0.4107434789339701 0
1683281471380 0.4031598965326945 0
1683281471419 0.3994353433450063 0
1683281471459 0.3973397254943848 0
1683281471498 0.3960135579109192 0
1683281471538 0.3950811286767324 0
1683281471578 0.39437981843948366 0
1683281471618 0.393864365418752 0
1683281471697 0.39348352551460264 0
1683281471792 0.3931777199109395 0
1683281471861 0.39296720226605736 0
1683281471943 0.3927932361761729 0
1683281472020 0.39266878366470337 0
1683281472090 0.3925772249698639 0
1683281472168 0.3924761116504669 0
1683281472252 0.39240626295407616 0
1683281472338 0.3923508961995443 0
1683281472410 0.39229816595713296 0
1683281472488 0.3922458867232005 0
1683281472569 0.3921997010707855 0
1683281472646 0.3921659449736277 0
1683281472722 0.39212726751963295 0
1683281472806 0.3920828282833099 0
1683281472881 0.3920559744040171 0
1683281472954 0.3920139253139496 0
1683281473051 0.3919599692026774 0
1683281473150 0.391920930147171 0
1683281473258 0.3919057031472524 0
1683281473315 0.3918518086274465 0
