1726222348914 0.8425197005271912 0
1726222348957 0.8287401795387268 0
1726222348999 0.8238189220428467 0
1726222349049 0.8316929340362549 0
1726222349091 0.8297244310379028 0
1726222349134 0.8257874250411987 0
1726222349179 0.8415354490280151 0
1726222349223 0.8405511975288391 0
1726222349267 0.9242125749588013 0
1726222349311 0.9527559280395508 0
1726222349354 0.9803149700164795 0
1726222349397 1.0029528141021729 0
1726222349445 1.0226378440856934 0
1726222349494 1.039370059967041 0
1726222349548 1.0541338920593262 0
1726222349595 1.0718504190444946 0
1726222349662 1.1082676649093628 0
