1688724741125 0.6833491027355194 0
1688724741177 0.6547152176499367 0
1688724741224 0.5967510044574738 0
1688724741274 0.5014597475528717 0
1688724741365 0.4188247285783291 0
1688724741447 0.40600330755114555 0
1688724741538 0.40021657943725586 0
1688724741620 0.3928929790854454 0
1688724741707 0.39319345727562904 0
1688724741787 0.3922332488000393 0
1688724741906 0.3919023238122463 0
1688724742011 0.3915897160768509 0
1688724742097 0.39142122492194176 0
1688724742169 0.39120445773005486 0
1688724742241 0.3910009637475014 0
1688724742326 0.3906855024397373 0
1688724742402 0.39043016359210014 0
