1688724741136 0.7979166507720947 0
1688724741181 0.7770833373069763 0
1688724741228 0.7947916388511658 0
1688724741279 0.8052083253860474 0
1688724741370 0.8260416388511658 0
1688724741460 0.8385416865348816 0
1688724741543 0.8520833253860474 0
1688724741633 0.9177083373069763 0
1688724741711 0.9416666626930237 0
1688724741800 0.9645833373069763 0
1688724741911 0.9937499761581421 0
1688724742027 1.021875023841858 0
1688724742101 1.0583332777023315 0
1688724742174 1.0770833492279053 0
1688724742251 1.0979167222976685 0
1688724742335 1.15625 0
1688724742413 1.146875023841858 0
