1723803211579 0.6915877014398575 0
1723803211636 0.6893831118941307 0
1723803211691 0.6870900616049767 0
1723803211741 0.6844314336776733 0
1723803211787 0.6810457184910774 0
1723803211833 0.676376111805439 0
1723803211881 0.6700282916426659 0
1723803211926 0.6617105677723885 0
1723803211970 0.6509737893939018 0
1723803212018 0.6375755667686462 0
1723803212066 0.6213288754224777 0
1723803212134 0.6022680923342705 0
1723803212187 0.5806110575795174 0
1723803212247 0.5565982609987259 0
1723803212310 0.5313306003808975 0
1723803212386 0.5062346868216991 0
1723803212471 0.4827266298234463 0
1723803212542 0.4624219164252281 0
1723803212603 0.44595059007406235 0
1723803212659 0.4335508160293102 0
1723803212709 0.42441119253635406 0
1723803212769 0.41783208027482033 0
1723803212832 0.4128318540751934 0
1723803212908 0.4089229479432106 0
1723803212988 0.40577929466962814 0
1723803213087 0.40321628004312515 0
1723803213136 0.4011002294719219 0
1723803213193 0.3993985205888748 0
1723803213275 0.3980088531970978 0
1723803213337 0.3968716263771057 0
1723803213397 0.3959420174360275 0
1723803213534 0.39519835263490677 0
1723803213616 0.39458801224827766 0
1723803213681 0.39407243952155113 0
1723803213730 0.39364568144083023 0
1723803213781 0.3933204747736454 0
1723803213828 0.39303256571292877 0
1723803213871 0.392804279923439 0
1723803213914 0.39261264726519585 0
1723803213956 0.39244962483644485 0
1723803214001 0.3923303373157978 0
1723803214058 0.3921990804374218 0
1723803214114 0.3920983597636223 0
1723803214163 0.39201395958662033 0
1723803214298 0.39194533973932266 0
1723803214373 0.3918541856110096 0
1723803214425 0.3918074779212475 0
1723803214474 0.39174455776810646 0
1723803214517 0.3916920945048332 0
1723803214558 0.39163894951343536 0
1723803214599 0.39158986136317253 0
1723803214643 0.3915390595793724 0
1723803214686 0.39149225503206253 0
1723803214729 0.3914594016969204 0
1723803214774 0.3914079889655113 0
1723803214821 0.3913608081638813 0
1723803214867 0.39131297171115875 0
