1718964681675 0.6816171929240227 0
1718964681723 0.6189395114779472 0
1718964681770 0.4720041751861572 0
1718964681817 0.4017105810344219 0
1718964681864 0.3942165058106184 0
1718964681913 0.392980370670557 0
1718964681955 0.3924545608460903 0
1718964681997 0.39207631163299084 0
1718964682043 0.3919340930879116 0
1718964682087 0.3915896099060774 0
1718964682132 0.39140305295586586 0
1718964682176 0.39122492633759975 0
1718964682224 0.3908702526241541 0
1718964682272 0.39057422801852226 0
1718964682321 0.39024447835981846 0
1718964682370 0.389887947589159 0
1718964682419 0.3896134477108717 0
1718964682466 0.38929745741188526 0
1718964682510 0.3887931015342474 0
1718964682554 0.3883808013051748 0
