1701425478949 0.8232890963554382 0
1701425479009 0.8243105411529541 0
1701425479063 0.7803881764411926 0
1701425479116 0.7997956871986389 0
1701425479170 0.798774242401123 0
1701425479233 0.785495400428772 0
1701425479283 0.8100101947784424 0
1701425479343 0.8549540638923645 0
1701425479394 0.8896833658218384 0
1701425479443 0.9193053841590881 0
1701425479487 0.9427987933158875 0
1701425479530 0.9652706980705261 0
1701425479572 0.9765066504478455 0
1701425479615 0.9724208116531372 0
1701425479657 0.9979571104049683 0
1701425479697 1.0061286687850952 0
1701425479739 0.9754852056503296 0
