1701425478939 0.6857703737914562 0
1701425478999 0.6679218709468842 0
1701425479054 0.6254138387739658 0
1701425479108 0.5360066685825586 0
1701425479164 0.43842306546866894 0
1701425479225 0.4038704354315996 0
1701425479274 0.39638664573431015 0
1701425479334 0.3933976460248232 0
1701425479388 0.39277104660868645 0
1701425479437 0.3923792280256748 0
1701425479480 0.39225929975509644 0
1701425479523 0.3922099322080612 0
1701425479566 0.39199885353446007 0
1701425479608 0.3917838837951422 0
1701425479650 0.39175062626600266 0
1701425479691 0.391685551032424 0
1701425479733 0.39145683497190475 0
