1716545488028 0.6962520070374012 0
1716545488060 0.6931953951716423 0
1716545488091 0.6901020742952824 0
1716545488123 0.686857383698225 0
1716545488155 0.6832273229956627 0
1716545488187 0.6788325943052769 0
1716545488218 0.6734355576336384 0
1716545488250 0.6666263751685619 0
1716545488282 0.658264797180891 0
1716545488314 0.647970624268055 0
1716545488346 0.6356251873075962 0
1716545488378 0.6211262680590153 0
1716545488409 0.6042192429304123 0
1716545488441 0.5851975120604038 0
1716545488472 0.5645164772868156 0
1716545488504 0.5428789146244526 0
1716545488535 0.5206594206392765 0
1716545488567 0.49895651638507843 0
1716545488598 0.47883070446550846 0
1716545488630 0.46076542139053345 0
1716545488663 0.4453495442867279 0
1716545488695 0.4330003522336483 0
1716545488726 0.4229933749884367 0
1716545488758 0.41542103700339794 0
1716545488789 0.41006313636898994 0
1716545488820 0.4060728158801794 0
1716545488852 0.4033526014536619 0
1716545488885 0.4011390581727028 0
1716545488916 0.3995188120752573 0
1716545488947 0.39816606044769287 0
1716545488979 0.3973201885819435 0
1716545489011 0.39649735018610954 0
1716545489042 0.3957897983491421 0
1716545489073 0.39523034915328026 0
1716545489105 0.3947003073990345 0
1716545489137 0.394384341314435 0
1716545489168 0.39405910298228264 0
1716545489200 0.39378858730196953 0
1716545489231 0.39355237409472466 0
1716545489263 0.3933488745242357 0
1716545489295 0.39313207380473614 0
1716545489328 0.3930379915982485 0
1716545489359 0.3929240573197603 0
1716545489392 0.3927933946251869 0
1716545489423 0.3927169796079397 0
1716545489455 0.39266151189804077 0
1716545489487 0.39256772212684155 0
1716545489518 0.3925130367279053 0
1716545489550 0.39244718477129936 0
1716545489667 0.39236572198569775 0
1716545489699 0.3923663441091776 0
