1693563144223 0.6945536658167839 0
1693563144464 0.6812764331698418 0
1693563144528 0.6610699370503426 0
1693563144638 0.626674011349678 0
1693563144919 0.5735096409916878 0
1693563145200 0.5043634474277496 0
1693563145481 0.4412865936756134 0
1693563145639 0.41029276698827744 0
1693563145960 0.4043089374899864 0
1693563146240 0.39891036972403526 0
1693563146520 0.3942267745733261 0
1693563146800 0.3930692784488201 0
1693563146874 0.3925790451467037 0
1693563147156 0.3922330141067505 0
1693563147438 0.39213720709085464 0
1693563147720 0.3919304087758064 0
1693563148000 0.39176538586616516 0
1693563148241 0.3916650153696537 0
1693563148521 0.391488678753376 0
1693563148803 0.3913963735103607 0
1693563149044 0.39121074229478836 0
1693563149367 0.3911238759756088 0
