1693563144312 0.7911065220832825 0
1693563144497 0.8035160303115845 0
1693563144574 0.7849017381668091 0
1693563144767 0.7849017381668091 0
1693563145048 0.7828335165977478 0
1693563145327 0.7973112463951111 0
1693563145610 0.8055842518806458 0
1693563145767 0.8014477491378784 0
1693563146088 0.8200620412826538 0
1693563146367 0.8324715495109558 0
1693563146648 0.8624612092971802 0
1693563146845 0.8903826475143433 0
1693563147001 0.9317476749420166 0
1693563147284 0.9544984698295593 0
1693563147567 0.9576008319854736 0
1693563147848 0.9731127023696899 0
1693563148128 0.9906928539276123 0
1693563148370 1.025853157043457 0
1693563148649 1.047569751739502 0
1693563148931 1.0361944437026978 0
1693563149214 1.0558427572250366 0
1693563149494 1.0599793195724487 0
