1693563092914 0.8407445549964905 0
1693563093235 0.912099301815033 0
1693563093556 0.9513960480690002 0
1693563093876 0.9896587133407593 0
1693563094198 1.0558427572250366 0
1693563094517 1.102378487586975 0
1693563094836 1.126163363456726 0
1693563095157 1.2047569751739502 0
1693563095355 1.268872857093811 0
1693563095675 1.4033092260360718 0
1693563095997 1.4374353885650635 0
1693563096318 1.5656670331954956 0
1693563096638 1.6390899419784546 0
1693563096835 1.65770423412323 0
1693563097113 1.7993794679641724 0
1693563097433 1.7807652950286865 0
1693563097755 1.8562564849853516 0
1693563098077 1.922440528869629 0
1693563098397 1.9307135343551636 0
