1688119860881 0.6784043312072754 0
1688119860919 0.6494708135724068 0
1688119860954 0.5948058366775513 0
1688119860989 0.504766970872879 0
1688119861024 0.41833218932151794 0
1688119861058 0.4029109589755535 0
1688119861091 0.4007912911474705 0
1688119861126 0.39315953478217125 0
1688119861160 0.3937232494354248 0
1688119861194 0.39266158267855644 0
1688119861228 0.3922417648136616 0
1688119861266 0.3920825272798538 0
1688119861301 0.39186016097664833 0
1688119861337 0.39178505912423134 0
1688119861372 0.3915462754666805 0
1688119861407 0.3914398103952408 0
1688119861443 0.3912561871111393 0
1688119861478 0.39105356484651566 0
1688119861513 0.3908369913697243 0
1688119861548 0.3907342776656151 0
1688119861583 0.3905286155641079 0
1688119861621 0.3902883604168892 0
