1724407940853 0.6941138170659542 0
1724407940909 0.6790898889303207 0
1724407940960 0.6513082198798656 0
1724407941011 0.5979734323918819 0
1724407941065 0.517415028065443 0
1724407941119 0.4423807431012392 0
1724407941227 0.407927293330431 0
1724407941283 0.39899743907153606 0
1724407941340 0.3950922377407551 0
1724407941396 0.3933316171169281 0
1724407941472 0.3925584815442562 0
1724407941524 0.3921887055039406 0
1724407941623 0.3919343911111355 0
1724407941715 0.39178854413330555 0
1724407941762 0.3915958348661661 0
1724407941806 0.39146725088357925 0
1724407941857 0.3913068622350693 0
1724407941908 0.39113667979836464 0
1724407941961 0.39101570285856724 0
1724407942013 0.3908695727586746 0
1724407942065 0.3906950671225786 0
1724407942122 0.39051004871726036 0
1724407942186 0.39033761620521545 0
1724407942240 0.3901385646313429 0
1724407942299 0.3899270035326481 0
1724407942412 0.38971820287406445 0
1724407942482 0.38950342684984207 0
1724407942541 0.3892758321017027 0
1724407942599 0.389073945581913 0
1724407942659 0.3888357263058424 0
1724407942725 0.38855466432869434 0
1724407942786 0.3882669024169445 0
1724407942850 0.3880120534449816 0
