1687515122546 0.6825966313481331 0
1687515122589 0.6580926924943924 0
1687515122630 0.6126885265111923 0
1687515122670 0.5335071571171284 0
1687515122710 0.4415583908557892 0
1687515122752 0.4045168235898018 0
1687515122794 0.4036405645310879 0
1687515122835 0.3942265398800373 0
1687515122876 0.3929442800581455 0
1687515122917 0.3927159830927849 0
1687515122958 0.39188768342137337 0
1687515122999 0.39176467806100845 0
1687515123040 0.3915853425860405 0
1687515123108 0.3913307636976242 0
1687515123155 0.39116282016038895 0
1687515123200 0.39097510278224945 0
1687515123315 0.39076800644397736 0
