1694772629814 0.680595688521862 0
1694772629858 0.6142727509140968 0
1694772629900 0.480490954592824 0
1694772629943 0.412225479260087 0
1694772629986 0.3970670606940985 0
1694772630030 0.39307993464171886 0
1694772630072 0.39220639131963253 0
1694772630115 0.39172109588980675 0
1694772630159 0.39133686386048794 0
1694772630202 0.3909252882003784 0
1694772630245 0.3908561263233423 0
1694772630287 0.3903723396360874 0
1694772630330 0.389923432841897 0
1694772630373 0.3896087743341923 0
1694772630415 0.3891656342893839 0
1694772630459 0.38861547224223614 0
1694772630503 0.3882319796830416 0
1694772630545 0.3875987771898508 0
1694772630588 0.38695502281188965 0
1694772630632 0.3863000590354204 0
