1713521465628 0.7853560447692871 0
1713521465682 0.7853560447692871 0
1713521465740 0.7723169326782227 0
1713521465804 0.7823470234870911 0
1713521465857 0.776328980922699 0
1713521465900 0.8004012107849121 0
1713521465945 0.8314945101737976 0
1713521465992 0.9247743487358093 0
1713521466039 1.0050150156021118 0
1713521466130 1.0401203632354736 0
1713521466382 1.100300908088684 0
1713521466427 1.1163491010665894 0
1713521466639 1.11735200881958 0
1713521466683 1.167502522468567 0
1713521466782 1.1895687580108643 0
1713521466853 1.2196589708328247 0
1713521466896 1.2818455696105957 0
1713521466939 1.3289870023727417 0
