1713521461203 0.776328980922699 0
1713521461246 0.8044132590293884 0
1713521461293 0.8054162263870239 0
1713521461337 0.8214644193649292 0
1713521461373 0.8204613924026489 0
1713521461416 0.8184553384780884 0
1713521461460 0.8174523711204529 0
1713521461499 0.823470413684845 0
1713521461542 0.855566680431366 0
1713521461605 0.8505516648292542 0
1713521461689 0.8816449642181396 0
1713521461727 0.920762300491333 0
1713521461765 0.9478435516357422 0
1713521461803 0.9729187488555908 0
1713521461841 0.9829488396644592 0
1713521461883 1.0050150156021118 0
1713521461921 1.0080240964889526 0
1713521461960 1.0 0
1713521462003 1.0180541276931763 0
1713521462043 1.0461384057998657 0
1713521462094 1.0521564483642578 0
1713521462138 1.068204641342163 0
1713521462185 1.0952858924865723 0
1713521462229 1.109328031539917 0
1713521462282 1.1444332599639893 0
1713521462331 1.1534603834152222 0
1713521462384 1.1695085763931274 0
1713521462430 1.182547688484192 0
1713521462490 1.1915746927261353 0
