1713521461193 0.6832227781414986 0
1713521461236 0.6705216616392136 0
1713521461283 0.6512066349387169 0
1713521461327 0.6197472289204597 0
1713521461364 0.5717823505401611 0
1713521461402 0.508884359151125 0
1713521461451 0.4470411315560341 0
1713521461490 0.4100145883858204 0
1713521461531 0.4008542634546757 0
1713521461596 0.39768558740615845 0
1713521461667 0.393795982003212 0
1713521461718 0.39253394305706024 0
1713521461755 0.39240961894392967 0
1713521461794 0.39212464168667793 0
1713521461832 0.39196616038680077 0
1713521461874 0.3918549530208111 0
1713521461913 0.39173276722431183 0
1713521461951 0.3916161395609379 0
1713521461993 0.3914838135242462 0
1713521462034 0.39139625802636147 0
1713521462085 0.39123155176639557 0
1713521462127 0.3910934217274189 0
1713521462171 0.3909824788570404 0
1713521462217 0.3908260241150856 0
1713521462267 0.39066433906555176 0
1713521462319 0.3905315287411213 0
1713521462372 0.39036164060235023 0
1713521462421 0.3901820033788681 0
1713521462474 0.3900193050503731 0
