1725012775308 0.7859960794448853 0
1725012775370 0.7761341333389282 0
1725012775433 0.8086785078048706 0
1725012775494 0.800788938999176 0
1725012775547 0.8096646666526794 0
1725012775600 0.8057199120521545 0
1725012775653 0.8096646666526794 0
1725012775706 0.7998027801513672 0
1725012775759 0.8067061305046082 0
1725012775812 0.8106508851051331 0
1725012775864 0.8264299631118774 0
1725012775917 0.864891529083252 0
1725012775972 0.8846153616905212 0
1725012776028 0.8925049304962158 0
1725012776084 0.8885601758956909 0
1725012776150 0.8836292028427124 0
1725012776210 0.9082840085029602 0
1725012776276 0.8905325531959534 0
1725012776339 0.9082840085029602 0
1725012776399 0.9339250326156616 0
1725012776520 0.9358974099159241 0
1725012776665 0.9437869787216187 0
1725012776743 0.9378698468208313 0
