1729246433176 0.6949848756194115 0
1729246433208 0.6855644732713699 0
1729246433240 0.6734365746378899 0
1729246433273 0.6566749289631844 0
1729246433313 0.6323107481002808 0
1729246433349 0.5971665680408478 0
1729246433381 0.5510096848011017 0
1729246433413 0.4990391209721565 0
1729246433444 0.45223182439804077 0
1729246433476 0.4213360771536827 0
1729246433508 0.40718933567404747 0
1729246433538 0.40153323858976364 0
1729246433569 0.39796309918165207 0
1729246433599 0.3952115774154663 0
1729246433629 0.3937457650899887 0
1729246433660 0.39316901937127113 0
1729246433690 0.39284565299749374 0
1729246433721 0.3926693759858608 0
1729246433751 0.39251988008618355 0
1729246433781 0.39244039356708527 0
1729246433811 0.39235948398709297 0
1729246433842 0.3922976441681385 0
1729246433873 0.3922414928674698 0
1729246433903 0.3921973295509815 0
1729246433933 0.3921275809407234 0
1729246433963 0.39206814765930176 0
1729246433993 0.39201637730002403 0
1729246434024 0.3919549137353897 0
1729246434057 0.3918963856995106 0
1729246434093 0.39183565601706505 0
1729246434128 0.3917839117348194 0
1729246434163 0.391701590269804 0
1729246434195 0.3916465900838375 0
1729246434225 0.39157451689243317 0
1729246434255 0.39149316027760506 0
1729246434286 0.3914182595908642 0
1729246434315 0.3913409039378166 0
1729246434346 0.39124858379364014 0
1729246434376 0.39118311554193497 0
1729246434406 0.3910966031253338 0
1729246434436 0.3910134956240654 0
1729246434466 0.39091481268405914 0
1729246434496 0.39082661643624306 0
1729246434527 0.39073552563786507 0
1729246434557 0.3906399682164192 0
1729246434586 0.3905411921441555 0
