1729246433186 0.7735294103622437 0
1729246433217 0.7882353067398071 0
1729246433250 0.8058823347091675 0
1729246433285 0.8215686082839966 0
1729246433324 0.8284313678741455 0
1729246433359 0.795098066329956 0
1729246433390 0.8088235259056091 0
1729246433422 0.8078431487083435 0
1729246433454 0.8117647171020508 0
1729246433485 0.8039215803146362 0
1729246433517 0.8117647171020508 0
1729246433547 0.8156862854957581 0
1729246433578 0.8186274766921997 0
1729246433608 0.8215686082839966 0
1729246433638 0.8539215922355652 0
1729246433669 0.8676470518112183 0
1729246433699 0.884313702583313 0
1729246433730 0.8892157077789307 0
1729246433760 0.8921568393707275 0
1729246433790 0.8980392217636108 0
1729246433820 0.906862735748291 0
1729246433851 0.9127451181411743 0
1729246433882 0.9166666865348816 0
1729246433912 0.9186274409294128 0
1729246433942 0.9264705777168274 0
1729246433972 0.9421568512916565 0
1729246434002 0.9450980424880981 0
1729246434034 0.949999988079071 0
1729246434069 0.9598039388656616 0
1729246434105 0.9686274528503418 0
1729246434138 0.9470587968826294 0
1729246434173 0.9656862616539001 0
1729246434204 0.9862744808197021 0
1729246434234 0.9862744808197021 0
1729246434265 0.9950980544090271 0
1729246434295 0.9882352948188782 0
1729246434325 1.0137255191802979 0
1729246434355 1.0401960611343384 0
1729246434385 1.0441176891326904 0
1729246434415 1.0558823347091675 0
1729246434445 1.045098066329956 0
1729246434475 1.067647099494934 0
1729246434505 1.0725489854812622 0
1729246434536 1.0813724994659424 0
1729246434566 1.0784313678741455 0
1729246434595 1.1186274290084839 0
