1700820627289 0.6855223178863525 0
1700820627314 0.6807454526424408 0
1700820627339 0.6750701442360878 0
1700820627365 0.6675127819180489 0
1700820627390 0.656961478292942 0
1700820627415 0.6420544683933258 0
1700820627441 0.6216657012701035 0
1700820627469 0.5947466120123863 0
1700820627495 0.5618842840194702 0
1700820627520 0.5246159434318542 0
1700820627545 0.48626069724559784 0
1700820627570 0.45214926078915596 0
1700820627595 0.4261441230773926 0
1700820627621 0.4101986512541771 0
1700820627646 0.4025019183754921 0
1700820627671 0.3987029828131199 0
1700820627698 0.3965868093073368 0
1700820627722 0.3949166350066662 0
1700820627750 0.39383069798350334 0
1700820627777 0.393134530633688 0
1700820627802 0.39265450462698936 0
1700820627829 0.39247528463602066 0
1700820627856 0.3923095166683197 0
