1700820627294 0.7871033549308777 0
1700820627319 0.8014329671859741 0
1700820627344 0.8137154579162598 0
1700820627369 0.8239508867263794 0
1700820627394 0.8208802342414856 0
1700820627420 0.8157625198364258 0
1700820627446 0.8311156630516052 0
1700820627474 0.8178096413612366 0
1700820627500 0.8178096413612366 0
1700820627525 0.809621274471283 0
1700820627550 0.8024564981460571 0
1700820627575 0.8167860507965088 0
1700820627600 0.8300921320915222 0
1700820627626 0.838280439376831 0
1700820627651 0.8249744176864624 0
1700820627676 0.8239508867263794 0
1700820627702 0.838280439376831 0
1700820627727 0.836233377456665 0
1700820627755 0.8423746228218079 0
1700820627782 0.836233377456665 0
1700820627807 0.8567041754722595 0
1700820627835 0.8935517072677612 0
1700820627862 0.9068577289581299 0
