1683281485876 0.7028748393058777 0
1683281485914 0.6960596323013306 0
1683281485950 0.6860948801040649 0
1683281485987 0.6701557596524557 0
1683281486023 0.6453017036120097 0
1683281486059 0.6096795638402303 0
1683281486098 0.5642794251441956 0
1683281486137 0.514694074789683 0
1683281486173 0.4704171081384023 0
1683281486210 0.43908501068751016 0
1683281486248 0.420436030626297 0
1683281486284 0.41016179919242857 0
1683281486320 0.40390995343526204 0
1683281486356 0.3998777449131012 0
1683281486393 0.397238157192866 0
1683281486429 0.39545002977053323 0
1683281486467 0.3942573626836141 0
1683281486505 0.39341485102971396 0
1683281486542 0.39284695585568746 0
1683281486579 0.39241662820180256 0
1683281486616 0.3920693357785543 0
1683281486654 0.3918267130851746 0
1683281486694 0.3916354695955912 0
1683281486732 0.39142011404037474 0
1683281486769 0.3912702520688375 0
1683281486807 0.39111926952997844 0
1683281486846 0.3909748733043671 0
1683281486884 0.3908228615919749 0
1683281486921 0.390705951054891 0
1683281486961 0.39054608543713887 0
1683281486998 0.3904000202814738 0
1683281487036 0.39024437268575035 0
1683281487074 0.39010280966758726 0
1683281487112 0.3899572193622589 0
1683281487148 0.3897886276245117 0
1683281487192 0.3896510322888692 0
1683281487231 0.38947433431943257 0
1683281487273 0.38930238485336305 0
1683281487311 0.38914077083269755 0
1683281487348 0.3889517307281494 0
