1721988726984 0.79682856798172 0
1721988727017 0.7938553094863892 0
1721988727049 0.8265609741210938 0
1721988727081 0.8275520205497742 0
1721988727112 0.8334985375404358 0
1721988727144 0.8265609741210938 0
1721988727176 0.8533201217651367 0
1721988727207 0.8751238584518433 0
1721988727240 0.9127849340438843 0
1721988727271 0.9147670865058899 0
1721988727304 0.9722497463226318 0
1721988727337 0.9633300304412842 0
1721988727368 0.9900891780853271 0
1721988727401 1.0089197158813477 0
1721988727433 1.081268548965454 0
1721988727464 1.0991079807281494 0
1721988727496 1.0921704769134521 0
1721988727528 1.1209118366241455 0
