1721988726975 0.6889499425888062 0
1721988727009 0.6678067743778229 0
1721988727041 0.6294878274202347 0
1721988727073 0.5643885731697083 0
1721988727104 0.4811653196811676 0
1721988727136 0.41956518590450287 0
1721988727168 0.40508125349879265 0
1721988727199 0.39978696405887604 0
1721988727232 0.39358147978782654 0
1721988727263 0.392743606120348 0
1721988727296 0.39226233959198 0
1721988727329 0.3918011002242565 0
1721988727360 0.3916620947420597 0
1721988727392 0.39143866673111916 0
1721988727425 0.3912268914282322 0
1721988727456 0.3910752534866333 0
1721988727488 0.39085954800248146 0
1721988727520 0.39064646884799004 0
