1700215808740 0.6883482001721859 0
1700215808772 0.6805908568203449 0
1700215808804 0.6687884964048862 0
1700215808836 0.6474742852151394 0
1700215808867 0.6079892478883266 0
1700215808898 0.5447529852390289 0
1700215808930 0.47106728702783585 0
1700215808963 0.4186506737023592 0
1700215808995 0.4006870202720165 0
1700215809027 0.3966735154390335 0
1700215809059 0.3944222293794155 0
1700215809091 0.3936071805655956 0
1700215809124 0.39291378296911716 0
1700215809157 0.392683457583189 0
1700215809189 0.3925553746521473 0
1700215809221 0.3924106415361166 0
1700215809253 0.39229694567620754 0
1700215809285 0.3922117054462433 0
1700215809316 0.3921550139784813 0
1700215809346 0.39201803877949715 0
