1714731267775 0.8058058023452759 0
1714731267853 0.8118118047714233 0
1714731268021 0.8208208084106445 0
1714731268103 0.8038038015365601 0
1714731268179 0.8058058023452759 0
1714731268257 0.8258258104324341 0
1714731268328 0.8498498201370239 0
1714731268411 0.8968968987464905 0
1714731268485 0.9149149060249329 0
1714731268555 0.9499499201774597 0
1714731268622 0.9789789915084839 0
1714731268688 1.010010004043579 0
1714731268753 1.0190190076828003 0
1714731268828 1.0070070028305054 0
1714731268898 1.045045018196106 0
1714731268965 1.088088035583496 0
1714731269044 1.0840840339660645 0
1714731269114 1.099099040031433 0
1714731269176 1.1311311721801758 0
1714731269244 1.1431431770324707 0
1714731269308 1.206206202507019 0
1714731269375 1.1921921968460083 0
1714731269443 1.2262262105941772 0
1714731269510 1.2482482194900513 0
1714731269583 1.2782782316207886 0
1714731269655 1.3223223686218262 0
