1714731267766 0.6834795046597719 0
1714731267841 0.6558159533888102 0
1714731268013 0.5829639062285423 0
1714731268093 0.4665696928277612 0
1714731268170 0.4090918330475688 0
1714731268248 0.3978449245914817 0
1714731268320 0.3941638870164752 0
1714731268400 0.3929046420380473 0
1714731268476 0.39247157145291567 0
1714731268546 0.39218330942094326 0
1714731268613 0.39207449089735746 0
1714731268680 0.39187797624617815 0
1714731268744 0.3916718512773514 0
1714731268815 0.39150908682495356 0
1714731268890 0.39138662815093994 0
1714731268957 0.3913148893043399 0
1714731269036 0.39104545302689075 0
1714731269106 0.39093062467873096 0
1714731269168 0.390571610070765 0
1714731269236 0.3905282001942396 0
1714731269300 0.390189285390079 0
1714731269366 0.3900383645668626 0
1714731269435 0.3898431556299329 0
1714731269501 0.38947259820997715 0
1714731269572 0.3892444306984544 0
1714731269647 0.3889600243419409 0
