1701425492803 0.6892456486821175 0
1701425492835 0.6714990027248859 0
1701425492864 0.633857011795044 0
1701425492893 0.5662177093327045 0
1701425492922 0.4805948231369257 0
1701425492951 0.42088654078543186 0
1701425492979 0.4024109002202749 0
1701425493007 0.3956927340477705 0
1701425493035 0.39311827905476093 0
1701425493063 0.3921949751675129 0
1701425493136 0.391805874183774 0
1701425493165 0.39147013798356056 0
1701425493198 0.39126990735530853 0
1701425493235 0.39098330587148666 0
1701425493266 0.39078127034008503 0
1701425493298 0.39060062170028687 0
1701425493331 0.39029794931411743 0
