1706868675028 0.6788534931838512 0
1706868675073 0.6468122415244579 0
1706868675116 0.5617088973522186 0
1706868675161 0.4346376955509186 0
1706868675206 0.4001161828637123 0
1706868675251 0.39379219338297844 0
1706868675295 0.3927420377731323 0
1706868675340 0.3923457730561495 0
1706868675384 0.392259793356061 0
1706868675428 0.3921004179865122 0
1706868675472 0.3919475171715021 0
1706868675516 0.3918251506984234 0
1706868675560 0.39166670106351376 0
1706868675603 0.39145917259156704 0
1706868675647 0.39123459346592426 0
1706868675691 0.3910376839339733 0
1706868675734 0.3909696042537689 0
1706868675777 0.3907011803239584 0
1706868675825 0.39041104912757874 0
1706868675868 0.39025568030774593 0
1706868675911 0.39006139524281025 0
1706868675954 0.38970040529966354 0
1706868675997 0.38936019502580166 0
1706868676040 0.3890713769942522 0
1706868676085 0.3888172823935747 0
1706868676129 0.3883869778364897 0
1706868676172 0.38801945745944977 0
