1712916734728 0.8283132314682007 0
1712916734775 0.7981927990913391 0
1712916734821 0.8132529854774475 0
1712916734867 0.8042168617248535 0
1712916734914 0.8253012299537659 0
1712916734959 0.8152610659599304 0
1712916735007 0.823293149471283 0
1712916735052 0.8293172717094421 0
1712916735100 0.8343373537063599 0
1712916735197 0.8684738874435425 0
1712916735245 0.8895582556724548 0
1712916735293 0.9096385836601257 0
1712916735381 0.9407630562782288 0
1712916735431 0.9608433842658997 0
1712916735477 0.9708835482597351 0
1712916735565 0.9789156913757324 0
1712916735610 1.0060241222381592 0
1712916735657 1.044176697731018 0
1712916735703 1.0451806783676147 0
1712916735748 1.0612449645996094 0
1712916735828 1.0722891092300415 0
1712916735874 1.0923694372177124 0
1712916735924 1.1184738874435425 0
1712916735973 1.128514051437378 0
1712916736060 1.1475903987884521 0
1712916736107 1.1616466045379639 0
1712916736171 1.1887550354003906 0
1712916736259 1.1897590160369873 0
1712916736341 1.2108433246612549 0
1712916736446 1.2279115915298462 0
1712916736540 1.2439758777618408 0
1712916736601 1.2690763473510742 0
1712916736648 1.294176697731018 0
