1712916734720 0.6876790225505829 0
1712916734767 0.6729045361280441 0
1712916734812 0.6394952870905399 0
1712916734859 0.5680358745157719 0
1712916734906 0.4771677367389202 0
1712916734951 0.42322475276887417 0
1712916734998 0.4063178524374962 0
1712916735044 0.39842918142676353 0
1712916735092 0.39489442855119705 0
1712916735188 0.393367538228631 0
1712916735237 0.39268127270042896 0
1712916735285 0.3922530319541693 0
1712916735372 0.3919482734054327 0
1712916735422 0.3918435759842396 0
1712916735469 0.39172115735709667 0
1712916735556 0.3915921915322542 0
1712916735602 0.391424098983407 0
1712916735648 0.39125964790582657 0
1712916735694 0.3910974096506834 0
1712916735740 0.3910327646881342 0
1712916735820 0.3907873146235943 0
1712916735865 0.3906181529164314 0
1712916735915 0.3903776817023754 0
1712916735963 0.3902255594730377 0
1712916736016 0.39002409763634205 0
1712916736099 0.3897765018045902 0
1712916736161 0.3895672708749771 0
1712916736220 0.38931441493332386 0
1712916736332 0.3890623487532139 0
1712916736438 0.38889829255640507 0
1712916736511 0.38850208558142185 0
1712916736593 0.3883260991424322 0
1712916736640 0.38793264888226986 0
