1731060761212 0.8553274869918823 0
1731060761255 0.8465298414230347 0
1731060761298 0.839687168598175 0
1731060761334 0.8328445553779602 0
1731060761486 0.8201368451118469 0
1731060761524 0.829912006855011 0
1731060761563 0.8328445553779602 0
1731060761621 0.829912006855011 0
1731060761748 0.834799587726593 0
1731060761860 0.8308895230293274 0
1731060761932 0.8181818127632141 0
1731060761986 0.8093841671943665 0
1731060762022 0.8220918774604797 0
1731060762058 0.8328445553779602 0
1731060762098 0.8406646847724915 0
1731060762140 0.8602150678634644 0
1731060762178 0.8660801649093628 0
1731060762218 0.8817204236984253 0
1731060762256 0.9100684523582458 0
1731060762294 0.9130010008811951 0
1731060762331 0.934506356716156 0
1731060762399 0.9413489699363708 0
1731060762609 0.9550341963768005 0
1731060762720 0.9628543257713318 0
1731060762756 0.9560117125511169 0
1731060762789 0.9755620956420898 0
1731060762824 0.9716520309448242 0
