1719569453552 0.6934751011431217 0
1719569453586 0.6830218397080898 0
1719569453620 0.6644326411187649 0
1719569453654 0.6259654499590397 0
1719569453689 0.5579000860452652 0
1719569453726 0.4750077947974205 0
1719569453761 0.42241010442376137 0
1719569453796 0.405636478215456 0
1719569453831 0.3984669931232929 0
1719569453867 0.3949672654271126 0
1719569453902 0.39337232895195484 0
1719569453937 0.3927086517214775 0
1719569453972 0.39228578470647335 0
1719569454072 0.39210975356400013 0
1719569454138 0.3919625263661146 0
1719569454178 0.39187060110270977 0
1719569454213 0.39177223667502403 0
1719569454248 0.39169203490018845 0
1719569454281 0.391585199162364 0
