1698401569816 0.8275154232978821 0
1698401569888 0.8398357033729553 0
1698401569960 0.8788501024246216 0
1698401570038 0.9527720808982849 0
1698401570112 0.9466118812561035 0
1698401570183 1.0020533800125122 0
1698401570255 1.0338809490203857 0
1698401570326 1.0872689485549927 0
1698401570398 1.1570842266082764 0
1698401570469 1.209445595741272 0
1698401570541 1.241273045539856 0
1698401570612 1.290554404258728 0
1698401570684 1.4024640321731567 0
1698401570755 1.465092420578003 0
1698401570825 1.5256673097610474 0
1698401570896 1.5636550188064575 0
1698401570968 1.6868582963943481 0
1698401571040 1.7505133152008057 0
1698401571112 1.780287504196167 0
1698401571183 1.8891170024871826 0
1698401571255 1.9229979515075684 0
1698401571329 1.989733099937439 0
1698401571403 2.0390143394470215 0
