1728036748535 0.7897838950157166 0
1728036748573 0.7897838950157166 0
1728036748610 0.8310412764549255 0
1728036748646 0.8192534446716309 0
1728036748683 0.8113948702812195 0
1728036748800 0.8172888159751892 0
1728036748837 0.8251473307609558 0
1728036748873 0.898821234703064 0
1728036748909 0.9557957053184509 0
1728036748946 0.9656188488006592 0
1728036748982 0.9803536534309387 0
1728036749018 1.0333988666534424 0
1728036749054 1.0972495079040527 0
1728036749091 1.1404714584350586 0
1728036749127 1.1974459886550903 0
1728036749163 1.2318271398544312 0
1728036749199 1.2377209663391113 0
1728036749235 1.2779960632324219 0
1728036749271 1.2819253206253052 0
1728036749307 1.337917447090149 0
1728036749343 1.3821218013763428 0
1728036749379 1.3831040859222412 0
1728036749414 1.4125736951828003 0
1728036749450 1.4538310766220093 0
1728036749486 1.4410609006881714 0
1728036749521 1.48821222782135 0
1728036749557 1.5029469728469849 0
1728036749592 1.5333988666534424 0
1728036749628 1.5667976140975952 0
