1728036748526 0.6989901848137379 0
1728036748563 0.6814263761043549 0
1728036748601 0.6375919133424759 0
1728036748637 0.5440269839018583 0
1728036748674 0.44871924072504044 0
1728036748711 0.41362837702035904 0
1728036748829 0.3997892923653126 0
1728036748864 0.3946440890431404 0
1728036748901 0.3926852010190487 0
1728036748937 0.391868544742465 0
1728036748973 0.3914289679378271 0
1728036749009 0.3910698276013136 0
1728036749045 0.3907937742769718 0
1728036749082 0.39046489633619785 0
1728036749118 0.3901793472468853 0
1728036749154 0.38988335244357586 0
1728036749190 0.389518765732646 0
1728036749226 0.3891963455826044 0
1728036749262 0.3888763152062893 0
1728036749298 0.3883942775428295 0
1728036749334 0.3880031555891037 0
1728036749370 0.3875694517046213 0
1728036749406 0.38706242106854916 0
1728036749441 0.3865895178169012 0
1728036749477 0.38605140522122383 0
1728036749513 0.38547700457274914 0
1728036749548 0.3849058896303177 0
1728036749584 0.38432459719479084 0
1728036749619 0.3835334740579128 0
