1723803203885 0.6972570028156042 0
1723803204094 0.685649711638689 0
1723803204233 0.6589686386287212 0
1723803204442 0.5966151785105467 0
1723803204547 0.5016498416662216 0
1723803204666 0.42866289243102074 0
1723803204806 0.4027505638077855 0
1723803204984 0.39650239422917366 0
1723803205105 0.39415794145315886 0
1723803205315 0.39301952440291643 0
1723803205428 0.39244464691728354 0
1723803205537 0.39205959253013134 0
1723803205722 0.3918506447225809 0
1723803205935 0.39167300425469875 0
1723803206053 0.3915042504668236 0
1723803206186 0.3913743468001485 0
1723803206300 0.39124970603734255 0
1723803206404 0.3911291044205427 0
1723803206507 0.3909968435764313 0
1723803206611 0.3908992297947407 0
1723803206703 0.3906848235055804 0
1723803206784 0.3906185934320092 0
1723803206868 0.3904518326744437 0
1723803206988 0.39032207522541285 0
1723803207184 0.3901861868798733 0
1723803207298 0.3900243388488889 0
1723803207637 0.3898816192522645 0
1723803207965 0.3896977184340358 0
1723803208146 0.389550456777215 0
1723803208377 0.38942323718219995 0
1723803208492 0.3892556233331561 0
1723803208603 0.3891043709591031 0
1723803208721 0.38891841284930706 0
1723803208822 0.38875324092805386 0
1723803208919 0.3885295810177922 0
1723803209038 0.38836444169282913 0
1723803209153 0.3881727559491992 0
1723803209256 0.3879812266677618 0
1723803209364 0.3877808377146721 0
1723803209693 0.38756962958723307 0
1723803209806 0.38740305602550507 0
1723803209917 0.38716077897697687 0
