1723803199570 0.6932158060371876 0
1723803199682 0.6739648748189211 0
1723803199832 0.6203014310449362 0
1723803199979 0.5297647947445512 0
1723803200182 0.45681025367230177 0
1723803200283 0.4228286575525999 0
1723803200390 0.4074575584381819 0
1723803200496 0.39980760496109724 0
1723803200669 0.39589344430714846 0
1723803200767 0.39381547924131155 0
1723803200868 0.39265192952007055 0
1723803201028 0.3921193340793252 0
1723803201139 0.3917254153639078 0
1723803201231 0.39148081466555595 0
1723803201339 0.3912538066506386 0
1723803201446 0.3910621702671051 0
1723803201553 0.39091369044035673 0
1723803201652 0.3907129215076566 0
1723803201754 0.3905652854591608 0
1723803201840 0.3903462430462241 0
1723803201935 0.390123687684536 0
1723803202030 0.38991156313568354 0
1723803202113 0.38977781403809786 0
1723803202212 0.38954060431569815 0
1723803202377 0.38935187831521034 0
1723803202485 0.3890852192416787 0
1723803202639 0.38886146899312735 0
1723803202737 0.3886084659025073 0
1723803202886 0.3883860521018505 0
1723803202991 0.3881275849416852 0
1723803203095 0.3878543432801962 0
1723803203197 0.3875499228015542 0
1723803203293 0.3872991940006614 0
1723803203519 0.38696454744786024 0
1723803203626 0.38670186046510935 0
