1730456018836 0.6882448941469193 0
1730456018886 0.6807970851659775 0
1730456018926 0.6715023145079613 0
1730456018968 0.6583525165915489 0
1730456019005 0.6389715671539307 0
1730456019043 0.6106782332062721 0
1730456019080 0.571314848959446 0
1730456019117 0.5215425677597523 0
1730456019154 0.4681803025305271 0
1730456019190 0.4247235208749771 0
1730456019227 0.4021719992160797 0
1730456019264 0.396868996322155 0
1730456019302 0.39604657888412476 0
1730456019339 0.3942543938755989 0
1730456019375 0.39302708581089973 0
1730456019416 0.3925892040133476 0
1730456019455 0.39246201515197754 0
1730456019499 0.39237062633037567 0
1730456019552 0.3922511041164398 0
1730456019603 0.39218247681856155 0
1730456019647 0.39210887998342514 0
1730456019691 0.3920303210616112 0
1730456019736 0.3919620141386986 0
1730456019774 0.39188241958618164 0
1730456019813 0.39180802553892136 0
1730456019854 0.3917257711291313 0
