1722593522649 0.6891711056232452 0
1722593522680 0.6848701983690262 0
1722593522709 0.6800924986600876 0
1722593522738 0.6745375916361809 0
1722593522768 0.667743869125843 0
1722593522797 0.6591388061642647 0
1722593522826 0.6479382142424583 0
1722593522855 0.6333219558000565 0
1722593522884 0.6143098175525665 0
1722593522913 0.590555913746357 0
1722593522942 0.5624646097421646 0
1722593522971 0.5311692729592323 0
1722593522999 0.4992084354162216 0
1722593523030 0.4693147726356983 0
1722593523059 0.4442727044224739 0
1722593523088 0.42595457658171654 0
1722593523117 0.41434473916888237 0
1722593523145 0.4075479917228222 0
1722593523175 0.40350157395005226 0
1722593523206 0.40065614879131317 0
1722593523236 0.3984353765845299 0
1722593523267 0.3967725299298763 0
1722593523297 0.3955436050891876 0
1722593523327 0.3947005085647106 0
1722593523359 0.39405954256653786 0
1722593523391 0.393596600741148 0
1722593523434 0.3932455703616142 0
1722593523468 0.39298347011208534 0
1722593523498 0.3927908129990101 0
1722593523529 0.39262933656573296 0
1722593523561 0.39251287654042244 0
1722593523593 0.3923950530588627 0
1722593523630 0.39231840893626213 0
1722593523666 0.3922218419611454 0
1722593523776 0.3921674005687237 0
1722593523806 0.39209725335240364 0
1722593523836 0.39203978329896927 0
1722593523869 0.3919811397790909 0
1722593523899 0.3919271491467953 0
1722593523928 0.3918895199894905 0
1722593523956 0.3918522857129574 0
1722593523986 0.3917960822582245 0
1722593524014 0.3917461633682251 0
1722593524043 0.3916909322142601 0
1722593524071 0.3916543573141098 0
1722593524099 0.3916087746620178 0
1722593524128 0.391560647636652 0
1722593524157 0.3914959244430065 0
1722593524186 0.39146866649389267 0
1722593524215 0.39142606779932976 0
1722593524245 0.39135717228055 0
1722593524273 0.39131320640444756 0
1722593524302 0.39126187935471535 0
1722593524331 0.3912166878581047 0
