1722593522658 0.8128712773323059 0
1722593522688 0.804950475692749 0
1722593522717 0.8306930661201477 0
1722593522746 0.8188118934631348 0
1722593522776 0.8267326951026917 0
1722593522805 0.8316831588745117 0
1722593522834 0.8247524499893188 0
1722593522863 0.8198019862174988 0
1722593522893 0.8277227878570557 0
1722593522921 0.8336633443832397 0
1722593522951 0.8207920789718628 0
1722593522979 0.8257426023483276 0
1722593523007 0.8297029733657837 0
1722593523038 0.8207920789718628 0
1722593523067 0.8148514628410339 0
1722593523096 0.8188118934631348 0
1722593523125 0.8198019862174988 0
1722593523154 0.8178218007087708 0
1722593523183 0.8188118934631348 0
1722593523214 0.8168317079544067 0
1722593523245 0.8168317079544067 0
1722593523276 0.815841555595398 0
1722593523305 0.8287128806114197 0
1722593523336 0.8415841460227966 0
1722593523368 0.8554455637931824 0
1722593523402 0.8613861203193665 0
1722593523444 0.8603960275650024 0
1722593523477 0.8653465509414673 0
1722593523506 0.8643564581871033 0
1722593523539 0.8712871074676514 0
1722593523570 0.894059419631958 0
1722593523603 0.9108911156654358 0
1722593523642 0.9029703140258789 0
1722593523707 0.907920777797699 0
1722593523785 0.9227722883224487 0
1722593523814 0.9297029972076416 0
1722593523846 0.9425742626190186 0
1722593523878 0.9475247263908386 0
1722593523907 0.9465346336364746 0
1722593523936 0.9415841698646545 0
1722593523964 0.9524752497673035 0
1722593523994 0.9534653425216675 0
1722593524022 0.9702970385551453 0
1722593524051 0.9623762369155884 0
1722593524079 0.9801980257034302 0
1722593524107 0.9841583967208862 0
1722593524136 0.9851484894752502 0
1722593524165 0.9940593838691711 0
1722593524195 1.0029703378677368 0
1722593524224 1.0138614177703857 0
1722593524253 1.0049505233764648 0
1722593524282 1.0049505233764648 0
1722593524310 1.0227723121643066 0
1722593524339 1.0326732397079468 0
