1684491036476 0.6926079273223877 0
1684491036519 0.6883182287216186 0
1684491036563 0.6840934356053671 0
1684491036628 0.6793776790301005 0
1684491036680 0.6733790675799052 0
1684491036760 0.6649567087491354 0
1684491036798 0.652554448445638 0
1684491036835 0.634412431716919 0
1684491036875 0.6086495995521546 0
1684491036966 0.5745803316434225 0
1684491037023 0.534044063091278 0
1684491037059 0.4919118881225586 0
1684491037095 0.45493216315905255 0
1684491037132 0.4284685472647349 0
1684491037168 0.4130564053853353 0
1684491037208 0.4051670293013255 0
1684491037310 0.4008858899275462 0
1684491037370 0.3981667141119639 0
1684491037424 0.3963834305604299 0
1684491037486 0.39511711994806925 0
1684491037541 0.39422889550526935 0
1684491037597 0.39365790685017904 0
1684491037657 0.39320951302846274 0
1684491037712 0.39293673237164817 0
1684491037772 0.39271531502405804 0
1684491037834 0.3925543427467346 0
1684491037882 0.3924456357955933 0
1684491037936 0.39234084884325665 0
1684491037996 0.3922644277413686 0
1684491038048 0.39219398697217306 0
1684491038109 0.3921386420726776 0
1684491038165 0.3920948167641958 0
1684491038221 0.3920225779215495 0
1684491038281 0.3919735829035441 0
1684491038342 0.39192533294359844 0
