1684491036482 0.801886796951294 0
1684491036523 0.8144654035568237 0
1684491036568 0.8176100850105286 0
1684491036632 0.8218029141426086 0
1684491036705 0.8186582922935486 0
1684491036764 0.8270440101623535 0
1684491036802 0.8207547068595886 0
1684491036839 0.8259958028793335 0
1684491036882 0.8312368988990784 0
1684491036978 0.8186582922935486 0
1684491037027 0.8165618181228638 0
1684491037063 0.802935004234314 0
1684491037099 0.795597493648529 0
1684491037136 0.795597493648529 0
1684491037172 0.795597493648529 0
1684491037212 0.7987421154975891 0
1684491037316 0.7987421154975891 0
1684491037378 0.8060796856880188 0
1684491037431 0.8238993883132935 0
1684491037492 0.8354297876358032 0
1684491037549 0.8385744094848633 0
1684491037607 0.8532494902610779 0
1684491037664 0.8532494902610779 0
1684491037722 0.8668763041496277 0
1684491037781 0.8857442140579224 0
1684491037840 0.8951781988143921 0
1684491037887 0.9088050127029419 0
1684491037944 0.9255765080451965 0
1684491038004 0.9308176040649414 0
1684491038055 0.9402515888214111 0
1684491038114 0.9486373066902161 0
1684491038170 0.9643605947494507 0
1684491038225 0.9591194987297058 0
1684491038285 0.9622641801834106 0
1684491038347 0.9591194987297058 0
