1716545487398 0.6786715723574162 0
1716545487438 0.5729935504496098 0
1716545487477 0.4160988014191389 0
1716545487516 0.3983292207121849 0
1716545487556 0.3934153988957405 0
1716545487595 0.3922561891376972 0
1716545487634 0.391893208026886 0
1716545487673 0.39170544780790806 0
1716545487711 0.39129636995494366 0
1716545487750 0.3910784590989351 0
1716545487790 0.3906555753201246 0
1716545487828 0.3902336582541466 0
1716545487867 0.38986690156161785 0
1716545487906 0.3895405251532793 0
1716545487944 0.3889909740537405 0
