1703239834779 0.6838901489973068 0
1703239834824 0.6578129380941391 0
1703239834865 0.6039397455751896 0
1703239834908 0.5077477227896452 0
1703239834963 0.4186645168811083 0
1703239835011 0.39732158184051514 0
1703239835056 0.39364823140203953 0
1703239835097 0.3925947267562151 0
1703239835140 0.392296738922596 0
1703239835196 0.39209742099046707 0
1703239835247 0.3919258136302233 0
1703239835295 0.3917726017534733 0
1703239835333 0.3916063327342272 0
1703239835377 0.3915133159607649 0
1703239835429 0.3913665432482958 0
1703239835471 0.39106850139796734 0
1703239835513 0.3909306302666664 0
1703239835551 0.39074093848466873 0
1703239835593 0.390474671497941 0
1703239835633 0.3903198279440403 0
1703239835671 0.38996370881795883 0
1703239835709 0.3899111896753311 0
1703239835751 0.3896020743995905 0
