1728036750385 0.8123772144317627 0
1728036750447 0.8772101998329163 0
1728036750507 0.9607072472572327 0
1728036750568 1.0078585147857666 0
1728036750628 1.0589390993118286 0
1728036750688 1.111001968383789 0
1728036750748 1.193516731262207 0
1728036750808 1.2328094244003296 0
1728036750868 1.3418467044830322 0
1728036750928 1.4312376976013184 0
1728036750989 1.519646406173706 0
1728036751049 1.6483300924301147 0
1728036751110 1.5933202505111694 0
1728036751173 1.7426326274871826 0
1728036751235 1.7671905755996704 0
