1728036750376 0.6364811211824417 0
1728036750438 0.41933880746364594 0
1728036750498 0.3931369576603174 0
1728036750559 0.39228393882513046 0
1728036750619 0.3918102253228426 0
1728036750680 0.39140562806278467 0
1728036750740 0.3909235019236803 0
1728036750799 0.3902811221778393 0
1728036750859 0.3896678565070033 0
1728036750918 0.3888945188373327 0
1728036750980 0.38790220115333796 0
1728036751040 0.38682096265256405 0
1728036751101 0.3857873734086752 0
1728036751164 0.38445847760885954 0
1728036751226 0.38280272018164396 0
