1705659045767 0.8121827244758606 0
1705659045791 0.817258894443512 0
1705659045816 0.8253806829452515 0
1705659045842 0.8335025310516357 0
1705659045868 0.8456853032112122 0
1705659045893 0.8385787010192871 0
1705659045917 0.8253806829452515 0
1705659045942 0.8152284026145935 0
1705659045965 0.8294416069984436 0
1705659045991 0.8263959288597107 0
1705659046015 0.8426395654678345 0
1705659046039 0.8314720988273621 0
1705659046063 0.8335025310516357 0
1705659046087 0.8324872851371765 0
1705659046111 0.8436548113822937 0
1705659046135 0.8446700572967529 0
1705659046159 0.8456853032112122 0
1705659046183 0.8487309813499451 0
1705659046207 0.8426395654678345 0
1705659046230 0.8467004895210266 0
1705659046254 0.8527919054031372 0
1705659046279 0.8548223376274109 0
1705659046324 0.8507614135742188 0
1705659046351 0.8578680157661438 0
1705659046377 0.8619289398193359 0
1705659046406 0.8598984479904175 0
1705659046434 0.8619289398193359 0
1705659046458 0.8659898638725281 0
1705659046481 0.879187822341919 0
1705659046505 0.8812182545661926 0
1705659046530 0.8903553485870361 0
1705659046554 0.92081218957901 0
1705659046578 0.9289340376853943 0
1705659046602 0.9461929202079773 0
1705659046626 0.9573603868484497 0
1705659046656 0.9624365568161011 0
1705659046684 0.9847715497016907 0
1705659046709 0.9908629655838013 0
1705659046733 1.0111675262451172 0
1705659046758 1.01421320438385 0
1705659046783 1.0152283906936646 0
1705659046807 1.0213197469711304 0
1705659046831 1.0243654251098633 0
1705659046856 1.0335025787353516 0
1705659046880 1.0304569005966187 0
1705659046903 1.037563443183899 0
1705659046927 1.0406091213226318 0
1705659046951 1.0426396131515503 0
1705659046974 1.0507614612579346 0
1705659046998 1.054822325706482 0
1705659047022 1.0568528175354004 0
