1705659045761 0.6872257962822914 0
1705659045786 0.6809256747364998 0
1705659045810 0.6731588765978813 0
1705659045836 0.6634547263383865 0
1705659045863 0.6511373519897461 0
1705659045887 0.6359899863600731 0
1705659045911 0.6180889829993248 0
1705659045936 0.597448468208313 0
1705659045960 0.5747511759400368 0
1705659045984 0.5502361357212067 0
1705659046009 0.5250329673290253 0
1705659046033 0.5006019063293934 0
1705659046057 0.4779091216623783 0
1705659046081 0.4579666443169117 0
1705659046106 0.44231803715229034 0
1705659046129 0.43001653254032135 0
1705659046153 0.4209024906158447 0
1705659046177 0.41446826606988907 0
1705659046201 0.4095821790397167 0
1705659046225 0.40597862750291824 0
1705659046249 0.40307727456092834 0
1705659046273 0.4008006118237972 0
1705659046305 0.39889639616012573 0
1705659046345 0.39764276146888733 0
1705659046370 0.39648303762078285 0
1705659046399 0.3955720029771328 0
1705659046428 0.39482075721025467 0
1705659046452 0.39427339658141136 0
1705659046476 0.39376333728432655 0
1705659046500 0.3933273181319237 0
1705659046524 0.3930455818772316 0
1705659046548 0.3927917703986168 0
1705659046572 0.39248182997107506 0
1705659046597 0.39240389317274094 0
1705659046621 0.3921588435769081 0
1705659046649 0.3920360580086708 0
1705659046678 0.39189720898866653 0
1705659046703 0.39182594791054726 0
1705659046728 0.3917234353721142 0
1705659046752 0.39163776487112045 0
1705659046777 0.3915126174688339 0
1705659046801 0.39144762605428696 0
1705659046825 0.39134424924850464 0
1705659046850 0.3912668712437153 0
1705659046874 0.3912428766489029 0
1705659046898 0.3910994604229927 0
1705659046921 0.3910714387893677 0
1705659046945 0.39100707694888115 0
1705659046969 0.3909328877925873 0
1705659046992 0.39088596403598785 0
1705659047016 0.3908240646123886 0
