1707473414180 0.6876884326338768 0
1707473414210 0.6629870571196079 0
1707473414239 0.61783567070961 0
1707473414269 0.547750685364008 0
1707473414298 0.4713850039988756 0
1707473414327 0.4247306529432535 0
1707473414357 0.40730687603354454 0
1707473414390 0.3992696516215801 0
1707473414422 0.39529266580939293 0
1707473414453 0.3935779929161072 0
1707473414486 0.39265220053493977 0
1707473414517 0.39229630678892136 0
1707473414549 0.39213549718260765 0
1707473414581 0.3919493053108454 0
1707473414612 0.39181337133049965 0
1707473414645 0.39172936975955963 0
1707473414680 0.39156606420874596 0
1707473414714 0.39150512404739857 0
1707473414746 0.39139372669160366 0
1707473414777 0.3912861477583647 0
