1707473414186 0.796558678150177 0
1707473414215 0.7995951175689697 0
1707473414245 0.7813765406608582 0
1707473414275 0.8117408752441406 0
1707473414304 0.8168016076087952 0
1707473414333 0.8168016076087952 0
1707473414363 0.8228744864463806 0
1707473414396 0.8238866329193115 0
1707473414428 0.8360323905944824 0
1707473414460 0.8532388806343079 0
1707473414492 0.873481810092926 0
1707473414523 0.9048582911491394 0
1707473414555 0.9109311699867249 0
1707473414587 0.9362348318099976 0
1707473414618 0.9483805894851685 0
1707473414652 0.9817813634872437 0
1707473414686 0.9929149746894836 0
1707473414720 1.0202429294586182 0
1707473414752 1.025303602218628 0
1707473414786 1.0192307233810425 0
