1712916733545 0.6864583566784859 0
1712916733592 0.6679913550615311 0
1712916733641 0.6354222223162651 0
1712916733689 0.5763937383890152 0
1712916733737 0.48956451937556267 0
1712916733783 0.41409559920430183 0
1712916733828 0.3992611989378929 0
1712916733874 0.4005056843161583 0
1712916733920 0.3936058469116688 0
1712916733967 0.39293206855654716 0
1712916734012 0.3928065001964569 0
1712916734058 0.3921760097146034 0
1712916734103 0.39207904785871506 0
1712916734149 0.3918900415301323 0
1712916734195 0.39172789454460144 0
1712916734285 0.39160364493727684 0
1712916734331 0.3914148360490799 0
1712916734376 0.391252513974905 0
1712916734423 0.39109452068805695 0
1712916734471 0.39091508463025093 0
1712916734518 0.3907587602734566 0
1712916734563 0.3905808702111244 0
1712916734608 0.3904195725917816 0
