1708078267824 0.6867835233288426 0
1708078267889 0.6798129754681741 0
1708078267952 0.66830769085115 0
1708078268015 0.646378061463756 0
1708078268077 0.6098657288858967 0
1708078268140 0.5602176554741398 0
1708078268202 0.5063770394171437 0
1708078268264 0.46079479686675534 0
1708078268327 0.43055304692637536 0
1708078268391 0.4139749378927292 0
1708078268454 0.405462259246457 0
1708078268516 0.4006465548469174 0
1708078268580 0.39781618598968754 0
1708078268644 0.3959905918567411 0
1708078268706 0.3947352497808395 0
1708078268769 0.3938611832357222 0
1708078268832 0.39323548539992303 0
1708078268894 0.3927733302116394 0
1708078268957 0.3924629226807625 0
1708078269021 0.3922126081682021 0
1708078269084 0.3920018173033191 0
1708078269147 0.3918613176192007 0
1708078269210 0.3917056764325788 0
1708078269273 0.3916059309436429 0
1708078269336 0.39148023820692496 0
1708078269399 0.39138437759491707 0
1708078269463 0.39130504285135576 0
1708078269527 0.39121604830987994 0
1708078269604 0.3911160009522592 0
1708078269672 0.391020066315128 0
1708078269751 0.39092048906510873 0
1708078269842 0.3908478338872233 0
1708078269911 0.3907313144976093 0
1708078269973 0.3906439465861167 0
1708078270038 0.3905453672332148 0
1708078270103 0.390440268862632 0
