1703239814519 0.8216106295585632 0
1703239814552 0.8246687054634094 0
1703239814585 0.8277267813682556 0
1703239814692 0.8216106295585632 0
1703239814803 0.8205912113189697 0
1703239814865 0.8175331354141235 0
1703239814898 0.8246687054634094 0
1703239814932 0.8134556412696838 0
1703239814963 0.8460754156112671 0
1703239814996 0.8909276127815247 0
1703239815031 0.8858307600021362 0
1703239815065 0.9347604513168335 0
1703239815098 0.9398573040962219 0
1703239815131 0.9745157957077026 0
1703239815163 0.9877675771713257 0
1703239815198 0.9877675771713257 0
1703239815301 1.0081549882888794 0
1703239815368 1.0050967931747437 0
1703239815400 1.0285422801971436 0
1703239815433 1.049949049949646 0
1703239815465 1.067278265953064 0
1703239815528 1.1141692399978638 0
1703239815567 1.1274210214614868 0
1703239815602 1.153924584388733 0
1703239815638 1.1580020189285278 0
1703239815680 1.1824668645858765 0
1703239815720 1.2201834917068481 0
1703239815862 1.2150866985321045 0
1703239815897 1.2497451305389404 0
1703239816010 1.265035629272461 0
1703239816044 1.2731906175613403 0
1703239816080 1.324159026145935 0
1703239816151 1.3506625890731812 0
