1694167802138 0.686411015689373 0
1694167802167 0.6805294379591942 0
1694167802195 0.6725950092077255 0
1694167802224 0.6604811027646065 0
1694167802251 0.6411010846495628 0
1694167802279 0.6122877970337868 0
1694167802308 0.5736578777432442 0
1694167802335 0.5281265527009964 0
1694167802363 0.48186219856143 0
1694167802391 0.44392089918255806 0
1694167802419 0.4195259176194668 0
1694167802450 0.407378688454628 0
1694167802478 0.40177540853619576 0
1694167802506 0.39810885861516 0
1694167802534 0.395482137799263 0
1694167802561 0.3939279653131962 0
1694167802588 0.39316995814442635 0
1694167802616 0.39264388754963875 0
1694167802643 0.39238500222563744 0
1694167802671 0.3922094516456127 0
1694167802698 0.3920346163213253 0
1694167802726 0.391961008310318 0
1694167802752 0.39186789840459824 0
1694167802779 0.39182913675904274 0
