1729851176654 0.7952987551689148 0
1729851176711 0.7894221544265747 0
1729851176768 0.7864838242530823 0
1729851176825 0.806072473526001 0
1729851176962 0.8207639455795288 0
1729851177019 0.8227227926254272 0
1729851177077 0.8207639455795288 0
1729851177134 0.8344759941101074 0
1729851177190 0.8305583000183105 0
1729851177249 0.8403525948524475 0
1729851177306 0.8540646433830261 0
1729851177365 0.9059745073318481 0
1729851177423 0.9627816081047058 0
1729851177480 0.9706170558929443 0
1729851177539 0.9921645522117615 0
1729851177598 1.0186091661453247 0
1729851177656 1.0176297426223755 0
1729851177714 1.0274240970611572 0
