1686305412930 0.7970711588859558 0
1686305412963 0.8033472895622253 0
1686305412994 0.8158996105194092 0
1686305413024 0.8253138065338135 0
1686305413054 0.8284518718719482 0
1686305413085 0.8211296796798706 0
1686305413117 0.8263598084449768 0
1686305413147 0.8242678046226501 0
1686305413178 0.8179916143417358 0
1686305413210 0.8284518718719482 0
1686305413241 0.819037675857544 0
1686305413273 0.8138075470924377 0
1686305413304 0.823221743106842 0
1686305413334 0.8096234202384949 0
1686305413366 0.7981171607971191 0
1686305413395 0.7960250973701477 0
1686305413425 0.7918410301208496 0
1686305413456 0.8033472895622253 0
1686305413486 0.7939330339431763 0
1686305413515 0.7887029051780701 0
1686305413546 0.7876569032669067 0
1686305413577 0.784518837928772 0
1686305413608 0.7803347110748291 0
1686305413638 0.7887029051780701 0
1686305413667 0.7876569032669067 0
1686305413696 0.7876569032669067 0
1686305413726 0.7866109013557434 0
1686305413755 0.7834727764129639 0
1686305413785 0.7866109013557434 0
1686305413814 0.7824267745018005 0
1686305413844 0.7866109013557434 0
1686305413874 0.7949790954589844 0
1686305413904 0.8002092242240906 0
1686305413934 0.8043932914733887 0
1686305413965 0.8200836777687073 0
1686305413995 0.8148535490036011 0
1686305414025 0.8158996105194092 0
1686305414057 0.8169456124305725 0
1686305414087 0.8200836777687073 0
1686305414117 0.823221743106842 0
1686305414148 0.839958131313324 0
1686305414178 0.8483263850212097 0
1686305414208 0.8525104522705078 0
1686305414237 0.8546025156974792 0
1686305414267 0.8786610960960388 0
1686305414298 0.892259418964386 0
1686305414330 0.9037656784057617 0
1686305414361 0.9079498052597046 0
1686305414393 0.9225941300392151 0
1686305414423 0.9110878705978394 0
1686305414454 0.9069037437438965 0
1686305414488 0.9142259359359741 0
1686305414518 0.9069037437438965 0
1686305414548 0.9027196764945984 0
1686305414580 0.9089958071708679 0
1686305414611 0.9069037437438965 0
1686305414642 0.910041868686676 0
1686305414673 0.9215481281280518 0
1686305414703 0.9341003894805908 0
1686305414734 0.9194560647010803 0
1686305414764 0.9163179993629456 0
1686305414795 0.9205020666122437 0
1686305414826 0.9246861934661865 0
1686305414856 0.9288703203201294 0
1686305414887 0.9299163222312927 0
1686305414917 0.9341003894805908 0
1686305414946 0.939330518245697 0
1686305414978 0.9288703203201294 0
1686305415010 0.9372385144233704 0
1686305415041 0.9382845163345337 0
1686305415072 0.9382845163345337 0
1686305415103 0.9445606470108032 0
1686305415134 0.9456067085266113 0
1686305415165 0.9476987719535828 0
1686305415196 0.9518828392028809 0
1686305415226 0.9435146450996399 0
1686305415256 0.9424686431884766 0
