1685700603812 0.6814534982045491 0
1685700603867 0.6685779054959615 0
1685700603914 0.6411490718523661 0
1685700603962 0.5874158263206481 0
1685700604007 0.5120459934075673 0
1685700604049 0.44606085220972697 0
1685700604090 0.4140553136666616 0
1685700604132 0.4026675820350647 0
1685700604173 0.39714234868685405 0
1685700604216 0.3943062961101532 0
1685700604257 0.3931303342183431 0
1685700604299 0.3924866219361623 0
1685700604341 0.3921689252058665 0
1685700604383 0.3919570287068685 0
1685700604424 0.3917888085047404 0
