1685700603817 0.8115183115005493 0
1685700603871 0.7863874435424805 0
1685700603919 0.8073298335075378 0
1685700603967 0.7937172651290894 0
1685700604011 0.7979057431221008 0
1685700604053 0.7874345779418945 0
1685700604094 0.7958115339279175 0
1685700604136 0.8073298335075378 0
1685700604177 0.8198952674865723 0
1685700604220 0.8303664922714233 0
1685700604261 0.8942408561706543 0
1685700604303 0.9308900237083435 0
1685700604345 0.9287958145141602 0
1685700604387 0.9685863852500916 0
1685700604428 0.9759162068367004 0
