1697191862558 0.6833925131828554 0
1697191862619 0.5789027627437345 0
1697191862684 0.41980280799250447 0
1697191862746 0.39516586257565406 0
1697191862808 0.3926165276958096 0
1697191862873 0.3921253325477723 0
1697191862936 0.3918323391868222 0
1697191863002 0.39155836932120786 0
1697191863067 0.3911594786951619 0
1697191863130 0.3907997627412119 0
1697191863196 0.3903919842935378 0
1697191863260 0.38995316047822276 0
1697191863325 0.3894598310993564 0
1697191863389 0.38886967301368713 0
1697191863453 0.38816421358816083 0
1697191863518 0.3876210278080356 0
1697191863584 0.38692337178414865 0
1697191863650 0.3861575376602911 0
1697191863717 0.38528358936309814 0
1697191863781 0.3844228184992267 0
1697191863846 0.38342020973082513 0
1697191863911 0.38222684591047223 0
1697191863978 0.38106911509267744 0
1697191864046 0.3799513655324136 0
1697191864112 0.37862907398131584 0
1697191864178 0.37737649294637865 0
1697191864243 0.37606029260543083 0
1697191864310 0.37458079764919894 0
