1697191862563 0.7890946269035339 0
1697191862624 0.8096708059310913 0
1697191862690 0.8353909254074097 0
1697191862751 0.8786008358001709 0
1697191862814 0.9670782089233398 0
1697191862878 1.0216048955917358 0
1697191862941 1.0288065671920776 0
1697191863008 1.0627572536468506 0
1697191863072 1.1193416118621826 0
1697191863135 1.1399177312850952 0
1697191863201 1.1718107461929321 0
1697191863265 1.23353910446167 0
1697191863330 1.298353910446167 0
1697191863394 1.338477373123169 0
1697191863458 1.3806583881378174 0
1697191863524 1.5113168954849243 0
1697191863589 1.5154321193695068 0
1697191863656 1.5874485969543457 0
1697191863722 1.6893004179000854 0
1697191863786 1.7294238805770874 0
1697191863852 1.788065791130066 0
1697191863917 1.8127572536468506 0
1697191863984 1.8703703880310059 0
1697191864051 1.9176955223083496 0
1697191864117 1.9382716417312622 0
1697191864183 1.968106985092163 0
1697191864249 1.9845678806304932 0
1697191864316 2.0380659103393555 0
