1710497392924 0.819556474685669 0
1710497392953 0.819556474685669 0
1710497392983 0.8064516186714172 0
1710497393011 0.8135080933570862 0
1710497393040 0.8064516186714172 0
1710497393071 0.7973790168762207 0
1710497393101 0.7933467626571655 0
1710497393141 0.8598790168762207 0
1710497393176 0.8881048560142517 0
1710497393206 0.9294354915618896 0
1710497393250 0.9193548560142517 0
1710497393289 0.9405242204666138 0
1710497393327 0.9435483813285828 0
1710497393357 0.9737903475761414 0
1710497393387 0.9717742204666138 0
1710497393417 1.0050402879714966 0
1710497393501 0.992943525314331 0
1710497393535 1.0322580337524414 0
1710497393566 1.044354796409607 0
1710497393601 1.0856854915618896 0
1710497393634 1.100806474685669 0
