1710497392917 0.6840800791978836 0
1710497392947 0.6647257879376411 0
1710497392976 0.6308604180812836 0
1710497393005 0.5736744552850723 0
1710497393033 0.4938000440597534 0
1710497393064 0.4212505742907524 0
1710497393093 0.39986418932676315 0
1710497393133 0.40079082176089287 0
1710497393169 0.3943232484161854 0
1710497393200 0.3927321583032608 0
1710497393241 0.39272334799170494 0
1710497393279 0.39217379689216614 0
1710497393320 0.39196522906422615 0
1710497393351 0.39184100925922394 0
1710497393381 0.3916778415441513 0
1710497393410 0.391526211053133 0
1710497393462 0.39136243611574173 0
1710497393529 0.39119353517889977 0
1710497393559 0.39102349430322647 0
1710497393591 0.39088060334324837 0
1710497393627 0.39065635576844215 0
