1705054267131 0.6913420632481575 0
1705054267171 0.6869892999529839 0
1705054267209 0.682142086327076 0
1705054267238 0.6758045330643654 0
1705054267267 0.6668541803956032 0
1705054267295 0.654309518635273 0
1705054267325 0.6371318697929382 0
1705054267354 0.6139534711837769 0
1705054267384 0.5844855234026909 0
1705054267413 0.5498532503843307 0
1705054267441 0.5130944326519966 0
1705054267488 0.47814033925533295 0
1705054267547 0.4490237459540367 0
1705054267591 0.4285396747291088 0
1705054267619 0.41522685810923576 0
1705054267647 0.40760889276862144 0
1705054267675 0.40314096584916115 0
1705054267704 0.39987341314554214 0
1705054267809 0.39763912931084633 0
1705054267946 0.3959828205406666 0
1705054267986 0.39486879855394363 0
1705054268013 0.39409706741571426 0
1705054268040 0.3935643173754215 0
1705054268068 0.3931255117058754 0
1705054268095 0.39279666543006897 0
1705054268122 0.3926198370754719 0
1705054268149 0.3924187831580639 0
1705054268176 0.39231709763407707 0
1705054268203 0.3922053910791874 0
1705054268230 0.3920862711966038 0
1705054268257 0.3920181505382061 0
1705054268284 0.39191608503460884 0
1705054268312 0.39183110371232033 0
1705054268339 0.39178110659122467 0
1705054268367 0.39169520512223244 0
1705054268395 0.39164381474256516 0
1705054268422 0.39156361669301987 0
1705054268459 0.39152156189084053 0
1705054268489 0.3914215601980686 0
1705054268522 0.39134665951132774 0
1705054268549 0.3912990354001522 0
1705054268577 0.3911961503326893 0
1705054268609 0.3911592476069927 0
1705054268640 0.3910239562392235 0
1705054268672 0.39099638164043427 0
1705054268710 0.3908698819577694 0
1705054268742 0.3908021114766598 0
1705054268772 0.3907239958643913 0
1705054268800 0.39061546325683594 0
1705054268828 0.39056602492928505 0
1705054268855 0.39042649418115616 0
1705054268885 0.39035550504922867 0
