1705054267140 0.7815040946006775 0
1705054267180 0.7825203537940979 0
1705054267215 0.7906504273414612 0
1705054267245 0.7865853905677795 0
1705054267274 0.7876016497612 0
1705054267303 0.7916666865348816 0
1705054267332 0.8221544623374939 0
1705054267360 0.8160569071769714 0
1705054267391 0.8231707215309143 0
1705054267420 0.8343495726585388 0
1705054267448 0.8333333134651184 0
1705054267496 0.8353658318519592 0
1705054267554 0.8160569071769714 0
1705054267598 0.8201219439506531 0
1705054267625 0.8191056847572327 0
1705054267653 0.8211382031440735 0
1705054267682 0.8191056847572327 0
1705054267711 0.8191056847572327 0
1705054267817 0.8292682766914368 0
1705054267965 0.8262194991111755 0
1705054267992 0.815040647983551 0
1705054268019 0.8394308686256409 0
1705054268046 0.8567073345184326 0
1705054268074 0.8780487775802612 0
1705054268101 0.8780487775802612 0
1705054268128 0.9085366129875183 0
1705054268156 0.9126016497612 0
1705054268183 0.9329268336296082 0
1705054268210 0.9461382031440735 0
1705054268236 0.957317054271698 0
1705054268263 0.9634146094322205 0
1705054268291 0.9583333134651184 0
1705054268318 0.9654471278190613 0
1705054268345 0.9603658318519592 0
1705054268374 0.9806910753250122 0
1705054268401 0.9918699264526367 0
1705054268429 0.9959349632263184 0
1705054268466 0.9989837408065796 0
1705054268497 1.010162591934204 0
1705054268528 1.0152438879013062 0
1705054268556 1.0264227390289307 0
1705054268583 1.0264227390289307 0
1705054268617 1.0325202941894531 0
1705054268647 1.0599592924118042 0
1705054268681 1.0670732259750366 0
1705054268717 1.080284595489502 0
1705054268750 1.0813008546829224 0
1705054268778 1.090447187423706 0
1705054268806 1.1016260385513306 0
1705054268834 1.1006097793579102 0
1705054268862 1.1097561120986938 0
1705054268891 1.1321138143539429 0
