1732875217671 0.7904483675956726 0
1732875217705 0.7865496873855591 0
1732875217738 0.8040935397148132 0
1732875217772 0.8040935397148132 0
1732875217805 0.7953216433525085 0
1732875217838 0.7894737124443054 0
1732875217871 0.7992202639579773 0
1732875217905 0.7953216433525085 0
1732875217938 0.7943469882011414 0
1732875217971 0.8001949191093445 0
1732875218005 0.7904483675956726 0
1732875218038 0.7826510667800903 0
1732875218071 0.7943469882011414 0
1732875218104 0.8011695742607117 0
1732875218143 0.8021442294120789 0
1732875218178 0.7982456088066101 0
1732875218217 0.803118884563446 0
1732875218257 0.8099415302276611 0
1732875218292 0.819688081741333 0
1732875218333 0.820662796497345 0
1732875218368 0.8138401508331299 0
1732875218403 0.8187134265899658 0
1732875218437 0.8157894611358643 0
1732875218471 0.8167641162872314 0
1732875218595 0.8167641162872314 0
1732875218629 0.8167641162872314 0
1732875218664 0.8177387714385986 0
1732875218698 0.8187134265899658 0
1732875218733 0.8265107274055481 0
1732875218770 0.8304093480110168 0
1732875218803 0.8226121068000793 0
1732875218836 0.8391813039779663 0
1732875218871 0.8508771657943726 0
1732875218913 0.8684210777282715 0
1732875218951 0.8508771657943726 0
1732875218984 0.8538011908531189 0
1732875219021 0.8635477423667908 0
1732875219056 0.8654970526695251 0
1732875219091 0.8615984320640564 0
1732875219127 0.8723196983337402 0
1732875219163 0.8635477423667908 0
1732875219198 0.8781676292419434 0
1732875219233 0.876218318939209 0
1732875219267 0.8547758460044861 0
1732875219301 0.892787516117096 0
1732875219335 0.88791424036026 0
1732875219367 0.9103313684463501 0
1732875219400 0.9025341272354126 0
1732875219432 0.9307992458343506 0
1732875219465 0.9346978664398193 0
1732875219498 0.9346978664398193 0
1732875219531 0.9580896496772766 0
1732875219564 0.9775828719139099 0
