1688724748324 0.6962849274277687 0
1688724748355 0.6897875294089317 0
1688724748386 0.6821421906352043 0
1688724748419 0.6711168885231018 0
1688724748451 0.6531719639897346 0
1688724748483 0.6248109862208366 0
1688724748513 0.5835647732019424 0
1688724748543 0.5309998020529747 0
1688724748573 0.47585827857255936 0
1688724748604 0.4326408617198467 0
1688724748634 0.41152070835232735 0
1688724748675 0.4044453203678131 0
1688724748716 0.39990098401904106 0
1688724748751 0.39581121876835823 0
1688724748787 0.39388809725642204 0
1688724748876 0.3932098113000393 0
1688724748985 0.3926374614238739 0
1688724749084 0.39230433851480484 0
1688724749146 0.3922116048634052 0
1688724749214 0.3920168802142143 0
1688724749276 0.3919852450489998 0
1688724749319 0.3918183781206608 0
1688724749365 0.3917526341974735 0
