1697796687916 0.7872558832168579 0
1697796688006 0.7841726541519165 0
1697796688134 0.7821171879768372 0
1697796688204 0.7872558832168579 0
1697796688264 0.7923946380615234 0
1697796688322 0.8304213881492615 0
1697796688382 0.9054470658302307 0
1697796688441 0.9763617515563965 0
1697796688498 1.0092496871948242 0
1697796688555 1.0277491807937622 0
1697796688613 1.0503597259521484 0
1697796688671 1.0883864164352417 0
1697796688733 1.0822199583053589 0
1697796688793 1.1171634197235107 0
1697796688851 1.1593011617660522 0
