1697796687909 0.6693982981866405 0
1697796688000 0.6281377980785985 0
1697796688128 0.5313394031217021 0
1697796688198 0.43240743779367014 0
1697796688258 0.40175980041103976 0
1697796688316 0.3948321919287405 0
1697796688376 0.3928423446993674 0
1697796688436 0.39214881004825713 0
1697796688493 0.39181034411153487 0
1697796688550 0.39150656615534135 0
1697796688607 0.39126305426320723 0
1697796688665 0.39105797390783986 0
1697796688725 0.39082076088074713 0
1697796688787 0.3905813117181101 0
1697796688845 0.39038732647895813 0
