1699611067493 0.6914730072021484 0
1699611067526 0.6879608035087585 0
1699611067558 0.6843527927994728 0
1699611067592 0.6803091615438461 0
1699611067630 0.6755824387073517 0
1699611067671 0.670075848698616 0
1699611067714 0.663463793694973 0
1699611067749 0.6552674621343613 0
1699611067798 0.645590677857399 0
1699611067838 0.6339313462376595 0
1699611067870 0.6199525147676468 0
1699611067907 0.603804886341095 0
1699611067939 0.5854829102754593 0
1699611067970 0.5657178536057472 0
1699611068001 0.5442924052476883 0
1699611068033 0.522734560072422 0
1699611068064 0.5011241473257542 0
1699611068096 0.4804159477353096 0
1699611068128 0.46167564019560814 0
1699611068159 0.445288073271513 0
1699611068190 0.43210209906101227 0
1699611068221 0.4214175306260586 0
1699611068251 0.4137481451034546 0
1699611068284 0.4083576276898384 0
1699611068319 0.4044034741818905 0
1699611068387 0.40133680775761604 0
1699611068420 0.3993672579526901 0
1699611068452 0.3978054150938988 0
1699611068485 0.39659684523940086 0
1699611068518 0.39563848078250885 0
1699611068550 0.3949563056230545 0
1699611068580 0.39423635229468346 0
1699611068614 0.39390379190444946 0
1699611068647 0.3934473991394043 0
1699611068679 0.393185269087553 0
1699611068710 0.39296025410294533 0
1699611068747 0.392684493213892 0
1699611068780 0.3925984241068363 0
1699611068817 0.3924128822982311 0
1699611068852 0.3922562226653099 0
1699611068888 0.39218437299132347 0
1699611068924 0.39211999997496605 0
1699611068959 0.392060536891222 0
1699611068993 0.3920171596109867 0
1699611069025 0.39194076508283615 0
1699611069058 0.39188769832253456 0
1699611069090 0.3918832875788212 0
1699611069122 0.3917777091264725 0
