1726827167026 0.8121927380561829 0
1726827167084 0.7994100451469421 0
1726827167228 0.7866273522377014 0
1726827167321 0.7885938882827759 0
1726827167380 0.7846607565879822 0
1726827167435 0.7944936156272888 0
1726827167491 0.7915437817573547 0
1726827167549 0.8121927380561829 0
1726827167663 0.8318583965301514 0
1726827167738 0.8377581238746643 0
1726827167792 0.8623402118682861 0
1726827167850 0.8898721933364868 0
1726827167910 0.8947886228561401 0
1726827167988 0.904621422290802 0
1726827168095 0.9174041152000427 0
1726827168148 0.9252703785896301 0
1726827168202 0.9360865354537964 0
1726827168262 0.9213372468948364 0
1726827168326 0.95476895570755 0
1726827168387 0.9606686234474182 0
1726827168443 0.9626352190971375 0
1726827168495 0.9901671409606934 0
1726827168548 0.982300877571106 0
1726827168600 0.9882006049156189 0
1726827168657 0.9882006049156189 0
1726827168719 0.9960668683052063 0
1726827168779 1.0186823606491089 0
1726827168837 1.0245821475982666 0
1726827168897 1.039331316947937 0
1726827168955 1.0462143421173096 0
1726827169017 1.067846655845642 0
