1685095965882 0.8417190909385681 0
1685095965956 0.8113207817077637 0
1685095966027 0.9538784027099609 0
1685095966100 1.0 0
1685095966174 1.0293501615524292 0
1685095966248 1.0712788105010986 0
1685095966323 1.1771488189697266 0
1685095966392 1.2033542394638062 0
1685095966460 1.2494758367538452 0
1685095966591 1.3668763637542725 0
1685095966663 1.390985369682312 0
1685095966734 1.49895179271698 0
1685095966807 1.5545073747634888 0
1685095966880 1.5849056243896484 0
1685095967076 1.7306079864501953 0
