1729246439541 0.6928051188588142 0
1729246439580 0.6849588677287102 0
1729246439620 0.6750377342104912 0
1729246439659 0.6601053550839424 0
1729246439700 0.6362820193171501 0
1729246439738 0.5996720865368843 0
1729246439777 0.5487749353051186 0
1729246439816 0.48960690945386887 0
1729246439854 0.43727194890379906 0
1729246439936 0.4078362062573433 0
1729246440044 0.3997824788093567 0
1729246440109 0.3973928168416023 0
1729246440153 0.39444664120674133 0
1729246440200 0.3928317539393902 0
1729246440241 0.39247016981244087 0
1729246440284 0.39224033802747726 0
1729246440322 0.39205195009708405 0
1729246440365 0.3919225484132767 0
1729246440407 0.3918555825948715 0
1729246440447 0.39176536723971367 0
1729246440488 0.3916575163602829 0
1729246440526 0.3915704935789108 0
1729246440569 0.3914839141070843 0
1729246440608 0.3913810923695564 0
1729246440647 0.39129555970430374 0
1729246440689 0.39118706062436104 0
1729246440744 0.39109979942440987 0
1729246440791 0.39099637418985367 0
1729246440837 0.390889685600996 0
1729246440883 0.39076201617717743 0
1729246440924 0.3906528986990452 0
1729246440961 0.3905511051416397 0
1729246440998 0.390435628592968 0
1729246441036 0.39030734449625015 0
1729246441074 0.3901815451681614 0
1729246441112 0.39005207270383835 0
1729246441150 0.38994165882468224 0
1729246441187 0.3897894024848938 0
1729246441225 0.389641959220171 0
1729246441262 0.38950157538056374 0
1729246441300 0.38936126977205276 0
1729246441337 0.38919923827052116 0
1729246441387 0.3890443742275238 0
1729246441431 0.3888790085911751 0
1729246441470 0.3887157738208771 0
1729246441508 0.38853566348552704 0
1729246441548 0.38834984228014946 0
1729246441588 0.3881706967949867 0
1729246441625 0.3879650607705116 0
