1702030266224 0.6869822517037392 0
1702030266339 0.6838026270270348 0
1702030266445 0.680499754846096 0
1702030266490 0.6769470199942589 0
1702030266595 0.6729090735316277 0
1702030266620 0.6680426001548767 0
1702030266644 0.6622239872813225 0
1702030266669 0.6550828292965889 0
1702030266696 0.6463544443249702 0
1702030266723 0.6357739418745041 0
1702030266749 0.6231746822595596 0
1702030266776 0.6087037846446037 0
1702030266803 0.5920683294534683 0
1702030266829 0.5738458186388016 0
1702030266856 0.5545832514762878 0
1702030266891 0.5346447378396988 0
1702030266921 0.5146603137254715 0
1702030266982 0.49584685266017914 0
1702030267029 0.4792262725532055 0
1702030267053 0.4644799903035164 0
1702030267079 0.45190154016017914 0
1702030267104 0.442171897739172 0
1702030267128 0.43351881951093674 0
1702030267152 0.4267166554927826 0
1702030267176 0.42117371782660484 0
1702030267240 0.4165305308997631 0
1702030267264 0.41273409500718117 0
1702030267287 0.4095456711947918 0
1702030267314 0.4068962447345257 0
1702030267337 0.4047025106847286 0
1702030267361 0.4026227928698063 0
1702030267386 0.4012737311422825 0
1702030267410 0.39980923756957054 0
1702030267434 0.3986535891890526 0
1702030267458 0.3975767120718956 0
1702030267487 0.3967979922890663 0
1702030267512 0.39601990580558777 0
1702030267535 0.3954028934240341 0
1702030267558 0.39487554877996445 0
1702030267582 0.3943408541381359 0
1702030267606 0.394008569419384 0
1702030267631 0.3937191590666771 0
1702030267655 0.3934215046465397 0
1702030267680 0.3931819126009941 0
1702030267705 0.3929182030260563 0
1702030267730 0.3927403502166271 0
1702030267755 0.39255404844880104 0
1702030267781 0.39245202019810677 0
1702030267808 0.392290573567152 0
1702030267836 0.3921533301472664 0
1702030267863 0.3920772150158882 0
1702030267890 0.391980167478323 0
1702030267919 0.39191001281142235 0
1702030267987 0.3918626569211483 0
1702030268014 0.39176635444164276 0
1702030268039 0.3917101100087166 0
1702030268064 0.39165734499692917 0
1702030268090 0.391654584556818 0
1702030268115 0.39151667058467865 0
1702030268139 0.39148546382784843 0
1702030268164 0.39144786819815636 0
1702030268189 0.39140624552965164 0
1702030268214 0.3913579173386097 0
1702030268239 0.3913368321955204 0
1702030268264 0.39127084612846375 0
1702030268290 0.39127112552523613 0
1702030268315 0.39117276296019554 0
1702030268340 0.3911210335791111 0
1702030268378 0.3910868875682354 0
1702030268429 0.39105114340782166 0
1702030268481 0.39105037972331047 0
1702030268521 0.390985619276762 0
1702030268554 0.39092785865068436 0
1702030268592 0.39088666439056396 0
1702030268620 0.3908667005598545 0
1702030268645 0.39079613983631134 0
1702030268670 0.3907644934952259 0
