1700820627926 0.6966256871819496 0
1700820627948 0.693667896091938 0
1700820627970 0.6905278787016869 0
1700820627992 0.6871109381318092 0
1700820628014 0.6833136230707169 0
1700820628036 0.6787663921713829 0
1700820628060 0.6733370423316956 0
1700820628084 0.6665749326348305 0
1700820628108 0.6580507829785347 0
1700820628132 0.6473695337772369 0
1700820628160 0.6339639872312546 0
1700820628186 0.6176513656973839 0
1700820628214 0.5987240448594093 0
1700820628244 0.5772492960095406 0
1700820628274 0.5538347437977791 0
1700820628303 0.529444120824337 0
1700820628328 0.5049255937337875 0
1700820628349 0.48205625638365746 0
1700820628371 0.4610440097749233 0
1700820628393 0.44344596937298775 0
1700820628414 0.42954176664352417 0
1700820628436 0.41924626752734184 0
1700820628457 0.41202522814273834 0
1700820628480 0.4070289842784405 0
1700820628502 0.4039708599448204 0
1700820628523 0.4015752635896206 0
1700820628545 0.39985018223524094 0
1700820628567 0.3984483629465103 0
1700820628588 0.3974181115627289 0
1700820628610 0.3964078463613987 0
1700820628632 0.3957415074110031 0
1700820628654 0.39515335485339165 0
1700820628676 0.3946678526699543 0
1700820628698 0.39421847835183144 0
1700820628720 0.3939676657319069 0
1700820628741 0.39364972338080406 0
1700820628763 0.3934258036315441 0
1700820628785 0.3932448849081993 0
1700820628806 0.39312390983104706 0
1700820628828 0.3929799012839794 0
1700820628850 0.3928731828927994 0
1700820628872 0.39275188744068146 0
1700820628894 0.3926754519343376 0
1700820628916 0.3925883546471596 0
1700820628937 0.3924904987215996 0
1700820628959 0.39246489107608795 0
