1700820627931 0.8270214796066284 0
1700820627953 0.8321391940116882 0
1700820627975 0.8198567032814026 0
1700820627997 0.809621274471283 0
1700820628019 0.8147389888763428 0
1700820628041 0.8208802342414856 0
1700820628065 0.8290686011314392 0
1700820628089 0.8270214796066284 0
1700820628113 0.8259979486465454 0
1700820628138 0.8219037652015686 0
1700820628166 0.8137154579162598 0
1700820628192 0.8045035600662231 0
1700820628221 0.7881269454956055 0
1700820628250 0.7932446002960205 0
1700820628280 0.8034800291061401 0
1700820628309 0.7973387837409973 0
1700820628332 0.8014329671859741 0
1700820628354 0.8024564981460571 0
1700820628375 0.8055271506309509 0
1700820628398 0.8065506815910339 0
1700820628419 0.7952917218208313 0
1700820628441 0.7881269454956055 0
1700820628462 0.7819857001304626 0
1700820628485 0.7901740074157715 0
1700820628507 0.7881269454956055 0
1700820628528 0.7942681908607483 0
1700820628550 0.7911975383758545 0
1700820628572 0.7932446002960205 0
1700820628593 0.7922210693359375 0
1700820628615 0.809621274471283 0
1700820628637 0.8137154579162598 0
1700820628659 0.8137154579162598 0
1700820628681 0.8229273557662964 0
1700820628703 0.8280450105667114 0
1700820628724 0.8188331723213196 0
1700820628746 0.8116683959960938 0
1700820628768 0.8208802342414856 0
1700820628789 0.8198567032814026 0
1700820628811 0.8219037652015686 0
1700820628833 0.8290686011314392 0
1700820628855 0.8300921320915222 0
1700820628876 0.836233377456665 0
1700820628898 0.8444216847419739 0
1700820628921 0.8505629301071167 0
1700820628942 0.8607983589172363 0
1700820628963 0.8689866662025452 0
