1697191873225 0.8004115223884583 0
1697191873295 0.7911522388458252 0
1697191873362 0.9012345671653748 0
1697191873429 0.9320987462997437 0
1697191873498 0.9732510447502136 0
1697191873569 1.0123456716537476 0
1697191873643 1.0370370149612427 0
1697191873712 1.0987653732299805 0
1697191873780 1.1193416118621826 0
1697191873849 1.1378600597381592 0
1697191873917 1.1893004179000854 0
1697191873987 1.2325103282928467 0
1697191874056 1.3209877014160156 0
1697191874161 1.3456790447235107 0
1697191874229 1.4022634029388428 0
1697191874300 1.443415641784668 0
