1698401565383 0.8090348839759827 0
1698401565411 0.7936344742774963 0
1698401565438 0.8110883235931396 0
1698401565465 0.8049281239509583 0
1698401565492 0.7854209542274475 0
1698401565518 0.7885010242462158 0
1698401565545 0.7936344742774963 0
1698401565572 0.7854209542274475 0
1698401565599 0.8039014339447021 0
1698401565625 0.7967146039009094 0
1698401565652 0.7967146039009094 0
1698401565679 0.7977412939071655 0
1698401565706 0.7997946739196777 0
1698401565732 0.8172484636306763 0
1698401565759 0.8172484636306763 0
1698401565786 0.8295688033103943 0
1698401565812 0.870636522769928 0
1698401565840 0.8870636820793152 0
1698401565867 0.8942505121231079 0
1698401565894 0.907597541809082 0
1698401565921 0.9527720808982849 0
1698401565948 0.9527720808982849 0
1698401565975 0.9496920108795166 0
1698401566002 0.9507187008857727 0
1698401566029 0.9548254609107971 0
1698401566056 0.9733059406280518 0
1698401566083 0.977412760257721 0
1698401566110 0.9722792506217957 0
1698401566137 0.9938398599624634 0
1698401566163 1.0061601400375366 0
1698401566190 1.0123202800750732 0
1698401566217 1.0123202800750732 0
1698401566244 1.0338809490203857 0
1698401566270 1.0184805393218994 0
1698401566298 1.0585215091705322 0
1698401566324 1.0585215091705322 0
1698401566350 1.0739219188690186 0
1698401566377 1.0718685388565063 0
1698401566404 1.0698151588439941 0
1698401566431 1.0975359678268433 0
1698401566458 1.1016427278518677 0
1698401566485 1.0985625982284546 0
1698401566512 1.1201231479644775 0
1698401566539 1.1221766471862793 0
1698401566566 1.128336787223816 0
1698401566592 1.128336787223816 0
1698401566619 1.1262834072113037 0
1698401566646 1.1776180267333984 0
1698401566673 1.1683778762817383 0
1698401566700 1.1806981563568115 0
1698401566727 1.1714578866958618 0
