1698401565379 0.6871610321104527 0
1698401565406 0.6777499876916409 0
1698401565433 0.6644792221486568 0
1698401565460 0.6446641758084297 0
1698401565487 0.6158104166388512 0
1698401565514 0.5777642242610455 0
1698401565540 0.532326091080904 0
1698401565567 0.48898019827902317 0
1698401565594 0.45298270136117935 0
1698401565621 0.42938491329550743 0
1698401565648 0.41547389328479767 0
1698401565674 0.40797802060842514 0
1698401565701 0.4023701772093773 0
1698401565728 0.3994738068431616 0
1698401565754 0.3972719758749008 0
1698401565781 0.3956154175102711 0
1698401565808 0.39455738477408886 0
1698401565835 0.39385983534157276 0
1698401565862 0.3935187179595232 0
1698401565889 0.39285764656960964 0
1698401565916 0.3928212560713291 0
1698401565943 0.39267732948064804 0
1698401565970 0.3924346510320902 0
1698401565997 0.39230390079319477 0
1698401566024 0.392112385481596 0
1698401566051 0.3920166287571192 0
1698401566078 0.39185100607573986 0
1698401566105 0.3918613512068987 0
1698401566132 0.39165866933763027 0
1698401566159 0.391689658164978 0
1698401566185 0.3916006963700056 0
1698401566212 0.3914913721382618 0
1698401566239 0.3914329167455435 0
1698401566266 0.3913682084530592 0
1698401566293 0.3912437278777361 0
1698401566319 0.3911779299378395 0
1698401566346 0.39118464663624763 0
1698401566373 0.3910185806453228 0
1698401566400 0.3909010123461485 0
1698401566426 0.39096681773662567 0
1698401566453 0.3907905649393797 0
1698401566480 0.39067718014121056 0
1698401566507 0.3905173037201166 0
1698401566534 0.390494242310524 0
1698401566561 0.39041250012815 0
1698401566588 0.39035094529390335 0
1698401566615 0.39009065367281437 0
1698401566641 0.39002121798694134 0
1698401566668 0.39009432680904865 0
1698401566695 0.38988064229488373 0
1698401566723 0.389907393604517 0
