1712916726008 0.6865589991211891 0
1712916726047 0.6754079163074493 0
1712916726086 0.6568229123950005 0
1712916726165 0.6234278306365013 0
1712916726206 0.5677580535411835 0
1712916726324 0.492709394544363 0
1712916726474 0.4276663064956665 0
1712916726514 0.4045492932200432 0
1712916726553 0.40199263393878937 0
1712916726591 0.3956173211336136 0
1712916726630 0.3931293711066246 0
1712916726703 0.3930700980126858 0
1712916726743 0.39261341467499733 0
1712916726780 0.39240989834070206 0
1712916726905 0.39232975617051125 0
1712916726997 0.3922063000500202 0
1712916727035 0.3920811377465725 0
1712916727134 0.39197220653295517 0
1712916727180 0.3918509669601917 0
1712916727226 0.39176951348781586 0
1712916727264 0.39165184274315834 0
1712916727303 0.3915654122829437 0
1712916727343 0.3914315178990364 0
1712916727381 0.391318928450346 0
1712916727418 0.39122647047042847 0
1712916727455 0.3911038786172867 0
1712916727492 0.3909609168767929 0
1712916727626 0.3908243551850319 0
1712916727667 0.39073238894343376 0
1712916727705 0.39060092717409134 0
1712916727748 0.390454426407814 0
1712916727785 0.3902866989374161 0
1712916727823 0.3901689276099205 0
1712916727862 0.3900001607835293 0
1712916727986 0.389856930822134 0
1712916728023 0.38969332724809647 0
1712916728063 0.3895208276808262 0
1712916728100 0.38936784118413925 0
1712916728146 0.3891800306737423 0
