1708078266634 0.7684530019760132 0
1708078266689 0.7684530019760132 0
1708078266741 0.7765419483184814 0
1708078266844 0.7775530815124512 0
1708078266893 0.7633973956108093 0
1708078266969 0.7684530019760132 0
1708078267016 0.7644084692001343 0
1708078267064 0.7745197415351868 0
1708078267112 0.7906976938247681 0
1708078267161 0.8159757256507874 0
1708078267210 0.8422648906707764 0
1708078267259 0.8695651888847351 0
1708078267307 0.890798807144165 0
1708078267355 0.9221435785293579 0
1708078267451 0.9393326640129089 0
1708078267499 0.9585439562797546 0
1708078267546 0.9676440954208374 0
1708078267593 0.9686552286148071 0
1708078267640 0.9939332604408264 0
1708078267712 0.9848331809043884 0
