1708078266626 0.6869243308901787 0
1708078266681 0.6740256175398827 0
1708078266734 0.6528492867946625 0
1708078266836 0.6132435761392117 0
1708078266886 0.5483841337263584 0
1708078266961 0.47224763222038746 0
1708078267009 0.4217902850359678 0
1708078267056 0.4042915552854538 0
1708078267104 0.3982448913156986 0
1708078267153 0.3949578069150448 0
1708078267203 0.3934910763055086 0
1708078267252 0.3928382433950901 0
1708078267300 0.39243506267666817 0
1708078267347 0.3922237176448107 0
1708078267441 0.3920927494764328 0
1708078267492 0.3919256553053856 0
1708078267539 0.39181666262447834 0
1708078267586 0.3917205687612295 0
1708078267633 0.3916983213275671 0
1708078267705 0.3915690016001463 0
