1705659044181 0.6877966503943166 0
1705659044229 0.6759782452737132 0
1705659044270 0.6535969857246645 0
1705659044309 0.6025842370525483 0
1705659044348 0.5194066128423137 0
1705659044388 0.442134972541563 0
1705659044429 0.4097620633340651 0
1705659044469 0.4001332348392856 0
1705659044509 0.39605458128836846 0
1705659044549 0.39407781823988886 0
1705659044588 0.393099412802727 0
1705659044631 0.39252153711934246 0
1705659044674 0.3922213690896188 0
1705659044717 0.39199926583997663 0
1705659044756 0.39186345954095164 0
1705659044796 0.3917191009367666 0
1705659044836 0.39160121929260994 0
1705659044875 0.3914931849125893 0
1705659044915 0.39136927166292745 0
1705659044955 0.3912884218077506 0
1705659044994 0.3911804249209742 0
1705659045033 0.39101782056593126 0
