1712311954247 0.7648240923881531 0
1712311954310 0.7728643417358398 0
1712311954372 0.7899497747421265 0
1712311954435 0.8060301542282104 0
1712311954496 0.8020100593566895 0
1712311954561 0.909547746181488 0
1712311954625 0.9748743772506714 0
1712311954687 0.9557788968086243 0
1712311954751 1.004020094871521 0
1712311954816 1.0663316249847412 0
1712311954879 1.0633165836334229 0
1712311954943 1.0562814474105835 0
1712311955008 1.0964823961257935 0
1712311955070 1.1236181259155273 0
1712311955132 1.2060301303863525 0
1712311955204 1.148743748664856 0
1712311955360 1.2572864294052124 0
1712311955424 1.2954773902893066 0
1712311955486 1.305527687072754 0
1712311955547 1.3618090152740479 0
1712311955610 1.4683417081832886 0
1712311955672 1.4542713165283203 0
1712311955742 1.459296464920044 0
1712311955810 1.5256280899047852 0
1712311955877 1.5788944959640503 0
1712311955940 1.6552764177322388 0
1712311956004 1.6663316488265991 0
1712311956069 1.6763819456100464 0
1712311956132 1.79497492313385 0
1712311956199 1.8281407356262207 0
1712311956272 1.8331658840179443 0
