1712311954239 0.6873200535774231 0
1712311954303 0.6591532751917839 0
1712311954365 0.5868438966572285 0
1712311954427 0.46552950516343117 0
1712311954488 0.40169387869536877 0
1712311954553 0.39538354240357876 0
1712311954617 0.3922964595258236 0
1712311954679 0.39192486740648746 0
1712311954743 0.3916794378310442 0
1712311954808 0.3914978187531233 0
1712311954871 0.39120881631970406 0
1712311954935 0.39088043943047523 0
1712311954998 0.39069196581840515 0
1712311955062 0.39048677682876587 0
1712311955124 0.3901495896279812 0
1712311955195 0.3899383097887039 0
1712311955352 0.3896094635128975 0
1712311955416 0.3892566189169884 0
1712311955478 0.38890758715569973 0
1712311955539 0.3885586950927973 0
1712311955602 0.38826492615044117 0
1712311955664 0.38781463727355003 0
1712311955731 0.3873992133885622 0
1712311955801 0.38694604486227036 0
1712311955869 0.3865205552428961 0
1712311955932 0.3859954699873924 0
1712311955996 0.38551548682153225 0
1712311956061 0.38491378352046013 0
1712311956124 0.3844293039292097 0
1712311956190 0.3837724234908819 0
1712311956264 0.38311680778861046 0
