1709287852587 0.8121212124824524 0
1709287852640 0.8191919326782227 0
1709287852690 0.8171716928482056 0
1709287852739 0.8141413927078247 0
1709287852788 0.8121212124824524 0
1709287852841 0.7989898920059204 0
1709287852889 0.800000011920929 0
1709287852937 0.7979797720909119 0
1709287852985 0.7979797720909119 0
1709287853034 0.7929292917251587 0
1709287853085 0.7939394116401672 0
1709287853131 0.7858585715293884 0
1709287853176 0.7888888716697693 0
1709287853225 0.7909091114997864 0
1709287853278 0.7939394116401672 0
1709287853327 0.7929292917251587 0
1709287853377 0.7959595918655396 0
1709287853425 0.7989898920059204 0
1709287853474 0.8040404319763184 0
1709287853528 0.8313131332397461 0
1709287853589 0.8757575750350952 0
1709287853637 0.8979797959327698 0
1709287853686 0.9151515364646912 0
1709287853735 0.9333333373069763 0
1709287853782 0.9505050778388977 0
1709287853831 0.9686868786811829 0
1709287853880 1.0070706605911255 0
1709287853931 1.031313180923462 0
