1688119876060 0.7893639206886292 0
1688119876114 0.7747653722763062 0
1688119876169 0.7705943584442139 0
1688119876222 0.7705943584442139 0
1688119876276 0.8050051927566528 0
1688119876331 0.865484893321991 0
1688119876385 0.965589165687561 0
1688119876440 1.0020854473114014 0
1688119876495 0.9822732210159302 0
1688119876551 1.0177267789840698 0
1688119876607 1.0594369173049927 0
1688119876660 1.0625652074813843 0
1688119876715 1.092805027961731 0
1688119876770 1.1366006135940552 0
1688119876825 1.1584984064102173 0
1688119876881 1.1501563787460327 0
1688119876935 1.1751824617385864 0
1688119876990 1.2440041303634644 0
1688119877043 1.263816475868225 0
