1688119876056 0.6878950635592143 0
1688119876110 0.6380069573720296 0
1688119876165 0.5032044947147369 0
1688119876217 0.41506693661212923 0
1688119876272 0.398279196023941 0
1688119876326 0.3939275880654653 0
1688119876381 0.39268700083096825 0
1688119876435 0.3921704560518265 0
1688119876490 0.3919643133878708 0
1688119876546 0.391808545589447 0
1688119876603 0.3915566692749659 0
1688119876656 0.3913781007130941 0
1688119876710 0.3912241329749425 0
1688119876766 0.3910036305586497 0
1688119876821 0.39066565533479053 0
1688119876876 0.39040496150652565 0
1688119876931 0.3901562303304672 0
1688119876985 0.38988381922245025 0
1688119877039 0.3894990086555481 0
