1700820629693 0.8065506815910339 0
1700820629723 0.8188331723213196 0
1700820629751 0.8188331723213196 0
1700820629780 0.8321391940116882 0
1700820629808 0.8444216847419739 0
1700820629837 0.8413510918617249 0
1700820629866 0.8270214796066284 0
1700820629893 0.8444216847419739 0
1700820629922 0.8259979486465454 0
1700820629950 0.8300921320915222 0
1700820629981 0.8341862559318542 0
1700820630012 0.8454452157020569 0
1700820630043 0.836233377456665 0
1700820630072 0.835209846496582 0
1700820630101 0.8403275609016418 0
1700820630130 0.8393039703369141 0
1700820630159 0.8474923372268677 0
1700820630188 0.8495393991470337 0
1700820630217 0.8618218898773193 0
1700820630245 0.8659160733222961 0
1700820630274 0.8915045857429504 0
1700820630303 0.9109519124031067 0
1700820630335 0.938587486743927 0
1700820630363 0.9498464465141296 0
1700820630393 0.9682702422142029 0
1700820630422 0.9969293475151062 0
1700820630450 1.0102354288101196 0
1700820630479 1.0235414505004883 0
1700820630507 1.0184237957000732 0
1700820630535 1.0122824907302856 0
1700820630564 1.035823941230774 0
1700820630592 1.0573183298110962 0
1700820630620 1.0675537586212158 0
1700820630648 1.089048147201538 0
1700820630677 1.088024616241455 0
1700820630705 1.1177072525024414 0
1700820630732 1.161719560623169 0
1700820630760 1.1780961751937866 0
1700820630788 1.1801432371139526 0
1700820630815 1.167860746383667 0
1700820630844 1.1975435018539429 0
1700820630871 1.2047083377838135 0
1700820630899 1.2180143594741821 0
1700820630928 1.2251790761947632 0
1700820630960 1.2384852170944214 0
