1700820624892 0.690449483692646 0
1700820624924 0.6767867244780064 0
1700820624956 0.6526782475411892 0
1700820624987 0.6023782715201378 0
1700820625022 0.5154423452913761 0
1700820625054 0.43099251575767994 0
1700820625085 0.4016666319221258 0
1700820625118 0.39630378410220146 0
1700820625150 0.39350308291614056 0
1700820625182 0.39278879947960377 0
1700820625213 0.39255028776824474 0
1700820625245 0.3924618437886238 0
1700820625277 0.3923263270407915 0
1700820625309 0.39218475110828876 0
1700820625342 0.3920705821365118 0
1700820625374 0.3919007107615471 0
1700820625405 0.39188316836953163 0
1700820625437 0.3917233608663082 0
1700820625469 0.3917713947594166 0
1700820625500 0.3916535694152117 0
1700820625532 0.3913887422531843 0
1700820625563 0.3912281934171915 0
1700820625594 0.3911310341209173 0
