1720779089762 0.7817460298538208 0
1720779089812 0.7976190447807312 0
1720779089849 0.8065476417541504 0
1720779089886 0.7996031641960144 0
1720779089921 0.817460298538208 0
1720779089955 0.8015872836112976 0
1720779089989 0.800595223903656 0
1720779090025 0.800595223903656 0
1720779090059 0.8015872836112976 0
1720779090093 0.7996031641960144 0
1720779090126 0.8035714030265808 0
1720779090160 0.8144841194152832 0
1720779090193 0.8263888955116272 0
1720779090225 0.8283730149269104 0
1720779090257 0.8442460298538208 0
1720779090289 0.8809523582458496 0
1720779090320 0.9265872836112976 0
1720779090352 0.9474206566810608 0
1720779090384 0.983134925365448 0
1720779090416 0.9980158805847168 0
1720779090447 1.0496032238006592 0
1720779090483 1.038690447807312 0
1720779090520 1.0515873432159424 0
