1720779089753 0.6829246953129768 0
1720779089802 0.6697293445467949 0
1720779089840 0.6495179682970047 0
1720779089877 0.6183789074420929 0
1720779089912 0.5748093575239182 0
1720779089946 0.5224041678011417 0
1720779089980 0.471368033438921 0
1720779090017 0.4344693347811699 0
1720779090051 0.41602184623479843 0
1720779090085 0.40753399208188057 0
1720779090118 0.40158238634467125 0
1720779090152 0.39715036004781723 0
1720779090185 0.3947119414806366 0
1720779090217 0.39348849281668663 0
1720779090249 0.3926977179944515 0
1720779090281 0.3922184146940708 0
1720779090313 0.39191456139087677 0
1720779090344 0.39170436188578606 0
1720779090377 0.3915393687784672 0
1720779090408 0.39140335097908974 0
1720779090439 0.39124465361237526 0
1720779090475 0.39110685884952545 0
1720779090511 0.3909537345170975 0
