1692958239741 0.687465742711098 0
1692958239845 0.6726122979194887 0
1692958239967 0.643395148938702 0
1692958240162 0.5900003448609383 0
1692958240268 0.5170644627463433 0
1692958240390 0.45157840847969055 0
1692958240454 0.41561384643277816 0
1692958240511 0.401967397620601 0
1692958240586 0.3972802017965624 0
1692958240672 0.3949749344779599 0
1692958240726 0.3936783277219342 0
1692958240788 0.3930580289133133 0
1692958240844 0.3926904807167669 0
1692958240906 0.3925247077018984 0
1692958240967 0.39221514809516167 0
1692958241022 0.39217397666746573 0
1692958241078 0.3922515396148928 0
1692958241133 0.3919087456118676 0
1692958241187 0.39181461930274963 0
1692958241241 0.39182049324435575 0
1692958241297 0.39164683799589833 0
1692958241356 0.3915960529158192 0
1692958241415 0.3915618081246653 0
