1706868678399 0.6887254267930984 0
1706868678456 0.6796247996389866 0
1706868678511 0.666383646428585 0
1706868678567 0.6442852951586246 0
1706868678622 0.6074328422546387 0
1706868678679 0.5520057901740074 0
1706868678734 0.48617581091821194 0
1706868678789 0.4312706794589758 0
1706868678843 0.4042059872299433 0
1706868678898 0.3967660702764988 0
1706868678953 0.3945665564388037 0
1706868679008 0.39347995072603226 0
1706868679062 0.3927654419094324 0
1706868679117 0.3924195896834135 0
1706868679173 0.3923102803528309 0
1706868679228 0.39204783737659454 0
1706868679284 0.3919338248670101 0
1706868679339 0.3918917626142502 0
1706868679393 0.39173461869359016 0
1706868679447 0.39163942262530327 0
1706868679503 0.39164163172245026 0
