1710497389712 0.8457661271095276 0
1710497389755 0.8245967626571655 0
1710497389796 0.8487903475761414 0
1710497389837 0.8810483813285828 0
1710497389878 0.9546371102333069 0
1710497389922 0.96875 0
1710497389978 1.0100806951522827 0
1710497390029 1.0433467626571655 0
1710497390088 1.0977822542190552 0
1710497390139 1.1622984409332275 0
1710497390186 1.1784274578094482 0
1710497390229 1.2137097120285034 0
1710497390271 1.2247984409332275 0
1710497390311 1.3064515590667725 0
1710497390352 1.3538306951522827 0
1710497390392 1.430443525314331 0
1710497390432 1.4485887289047241 0
1710497390474 1.5625 0
1710497390514 1.5514112710952759 0
1710497390555 1.6774193048477173 0
1710497390594 1.673387050628662 0
