1710497389705 0.6730864867568016 0
1710497389748 0.578071691095829 0
1710497389789 0.42251613922417164 0
1710497389831 0.39993854984641075 0
1710497389871 0.393100468441844 0
1710497389912 0.3922691345214844 0
1710497389971 0.3919364679604769 0
1710497390022 0.39158910512924194 0
1710497390079 0.39129170775413513 0
1710497390133 0.3909570388495922 0
1710497390178 0.39061425626277924 0
1710497390223 0.3901688065379858 0
1710497390264 0.3897949140518904 0
1710497390304 0.38939190469682217 0
1710497390345 0.3889102227985859 0
1710497390386 0.3883333299309015 0
1710497390426 0.38775316812098026 0
1710497390468 0.3870573826134205 0
1710497390508 0.3863771203905344 0
1710497390548 0.3855498544871807 0
1710497390588 0.3847178127616644 0
