1707473407019 0.7985829710960388 0
1707473407061 0.7793522477149963 0
1707473407104 0.8066801428794861 0
1707473407144 0.7985829710960388 0
1707473407183 0.8208501935005188 0
1707473407225 0.8552631735801697 0
1707473407268 0.8370445370674133 0
1707473407316 0.8451417088508606 0
1707473407356 0.9048582911491394 0
1707473407395 0.9149797558784485 0
1707473407436 0.9281376600265503 0
1707473407479 0.953441321849823 0
1707473407520 0.953441321849823 0
1707473407561 0.96659916639328 0
1707473407600 0.9645748734474182 0
1707473407639 0.9838056564331055 0
1707473407679 0.97773277759552 0
1707473407723 1.0141700506210327 0
1707473407763 1.0111335515975952 0
1707473407802 1.0141700506210327 0
1707473407841 1.0384615659713745 0
1707473407884 1.0414979457855225 0
1707473407926 1.06680166721344 0
