1727431979374 0.6674406044185162 0
1727431979453 0.5452555334195495 0
1727431979529 0.40908369328826666 0
1727431979594 0.3939898405224085 0
1727431979657 0.3925192141905427 0
1727431979721 0.39216712582856417 0
1727431979787 0.3920287750661373 0
1727431979856 0.3917322373017669 0
1727431979924 0.39146094862371683 0
1727431979996 0.3913082694634795 0
1727431980080 0.39091220777481794 0
1727431980163 0.39062711130827665 0
1727431980244 0.3902791552245617 0
1727431980352 0.38989327754825354 0
1727431980512 0.3895354615524411 0
1727431980597 0.38914257287979126 0
1727431980653 0.3886766768991947 0
1727431980713 0.3882019305601716 0
1727431980767 0.38775723800063133 0
