1727431979387 0.7905604839324951 0
1727431979466 0.8259587287902832 0
1727431979540 0.8544739484786987 0
1727431979604 0.8888888955116272 0
1727431979668 0.9577187895774841 0
1727431979731 0.98525071144104 0
1727431979799 1.0285152196884155 0
1727431979867 1.0481809377670288 0
1727431979936 1.0668632984161377 0
1727431980007 1.0943952798843384 0
1727431980091 1.1130776405334473 0
1727431980177 1.1415929794311523 0
1727431980255 1.1799410581588745 0
1727431980368 1.2487709522247314 0
1727431980529 1.277286171913147 0
1727431980608 1.2871190309524536 0
1727431980663 1.352998971939087 0
1727431980722 1.3864306211471558 0
1727431980776 1.4621435403823853 0
