1688724765312 0.6884049102663994 0
1688724765340 0.6806786507368088 0
1688724765367 0.6710687652230263 0
1688724765394 0.6575296223163605 0
1688724765420 0.6382934972643852 0
1688724765447 0.6115795075893402 0
1688724765474 0.5762906149029732 0
1688724765501 0.5338961407542229 0
1688724765528 0.488668829202652 0
1688724765555 0.44817156344652176 0
1688724765581 0.4197936989367008 0
1688724765608 0.40648676455020905 0
1688724765635 0.40129023790359497 0
1688724765662 0.39869484305381775 0
1688724765689 0.3964933343231678 0
1688724765716 0.39470745250582695 0
1688724765743 0.39389175549149513 0
1688724765770 0.39328281581401825 0
1688724765798 0.3929504156112671 0
1688724765825 0.39272114261984825 0
1688724765852 0.3924497440457344 0
1688724765879 0.39231250435113907 0
1688724765905 0.3922531493008137 0
1688724765933 0.3920894041657448 0
1688724765960 0.3919433765113354 0
1688724765987 0.3918883465230465 0
1688724766013 0.3918211795389652 0
1688724766041 0.3917440287768841 0
1688724766068 0.3916427083313465 0
1688724766094 0.39156050980091095 0
1688724766121 0.3915583938360214 0
1688724766147 0.3914477229118347 0
1688724766174 0.3913250118494034 0
1688724766204 0.39126667380332947 0
1688724766230 0.3911634758114815 0
