1703844640576 0.6851136758923531 0
1703844640624 0.6434350535273552 0
1703844640663 0.5316227413713932 0
1703844640702 0.41606556065380573 0
1703844640741 0.3981247544288635 0
1703844640777 0.3926784712821245 0
1703844640815 0.3919767960906029 0
1703844640851 0.3917996175587177 0
1703844640888 0.3914263006299734 0
1703844640926 0.391084473580122 0
1703844640965 0.3908154908567667 0
1703844641002 0.39059625938534737 0
1703844641036 0.3902636468410492 0
1703844641069 0.38994235917925835 0
1703844641105 0.3894406817853451 0
