1721383890927 0.7807539701461792 0
1721383890972 0.7926587462425232 0
1721383891015 0.8134920597076416 0
1721383891058 0.908730149269104 0
1721383891101 0.920634925365448 0
1721383891143 0.9444444179534912 0
1721383891186 0.9811508059501648 0
1721383891228 1.0277777910232544 0
1721383891271 1.0079364776611328 0
1721383891313 1.067460298538208 0
1721383891355 1.0704364776611328 0
1721383891397 1.1676586866378784 0
1721383891439 1.139880895614624 0
1721383891482 1.2579364776611328 0
1721383891524 1.2748016119003296 0
1721383891566 1.3998016119003296 0
1721383891609 1.3521825075149536 0
1721383891651 1.4831348657608032 0
1721383891693 1.615079402923584 0
1721383891736 1.6378967761993408 0
