1683281484624 0.685716487467289 0
1683281484661 0.6759875938296318 0
1683281484696 0.6634839028120041 0
1683281484732 0.6460684835910797 0
1683281484768 0.6209031715989113 0
1683281484803 0.585893802344799 0
1683281484838 0.5401735529303551 0
1683281484873 0.48806991800665855 0
1683281484908 0.44036147743463516 0
1683281484943 0.41001762077212334 0
1683281484978 0.398819912225008 0
1683281485013 0.3970882147550583 0
1683281485049 0.3956497125327587 0
1683281485085 0.39387133345007896 0
1683281485120 0.3930724710226059 0
1683281485155 0.39281291142106056 0
1683281485195 0.3926157280802727 0
1683281485232 0.392372190952301 0
1683281485267 0.3923218697309494 0
1683281485302 0.3922770619392395 0
1683281485337 0.3921293094754219 0
1683281485372 0.3920540623366833 0
1683281485407 0.3920121304690838 0
1683281485441 0.39188167452812195 0
1683281485481 0.3917967155575752 0
1683281485515 0.3917063921689987 0
1683281485551 0.39157015457749367 0
1683281485589 0.39159221947193146 0
1683281485629 0.39155829325318336 0
1683281485665 0.3913106583058834 0
1683281485700 0.3913098871707916 0
1683281485734 0.3912352882325649 0
1683281485769 0.3910977318882942 0
1683281485803 0.3910066895186901 0
