1727431995014 0.6861663162708282 0
1727431995175 0.6817915737628937 0
1727431995222 0.6766450628638268 0
1727431995262 0.6697732731699944 0
1727431995302 0.6600053235888481 0
1727431995342 0.6459200009703636 0
1727431995383 0.6260130926966667 0
1727431995422 0.599211297929287 0
1727431995461 0.565389946103096 0
1727431995504 0.5261749252676964 0
1727431995547 0.4854472875595093 0
1727431995662 0.44934218004345894 0
1727431995705 0.4232541359961033 0
1727431995741 0.4084206819534302 0
1727431995776 0.401760283857584 0
1727431995815 0.3986530676484108 0
1727431995858 0.3965788595378399 0
1727431995904 0.39492859691381454 0
1727431995999 0.3938022591173649 0
1727431996076 0.39313312619924545 0
1727431996114 0.39275000989437103 0
1727431996152 0.39249174669384956 0
1727431996195 0.3922971934080124 0
1727431996240 0.392180185765028 0
1727431996281 0.3920883387327194 0
1727431996386 0.3920047879219055 0
1727431996454 0.39193078875541687 0
1727431996494 0.3918641358613968 0
1727431996540 0.3918074555695057 0
1727431996699 0.3917512185871601 0
1727431996737 0.3916860856115818 0
1727431996780 0.39162518829107285 0
1727431996825 0.3915627636015415 0
1727431996867 0.3915068879723549 0
1727431996911 0.3914503864943981 0
1727431997099 0.3913777098059654 0
1727431997191 0.39132167771458626 0
