1727431995029 0.8289085626602173 0
1727431995189 0.8367748260498047 0
1727431995234 0.8407079577445984 0
1727431995272 0.841691255569458 0
1727431995313 0.8446410894393921 0
1727431995352 0.8515241146087646 0
1727431995395 0.847590982913971 0
1727431995433 0.8525073528289795 0
1727431995472 0.847590982913971 0
1727431995515 0.8318583965301514 0
1727431995559 0.8348082304000854 0
1727431995673 0.8426745533943176 0
1727431995714 0.8357915282249451 0
1727431995750 0.8348082304000854 0
1727431995786 0.8377581238746643 0
1727431995827 0.8426745533943176 0
1727431995870 0.847590982913971 0
1727431995916 0.8613569140434265 0
1727431996012 0.8810226321220398 0
1727431996086 0.8721730709075928 0
1727431996124 0.8711897730827332 0
1727431996162 0.8839724659919739 0
1727431996207 0.8967551589012146 0
1727431996251 0.9174041152000427 0
1727431996291 0.9321534037590027 0
1727431996399 0.9469026327133179 0
1727431996464 0.9419862627983093 0
1727431996506 0.9518190622329712 0
1727431996552 0.9705014824867249 0
1727431996708 0.95476895570755 0
1727431996748 0.9695181846618652 0
1727431996792 0.9783677458763123 0
1727431996836 0.9921337366104126 0
1727431996878 1.0117994546890259 0
1727431996923 1.0 0
1727431997110 1.0098328590393066 0
1727431997202 1.0255653858184814 0
