1686305417241 0.684189148247242 0
1686305417280 0.6757902204990387 0
1686305417317 0.6656664609909058 0
1686305417356 0.6518486142158508 0
1686305417393 0.6320588439702988 0
1686305417429 0.6031139642000198 0
1686305417465 0.5636797770857811 0
1686305417502 0.5147573389112949 0
1686305417538 0.4640532433986664 0
1686305417575 0.42479171603918076 0
1686305417612 0.4045964442193508 0
1686305417650 0.3991784229874611 0
1686305417691 0.3972005806863308 0
1686305417728 0.39501533657312393 0
1686305417765 0.39347684383392334 0
1686305417800 0.3928070142865181 0
1686305417838 0.3924664445221424 0
1686305417874 0.392375685274601 0
1686305417909 0.3922637961804867 0
1686305417944 0.39209605380892754 0
1686305417980 0.3920573815703392 0
1686305418016 0.39195752143859863 0
1686305418052 0.39192187786102295 0
1686305418089 0.3918977789580822 0
1686305418125 0.39176248759031296 0
1686305418162 0.391662809997797 0
1686305418198 0.3915848694741726 0
1686305418234 0.391645435243845 0
1686305418269 0.3914096802473068 0
