1703239820749 0.6190465842523882 0
1703239820816 0.4072817150623568 0
1703239820882 0.3932394443019744 0
1703239820948 0.39203565255288153 0
1703239821015 0.39162465929985046 0
1703239821084 0.39092177152633667 0
1703239821264 0.3901709731548063 0
1703239821333 0.3892939677161555 0
1703239821511 0.3882495943577059 0
1703239821583 0.38687974118417306 0
1703239821650 0.3853170381438348 0
1703239821713 0.3833154555289976 0
1703239821990 0.3812359792570914 0
1703239822055 0.3783617269608282 0
1703239822122 0.37539728706882847 0
1703239822189 0.37177708841139273 0
