1713521493492 0.6926329210400581 0
1713521493552 0.6734738294035196 0
1713521493634 0.6319383624941111 0
1713521493707 0.5562155973166227 0
1713521493773 0.4712236952036619 0
1713521493846 0.4208519607782364 0
1713521493914 0.4038835195824504 0
1713521493992 0.3977094814181328 0
1713521494074 0.39493909291923046 0
1713521494134 0.393503331579268 0
1713521494210 0.39300221111625433 0
1713521494274 0.3924708878621459 0
1713521494337 0.39235176239162683 0
1713521494394 0.39211687445640564 0
1713521494453 0.39194160886108875 0
1713521494509 0.3919911030679941 0
1713521494563 0.3917892696335912 0
1713521494618 0.3915600897744298 0
1713521494682 0.3916283044964075 0
1713521494764 0.391483505256474 0
1713521494825 0.3912346260622144 0
1713521494882 0.39109732303768396 0
