1728641549077 0.8223748803138733 0
1728641549114 0.8115800023078918 0
1728641549151 0.7841020822525024 0
1728641549187 0.8047105073928833 0
1728641549224 0.810598611831665 0
1728641549261 0.8135426640510559 0
1728641549299 0.844946026802063 0
1728641549336 0.8469087481498718 0
1728641549382 0.880274772644043 0
1728641549421 0.9067713618278503 0
1728641549461 0.9136407971382141 0
1728641549500 0.9381746649742126 0
1728641549539 0.9519136548042297 0
1728641549578 0.9519136548042297 0
1728641549667 0.9715407490730286 0
1728641549711 0.999018669128418 0
1728641549747 1.0078508853912354 0
1728641549783 0.9980372786521912 0
1728641549820 1.0176644325256348 0
1728641549857 1.0520117282867432 0
1728641549893 1.0471049547195435 0
1728641549930 1.0677134990692139 0
1728641549968 1.0981354713439941 0
1728641550016 1.1128557920455933 0
1728641550061 1.1521098613739014 0
1728641550135 1.1236506700515747 0
1728641550177 1.1756623983383179 0
1728641550215 1.1795878410339355 0
1728641550364 1.1825319528579712 0
1728641550421 1.2100098133087158 0
1728641550462 1.2453385591506958 0
1728641550553 1.2816486358642578 0
1728641550612 1.30814528465271 0
1728641550651 1.312070608139038 0
1728641550690 1.345436692237854 0
1728641550851 1.3621196746826172 0
1728641550891 1.367026448249817 0
1728641550931 1.4268890619277954 0
