1717150298604 0.8073852062225342 0
1717150298651 0.8203592896461487 0
1717150298694 0.8383233547210693 0
1717150298896 0.8403193354606628 0
1717150299091 0.8253493309020996 0
1717150299151 0.8203592896461487 0
1717150299195 0.8083832263946533 0
1717150299253 0.8053892254829407 0
1717150299294 0.8013972043991089 0
1717150299353 0.7994012236595154 0
1717150299411 0.8163672685623169 0
1717150299453 0.85628741979599 0
1717150299509 0.9411177635192871 0
1717150299557 0.9291417002677917 0
1717150299641 0.9740518927574158 0
1717150299796 0.9920159578323364 0
1717150299842 0.9940119981765747 0
1717150299884 0.9920159578323364 0
1717150300031 1.0079840421676636 0
1717150300292 1.0269460678100586 0
1717150300390 1.0499001741409302 0
1717150300588 1.059880256652832 0
1717150300646 1.0728542804718018 0
1717150300718 1.0828343629837036 0
1717150300895 1.1007983684539795 0
1717150300948 1.1247504949569702 0
