1706263826330 0.797160267829895 0
1706263826405 0.8113590478897095 0
1706263826470 0.7951318621635437 0
1706263826533 0.7718052864074707 0
1706263826599 0.7778904438018799 0
1706263826662 0.7880324721336365 0
1706263826726 0.7920892238616943 0
1706263826788 0.7951318621635437 0
1706263826852 0.7981744408607483 0
1706263826916 0.8032454252243042 0
1706263826979 0.8103448152542114 0
1706263827042 0.8103448152542114 0
1706263827106 0.8225151896476746 0
1706263827171 0.8286004066467285 0
1706263827235 0.820486843585968 0
1706263827298 0.8245435953140259 0
1706263827358 0.8356997966766357 0
1706263827418 0.842799186706543 0
1706263827479 0.8438133597373962 0
1706263827543 0.8569979667663574 0
1706263827606 0.8823529481887817 0
1706263827671 0.907707929611206 0
1706263827735 0.9492900371551514 0
1706263827802 0.9817444086074829 0
1706263827866 0.9624746441841125 0
1706263827932 0.9807302355766296 0
1706263828036 1.0141987800598145 0
1706263828102 1.0243407487869263 0
1706263828167 1.029411792755127 0
1706263828232 1.0324543714523315 0
1706263828298 1.0557808876037598 0
1706263828365 1.0699796676635742 0
1706263828429 1.0709939002990723 0
1706263828494 1.0699796676635742 0
1706263828561 1.091277837753296 0
1706263828623 1.1024340391159058 0
