1683281465580 0.6944170912106832 0
1683281465630 0.6767770330111186 0
1683281465668 0.6349997242291768 0
1683281465726 0.5577231327692668 0
1683281465763 0.46707831621170043 0
1683281465825 0.41531059741973875 0
1683281465869 0.40183805823326113 0
1683281465921 0.3958151559034983 0
1683281465985 0.3934008399645487 0
1683281466058 0.39256741205851237 0
1683281466138 0.3922086675961812 0
1683281466222 0.39200929204622903 0
1683281466297 0.39187125364939374 0
1683281466365 0.3917579650878906 0
1683281466438 0.3915491163730621 0
1683281466513 0.39142112533251444 0
1683281466584 0.3912133733431498 0
1683281466657 0.391047739982605 0
1683281466726 0.39088962276776634 0
1683281466799 0.3906574845314026 0
1683281466871 0.39046664237976075 0
