1711707068610 0.7293762564659119 0
1711707068643 0.7334004044532776 0
1711707068678 0.7354124784469604 0
1711707068714 0.7625754475593567 0
1711707068748 0.7766599655151367 0
1711707068785 0.7796780467033386 0
1711707068836 0.77364182472229 0
1711707068875 0.7756538987159729 0
1711707068914 0.7786720395088196 0
1711707068952 0.7927565574645996 0
1711707068985 0.863179087638855 0
1711707069033 0.9014084339141846 0
1711707069076 0.9134808778762817 0
1711707069118 0.9466800689697266 0
1711707069154 0.9647887349128723 0
1711707069192 0.9869215488433838 0
1711707069226 0.9979879260063171 0
1711707069259 1.0150905847549438 0
1711707069293 1.0211267471313477 0
1711707069436 1.0321931838989258 0
1711707069467 1.074446678161621 0
