1721988722043 0.6856468766927719 0
1721988722089 0.6664123125374317 0
1721988722131 0.6257940866053104 0
1721988722173 0.5451597142964602 0
1721988722214 0.4453091621398926 0
1721988722256 0.40058755315840244 0
1721988722297 0.39571887254714966 0
1721988722339 0.3931019902229309 0
1721988722381 0.39258697256445885 0
1721988722422 0.39240096509456635 0
1721988722463 0.3922615759074688 0
1721988722504 0.3921495173126459 0
1721988722546 0.3920451048761606 0
1721988722587 0.3919076528400183 0
1721988722628 0.3917502723634243 0
1721988722669 0.3916614055633545 0
1721988722711 0.3915320672094822 0
1721988722752 0.3913833536207676 0
1721988722793 0.3913078438490629 0
1721988722835 0.3911229372024536 0
1721988722876 0.39094454050064087 0
1721988722918 0.390807943418622 0
1721988722959 0.3906446807086468 0
1721988723000 0.3905773013830185 0
