1721988722053 0.8126858472824097 0
1721988722097 0.799801766872406 0
1721988722139 0.8017839193344116 0
1721988722181 0.810703694820404 0
1721988722222 0.799801766872406 0
1721988722264 0.8156590461730957 0
1721988722306 0.8671952486038208 0
1721988722347 0.9236868023872375 0
1721988722389 0.9385530352592468 0
1721988722430 0.9345887303352356 0
1721988722471 0.9474727511405945 0
1721988722512 0.969276487827301 0
1721988722554 0.9821605682373047 0
1721988722595 0.9811694622039795 0
1721988722636 0.9980178475379944 0
1721988722678 1.010901927947998 0
1721988722719 1.037661075592041 0
1721988722760 1.0584737062454224 0
1721988722801 1.088206171989441 0
1721988722843 1.081268548965454 0
1721988722884 1.0624380111694336 0
1721988722926 1.0921704769134521 0
1721988722966 1.1377601623535156 0
1721988723008 1.1337958574295044 0
