1706868681960 0.6885618790984154 0
1706868681995 0.6782362461090088 0
1706868682030 0.663244865834713 0
1706868682065 0.6388699412345886 0
1706868682099 0.5998653098940849 0
1706868682133 0.544036902487278 0
1706868682167 0.4789283499121666 0
1706868682201 0.42595941945910454 0
1706868682235 0.4043133109807968 0
1706868682269 0.40090518072247505 0
1706868682302 0.397049218416214 0
1706868682336 0.393816065043211 0
1706868682370 0.3929993435740471 0
1706868682404 0.3927799016237259 0
1706868682437 0.39246366173028946 0
