1706868681967 0.7841945290565491 0
1706868682002 0.7902735471725464 0
1706868682037 0.8095238208770752 0
1706868682072 0.7993921041488647 0
1706868682106 0.7933130860328674 0
1706868682140 0.7841945290565491 0
1706868682174 0.7821682095527649 0
1706868682207 0.7882472276687622 0
1706868682242 0.7841945290565491 0
1706868682276 0.7902735471725464 0
1706868682309 0.8135765194892883 0
1706868682343 0.847011148929596 0
1706868682377 0.8784194588661194 0
1706868682410 0.9108409285545349 0
1706868682444 0.9047619104385376 0
