1732270431335 0.6858852704366049 0
1732270431370 0.680362754397922 0
1732270431403 0.6736503839492798 0
1732270431436 0.6673729353480868 0
1732270431470 0.6582318213250902 0
1732270431506 0.6467676692538791 0
1732270431541 0.629716138044993 0
1732270431577 0.6062405705451965 0
1732270431612 0.5750970443089803 0
1732270431652 0.5355873902638754 0
1732270431685 0.4929210642973582 0
1732270431724 0.4563497371143765 0
1732270431767 0.43169427249166703 0
1732270431813 0.41456009944279987 0
1732270431863 0.40636086132791305 0
1732270431903 0.40014955070283675 0
1732270431948 0.3982834716637929 0
1732270431981 0.3974742558267381 0
1732270432016 0.39678171939320034 0
1732270432052 0.3949797252813975 0
1732270432085 0.3940256072415246 0
1732270432121 0.39275890588760376 0
1732270432157 0.39287612835566205 0
1732270432192 0.38970932695600724 0
1732270432226 0.3909999993112352 0
1732270432260 0.3929346534940932 0
1732270432295 0.3920634852515327 0
1732270432333 0.3925943473974864 0
1732270432373 0.39224599798520404 0
