1732270431344 0.8126829266548157 0
1732270431379 0.8107317090034485 0
1732270431412 0.7931707501411438 0
1732270431445 0.7921951413154602 0
1732270431480 0.8087804913520813 0
1732270431516 0.7941463589668274 0
1732270431551 0.7873170971870422 0
1732270431587 0.8078048825263977 0
1732270431624 0.8078048825263977 0
1732270431662 0.8078048825263977 0
1732270431695 0.8078048825263977 0
1732270431736 0.8078048825263977 0
1732270431778 0.8087804913520813 0
1732270431829 0.8370731472969055 0
1732270431874 0.8195121884346008 0
1732270431916 0.8224390149116516 0
1732270431958 0.826341450214386 0
1732270431991 0.8380487561225891 0
1732270432026 0.8302438855171204 0
1732270432061 0.8331707119941711 0
1732270432094 0.8341463208198547 0
1732270432134 0.8517073392868042 0
1732270432167 0.8780487775802612 0
1732270432202 0.8956097364425659 0
1732270432236 0.9004877805709839 0
1732270432270 0.8897560834884644 0
1732270432305 0.8887804746627808 0
1732270432344 0.8897560834884644 0
1732270432383 0.9004877805709839 0
