1696587067453 0.8292180895805359 0
1696587067528 0.8281893134117126 0
1696587067599 0.9125514626502991 0
1696587067680 0.9814814925193787 0
1696587067749 1.0205761194229126 0
1696587067816 1.0997942686080933 0
1696587067882 1.1399177312850952 0
1696587067948 1.2572016716003418 0
1696587068017 1.338477373123169 0
1696587068092 1.386831283569336 0
1696587068157 1.441357970237732 0
1696587068226 1.5411522388458252 0
1696587068293 1.6172839403152466 0
1696587068358 1.6687242984771729 0
1696587068426 1.703703761100769 0
1696587068495 1.823045253753662 0
1696587068562 1.8395061492919922 0
1696587068629 1.836419701576233 0
1696587068696 1.9166666269302368 0
1696587068763 1.968106985092163 0
1696587068831 2.023662567138672 0
1696587068899 2.056584358215332 0
