1723803216442 0.6221673237159848 0
1723803216535 0.40916564129292965 0
1723803216623 0.3934076512232423 0
1723803216718 0.39267357997596264 0
1723803216801 0.39210967253893614 0
1723803216879 0.3917062859982252 0
1723803216959 0.39124374743551016 0
1723803217036 0.39056004770100117 0
1723803217117 0.38995278999209404 0
1723803217196 0.3893131026998162 0
1723803217276 0.3883881978690624 0
1723803217378 0.3873618757352233 0
1723803217468 0.3862588796764612 0
1723803217553 0.3850053707137704 0
1723803217629 0.38347211200743914 0
1723803217704 0.38187331426888704 0
