1721383874446 0.7827380895614624 0
1721383874485 0.7857142686843872 0
1721383874522 0.7708333134651184 0
1721383874561 0.7797619104385376 0
1721383874599 0.7688491940498352 0
1721383874639 0.7767857313156128 0
1721383874680 0.7777777910232544 0
1721383874718 0.7817460298538208 0
1721383874756 0.79067462682724 0
1721383874794 0.7936508059501648 0
1721383874832 0.8482142686843872 0
1721383874870 0.89682537317276 0
1721383874908 0.898809552192688 0
1721383874946 0.9216269850730896 0
1721383874984 0.9553571343421936 0
1721383875022 0.9682539701461792 0
1721383875059 0.9841269850730896 0
1721383875097 0.983134925365448 0
1721383875135 1.0 0
