1695982261566 0.6872492358088493 0
1695982261611 0.6746307760477066 0
1695982261655 0.6557619050145149 0
1695982261700 0.624650776386261 0
1695982261754 0.5752472281455994 0
1695982261800 0.5074761919677258 0
1695982261865 0.43865248560905457 0
1695982261929 0.40220415592193604 0
1695982261995 0.39891739189624786 0
1695982262090 0.39724351093173027 0
1695982262167 0.39355624094605446 0
1695982262237 0.39280399680137634 0
1695982262287 0.3928266353905201 0
1695982262347 0.39250000938773155 0
1695982262409 0.392347302287817 0
1695982262473 0.3923026956617832 0
1695982262525 0.3921750411391258 0
1695982262595 0.3920709826052189 0
