1724407939236 0.683952122926712 0
1724407939278 0.67301956564188 0
1724407939321 0.654287327080965 0
1724407939371 0.6185051053762436 0
1724407939416 0.5589349195361137 0
1724407939462 0.48467088863253593 0
1724407939511 0.42721370607614517 0
1724407939566 0.4043805468827486 0
1724407939613 0.3983223643153906 0
1724407939659 0.3953567035496235 0
1724407939711 0.393809761852026 0
1724407939761 0.3929309993982315 0
1724407939801 0.39249052852392197 0
1724407939841 0.39219631254673004 0
1724407939886 0.39200019650161266 0
1724407939959 0.3918611388653517 0
1724407940021 0.39176759496331215 0
1724407940082 0.39165220223367214 0
1724407940135 0.3915558885782957 0
1724407940187 0.39147074706852436 0
1724407940258 0.3913575727492571 0
1724407940315 0.3912565391510725 0
1724407940379 0.3911565747112036 0
1724407940436 0.391031077131629 0
1724407940493 0.39095512591302395 0
1724407940548 0.3908094819635153 0
1724407940603 0.3906803969293833 0
1724407940655 0.390587467700243 0
1724407940710 0.3904172219336033 0
