1700820625682 0.7860798239707947 0
1700820625722 0.7881269454956055 0
1700820625761 0.8065506815910339 0
1700820625800 0.8178096413612366 0
1700820625840 0.8863868713378906 0
1700820625879 0.9733878970146179 0
1700820625919 1.0122824907302856 0
1700820625958 1.092118740081787 0
1700820625997 1.0870009660720825 0
1700820626036 1.127942681312561 0
1700820626076 1.1740020513534546 0
1700820626116 1.2384852170944214 0
1700820626156 1.286591649055481 0
1700820626194 1.3715455532073975 0
1700820626236 1.3592630624771118 0
1700820626275 1.4329580068588257 0
1700820626313 1.4646878242492676 0
