1723803195980 0.801383376121521 0
1723803196093 0.752964437007904 0
1723803196202 0.8952569365501404 0
1723803196315 0.937747061252594 0
1723803196430 0.9436758756637573 0
1723803196613 0.9584980010986328 0
1723803196907 0.9980236887931824 0
1723803197008 1.0385375022888184 0
1723803197108 1.073122501373291 0
1723803197212 1.0830039978027344 0
1723803197324 1.1136363744735718 0
1723803197432 1.1778656244277954 0
1723803197537 1.2292490005493164 0
1723803197711 1.2401186227798462 0
1723803197810 1.309288501739502 0
1723803197914 1.3191699981689453 0
1723803198024 1.4150197505950928 0
1723803198120 1.4031620025634766 0
1723803198218 1.45652174949646 0
