1723803195964 0.6764580719172955 0
1723803196075 0.5213906792923808 0
1723803196188 0.39898769557476044 0
1723803196303 0.3929956369102001 0
1723803196409 0.39255240838974714 0
1723803196598 0.3922300860285759 0
1723803196890 0.3918855357915163 0
1723803196995 0.3915643831714988 0
1723803197096 0.3912648167461157 0
1723803197196 0.39083585422486067 0
1723803197304 0.39040886890143156 0
1723803197419 0.3899713261052966 0
1723803197522 0.38965734653174877 0
1723803197698 0.3891384843736887 0
1723803197792 0.3885841900482774 0
1723803197896 0.38802183605730534 0
1723803198011 0.387421702966094 0
1723803198107 0.38661322742700577 0
1723803198205 0.38590060640126467 0
