1705659055880 0.8609136939048767 0
1705659055921 0.8406091332435608 0
1705659055963 0.8527919054031372 0
1705659056002 0.8527919054031372 0
1705659056041 0.8497461676597595 0
1705659056082 0.8771573901176453 0
1705659056123 0.9197969436645508 0
1705659056163 0.9543147087097168 0
1705659056202 0.9685279130935669 0
1705659056243 0.9959390759468079 0
1705659056284 0.989847719669342 0
1705659056325 1.0335025787353516 0
1705659056409 1.0182740688323975 0
1705659056449 1.0101523399353027 0
1705659056490 1.037563443183899 0
1705659056531 1.0710660219192505 0
1705659056573 1.0629441738128662 0
1705659056613 1.106598973274231 0
1705659056652 1.1106599569320679 0
1705659056691 1.1269035339355469 0
1705659056731 1.1532994508743286 0
1705659056774 1.1543147563934326 0
1705659056813 1.2040609121322632 0
1705659056853 1.230456829071045 0
1705659056892 1.2091370820999146 0
1705659056935 1.2284263372421265 0
1705659056980 1.2710659503936768 0
1705659057021 1.2730964422225952 0
