1688119874533 0.6905493438243866 0
1688119874566 0.6844969689846039 0
1688119874596 0.6765672937035561 0
1688119874626 0.6640528589487076 0
1688119874655 0.6447864174842834 0
1688119874686 0.616755947470665 0
1688119874716 0.5805993601679802 0
1688119874745 0.5372524261474609 0
1688119874774 0.493999145925045 0
1688119874806 0.4575776979327202 0
1688119874836 0.43411365523934364 0
1688119874872 0.42019492387771606 0
1688119874905 0.4096141867339611 0
1688119874938 0.40298718214035034 0
1688119874967 0.39869729056954384 0
1688119874998 0.39612703025341034 0
1688119875028 0.39430803805589676 0
1688119875058 0.3932701386511326 0
1688119875092 0.3926158435642719 0
1688119875122 0.3921762481331825 0
1688119875153 0.3918035179376602 0
1688119875182 0.39154062420129776 0
1688119875213 0.3913433328270912 0
1688119875245 0.39125537499785423 0
1688119875276 0.390979278832674 0
1688119875304 0.3908741846680641 0
1688119875332 0.39070994406938553 0
1688119875359 0.39061282202601433 0
1688119875387 0.39039235934615135 0
1688119875416 0.39028332754969597 0
1688119875444 0.39011359959840775 0
1688119875472 0.3899288848042488 0
1688119875501 0.3897889629006386 0
1688119875530 0.38959015905857086 0
1688119875558 0.38950132206082344 0
1688119875586 0.3892897516489029 0
1688119875615 0.38904907554388046 0
1688119875643 0.38889238983392715 0
1688119875672 0.3886198475956917 0
1688119875701 0.38852135092020035 0
1688119875729 0.38823555782437325 0
1688119875758 0.3879580684006214 0
1688119875786 0.3876739367842674 0
1688119875817 0.38762054964900017 0
1688119875850 0.3872525170445442 0
1688119875879 0.38708624616265297 0
1688119875907 0.3867615759372711 0
1688119875935 0.38648945838212967 0
1688119875964 0.38613687083125114 0
