1688119874538 0.8175182342529297 0
1688119874570 0.8091762065887451 0
1688119874601 0.8123044967651367 0
1688119874630 0.8102189898490906 0
1688119874660 0.8060479760169983 0
1688119874690 0.7977059483528137 0
1688119874720 0.7914494276046753 0
1688119874749 0.78206467628479 0
1688119874779 0.7810218930244446 0
1688119874811 0.78206467628479 0
1688119874842 0.78206467628479 0
1688119874877 0.7935349345207214 0
1688119874910 0.8029196858406067 0
1688119874942 0.7945776581764221 0
1688119874972 0.7997914552688599 0
1688119875003 0.8143900036811829 0
1688119875033 0.8269030451774597 0
1688119875063 0.8613138794898987 0
1688119875096 0.9019812345504761 0
1688119875126 0.9103232622146606 0
1688119875157 0.9676746726036072 0
1688119875187 1.0093847513198853 0
1688119875218 1.0093847513198853 0
1688119875250 1.039624571800232 0
1688119875280 1.061522364616394 0
1688119875308 1.0437955856323242 0
1688119875336 1.056308627128601 0
1688119875363 1.0834202766418457 0
1688119875392 1.0969760417938232 0
1688119875420 1.1303441524505615 0
1688119875448 1.1689260005950928 0
1688119875477 1.159541130065918 0
1688119875505 1.1845672130584717 0
1688119875534 1.1918665170669556 0
1688119875562 1.1876955032348633 0
1688119875590 1.2137643098831177 0
1688119875620 1.2387903928756714 0
1688119875648 1.2606881856918335 0
1688119875676 1.2721585035324097 0
1688119875706 1.2898852825164795 0
1688119875734 1.2971845865249634 0
1688119875762 1.3117830753326416 0
1688119875791 1.2971845865249634 0
1688119875823 1.3388947248458862 0
1688119875855 1.3472367525100708 0
1688119875883 1.3607925176620483 0
1688119875912 1.3545359373092651 0
1688119875939 1.3931177854537964 0
1688119875968 1.415015697479248 0
