1700820622789 0.6862132698297501 0
1700820622839 0.6779439263045788 0
1700820622892 0.6665295623242855 0
1700820622929 0.6479691453278065 0
1700820622967 0.616606917232275 0
1700820623004 0.5678035654127598 0
1700820623042 0.5035542380064726 0
1700820623080 0.44320766068995 0
1700820623117 0.40776844695210457 0
1700820623155 0.3972418047487736 0
1700820623200 0.39472057297825813 0
1700820623247 0.3935753647238016 0
1700820623290 0.3931064922362566 0
1700820623327 0.3926488310098648 0
1700820623366 0.3924698866903782 0
1700820623403 0.3922195080667734 0
1700820623440 0.392202265560627 0
1700820623477 0.39215898513793945 0
1700820623515 0.39194913767278194 0
1700820623552 0.3918880317360163 0
1700820623590 0.3917962275445461 0
1700820623628 0.39167218282818794 0
1700820623666 0.39160281047225 0
1700820623702 0.3915946464985609 0
1700820623738 0.39141923747956753 0
1700820623782 0.39138743095099926 0
1700820623825 0.3912487532943487 0
1700820623865 0.39115698635578156 0
1700820623902 0.39110320433974266 0
1700820623939 0.3909212742000818 0
1700820623975 0.3909044023603201 0
1700820624011 0.3907390981912613 0
1700820624048 0.39076209999620914 0
1700820624086 0.39054427295923233 0
1700820624122 0.39045886509120464 0
1700820624160 0.39035603031516075 0
1700820624197 0.3902060631662607 0
