1724407927239 0.671149518340826 0
1724407927295 0.5646717082709074 0
1724407927349 0.4121288862079382 0
1724407927428 0.39752287045121193 0
1724407927488 0.39347562938928604 0
1724407927553 0.3923309613019228 0
1724407927613 0.3918950390070677 0
1724407927668 0.3915905375033617 0
1724407927727 0.39121030643582344 0
1724407927782 0.3908488377928734 0
1724407927839 0.3905180674046278 0
1724407927892 0.3901963382959366 0
1724407927949 0.3897502403706312 0
1724407928002 0.3892178274691105 0
1724407928058 0.38872307538986206 0
1724407928114 0.3881609868258238 0
1724407928168 0.38753376714885235 0
1724407928222 0.38674113526940346 0
