1692958228132 0.8178054094314575 0
1692958228188 0.8146997690200806 0
1692958228266 0.8095238208770752 0
1692958228334 0.8095238208770752 0
1692958228394 0.8105590343475342 0
1692958228542 0.8084886074066162 0
1692958228603 0.8157349824905396 0
1692958228775 0.8188405632972717 0
1692958228838 0.8033125996589661 0
1692958228881 0.8002070188522339 0
1692958228917 0.804347813129425 0
1692958228954 0.8157349824905396 0
1692958228991 0.8354037404060364 0
1692958229036 0.8478260636329651 0
1692958229074 0.8809523582458496 0
1692958229112 0.8985507488250732 0
1692958229150 0.9026914834976196 0
1692958229189 0.8809523582458496 0
1692958229246 0.9057971239089966 0
1692958229284 0.9233954548835754 0
1692958229359 0.9451345801353455 0
1692958229395 0.954451322555542 0
1692958229431 0.9523809552192688 0
1692958229468 0.9627329111099243 0
1692958229505 0.9503105878829956 0
1692958229542 0.9668737053871155 0
1692958229578 0.9741200804710388 0
1692958229614 0.9896480441093445 0
1692958229656 0.998964786529541 0
1692958229749 1.0062111616134644 0
1692958229806 1.0093168020248413 0
1692958229865 1.041407823562622 0
1692958229919 1.0310559272766113 0
1692958229980 1.0548654794692993 0
1692958230052 1.046583890914917 0
1692958230137 1.042443037033081 0
1692958230206 1.0621118545532227 0
1692958230272 1.0993788242340088 0
1692958230345 1.0983437299728394 0
1692958230412 1.112836480140686 0
1692958230473 1.1169772148132324 0
1692958230540 1.133540391921997 0
1692958230603 1.135610818862915 0
1692958230665 1.1418219804763794 0
1692958230828 1.1708074808120728 0
1692958230905 1.2080745697021484 0
1692958230968 1.223602533340454 0
1692958231067 1.2318840026855469 0
1692958231215 1.2443064451217651 0
