1700820637368 0.6923434063792229 0
1700820637404 0.6819768622517586 0
1700820637439 0.6671216115355492 0
1700820637475 0.6428510770201683 0
1700820637511 0.603787325322628 0
1700820637545 0.5474566370248795 0
1700820637580 0.4816437214612961 0
1700820637614 0.42770135030150414 0
1700820637650 0.4044412672519684 0
1700820637687 0.4002894386649132 0
1700820637735 0.3965666964650154 0
1700820637783 0.3934255540370941 0
1700820637824 0.3925386294722557 0
1700820637863 0.39236530289053917 0
1700820637902 0.3920317143201828 0
1700820637938 0.3919001743197441 0
1700820637972 0.3917859308421612 0
1700820638007 0.39161342009902 0
1700820638042 0.39148568361997604 0
1700820638076 0.3913542702794075 0
1700820638111 0.3912246413528919 0
