1716545490710 0.8461538553237915 0
1716545490737 0.8271728157997131 0
1716545490764 0.8561438322067261 0
1716545490791 0.8591408729553223 0
1716545490817 0.8211787939071655 0
1716545490844 0.8151848316192627 0
1716545490870 0.8051947951316833 0
1716545490897 0.7922077775001526 0
1716545490924 0.7942057847976685 0
1716545490950 0.8071928024291992 0
1716545490977 0.8011987805366516 0
1716545491003 0.791208803653717 0
1716545491030 0.7972028255462646 0
1716545491056 0.8021978139877319 0
1716545491082 0.8001998066902161 0
1716545491109 0.8091908097267151 0
1716545491135 0.8211787939071655 0
1716545491163 0.8161838054656982 0
1716545491189 0.811188817024231 0
1716545491216 0.8161838054656982 0
1716545491242 0.8261738419532776 0
1716545491269 0.8421578407287598 0
1716545491296 0.8651348948478699 0
1716545491323 0.9060938954353333 0
1716545491349 0.9460539221763611 0
1716545491376 0.9700299501419067 0
1716545491402 0.9950050115585327 0
1716545491429 0.9990010261535645 0
1716545491456 1.0279719829559326 0
1716545491483 1.051948070526123 0
1716545491509 1.0739260911941528 0
1716545491536 1.0839160680770874 0
1716545491563 1.085914134979248 0
1716545491589 1.102897047996521 0
1716545491615 1.1218781471252441 0
