1716545490703 0.6841329112648964 0
1716545490731 0.6800308525562286 0
1716545490757 0.6753331124782562 0
1716545490784 0.6688989847898483 0
1716545490811 0.6596473604440689 0
1716545490837 0.6467229574918747 0
1716545490863 0.6289888024330139 0
1716545490890 0.6052999272942543 0
1716545490917 0.5752082765102386 0
1716545490943 0.5394821316003799 0
1716545490970 0.5023610629141331 0
1716545490996 0.46866392716765404 0
1716545491023 0.4424678906798363 0
1716545491049 0.42543746531009674 0
1716545491075 0.4147872179746628 0
1716545491102 0.40792224183678627 0
1716545491128 0.4028684124350548 0
1716545491156 0.3992987275123596 0
1716545491182 0.39678801223635674 0
1716545491209 0.3950839564204216 0
1716545491235 0.3939019702374935 0
1716545491262 0.39307454228401184 0
1716545491289 0.39249255135655403 0
1716545491316 0.3920833319425583 0
1716545491342 0.39175088703632355 0
1716545491369 0.3915320411324501 0
1716545491396 0.3913489319384098 0
1716545491422 0.39115623757243156 0
1716545491449 0.391027819365263 0
1716545491476 0.39089691638946533 0
1716545491502 0.3907907269895077 0
1716545491529 0.3906642571091652 0
1716545491556 0.3905450068414211 0
1716545491582 0.39044690877199173 0
1716545491608 0.39030346274375916 0
