1708078270952 0.6820166341720089 0
1708078271022 0.5853283934054836 0
1708078271088 0.4186245606791589 0
1708078271155 0.394819849921811 0
1708078271263 0.39283340880947726 0
1708078271330 0.3924038948551301 0
1708078271395 0.3921836604995112 0
1708078271459 0.39199924084448046 0
1708078271524 0.39172046511403974 0
1708078271591 0.39147801264639825 0
1708078271656 0.39124902602164974 0
1708078271722 0.39096690666291023 0
1708078271789 0.3907259654614233 0
1708078271859 0.3902878809359766 0
1708078271927 0.3900175844469378 0
1708078271992 0.3896385277471235 0
1708078272058 0.3892465320325667 0
1708078272124 0.38883377082886234 0
