1717150314038 0.7844311594963074 0
1717150314069 0.7894211411476135 0
1717150314099 0.7944111824035645 0
1717150314130 0.802395224571228 0
1717150314162 0.7914171814918518 0
1717150314197 0.78742516040802 0
1717150314235 0.7924151420593262 0
1717150314266 0.7924151420593262 0
1717150314296 0.7864271402359009 0
1717150314328 0.7784430980682373 0
1717150314358 0.78143709897995 0
1717150314388 0.7754490971565247 0
1717150314418 0.7984032034873962 0
1717150314447 0.7974051833152771 0
1717150314478 0.7904191613197327 0
1717150314514 0.796407163143158 0
1717150314548 0.7974051833152771 0
1717150314580 0.8003991842269897 0
1717150314615 0.796407163143158 0
1717150314648 0.7924151420593262 0
1717150314681 0.7884231805801392 0
1717150314710 0.7864271402359009 0
1717150314740 0.796407163143158 0
1717150314770 0.7954092025756836 0
1717150314799 0.8203592896461487 0
1717150314828 0.8552893996238708 0
1717150314858 0.886227548122406 0
1717150314887 0.8992015719413757 0
1717150314916 0.8942115902900696 0
1717150314946 0.9071856141090393 0
1717150314976 0.9241517186164856 0
1717150315006 0.9261476993560791 0
1717150315036 0.940119743347168 0
1717150315067 0.93113774061203 0
1717150315100 0.9500998258590698 0
1717150315133 0.9431137442588806 0
1717150315164 0.9640718698501587 0
1717150315244 0.9690618515014648 0
1717150315274 0.9780439138412476 0
1717150315307 0.9690618515014648 0
1717150315339 0.9660678505897522 0
1717150315372 0.9750499129295349 0
1717150315458 0.9900199770927429 0
1717150315597 0.9830339550971985 0
1717150315658 0.9930139780044556 0
