1731060775066 0.6765918526798487 0
1731060775134 0.5747817922383547 0
1731060775199 0.4140729745849967 0
1731060775263 0.3939112713560462 0
1731060775326 0.39258940424770117 0
1731060775390 0.39233906380832195 0
1731060775452 0.3920799922198057 0
1731060775514 0.39176182728260756 0
1731060775576 0.39146040845662355 0
1731060775683 0.39121401216834784 0
1731060775752 0.3908847253769636 0
1731060775824 0.39057565201073885 0
1731060775890 0.39021175634115934 0
1731060775958 0.38995108660310507 0
1731060776025 0.3895219750702381 0
1731060776094 0.3891252037137747 0
1731060776411 0.3886245498433709 0
1731060776483 0.38813813403248787 0
1731060776556 0.38761733565479517 0
1731060776623 0.38706864789128304 0
1731060776696 0.3865491095930338 0
1731060776765 0.3859635517001152 0
1731060776835 0.3851864505559206 0
1731060776903 0.38447494711726904 0
1731060776970 0.3837238634005189 0
1731060777037 0.3829032424837351 0
1731060777103 0.38194001466035843 0
