1731060775079 0.7996090054512024 0
1731060775144 0.7878788113594055 0
1731060775209 0.7976539731025696 0
1731060775273 0.9100684523582458 0
1731060775336 0.9149560332298279 0
1731060775399 0.9677419066429138 0
1731060775462 1.014662742614746 0
1731060775523 1.0107526779174805 0
1731060775585 1.0381231307983398 0
1731060775693 1.0987292528152466 0
1731060775763 1.13587486743927 0
1731060775834 1.1339198350906372 0
1731060775901 1.20918869972229 0
1731060775968 1.2326490879058838 0
1731060776035 1.276637315750122 0
1731060776104 1.3147605657577515 0
1731060776422 1.4164222478866577 0
1731060776493 1.3998044729232788 0
1731060776567 1.4467253684997559 0
1731060776633 1.585532784461975 0
1731060776706 1.5610947608947754 0
1731060776774 1.6588464975357056 0
1731060776845 1.669599175453186 0
1731060776913 1.7438905239105225 0
1731060776979 1.7624633312225342 0
1731060777047 1.8064515590667725 0
1731060777113 1.954056739807129 0
