1709892716556 0.6633567983104337 0
1709892716634 0.5130316076740142 0
1709892716694 0.3983417787859517 0
1709892716753 0.39303439663302514 0
1709892716812 0.39254345432404547 0
1709892716878 0.3922507349521883 0
1709892716940 0.39191958500492957 0
1709892717009 0.39174500300038245 0
1709892717091 0.39125317142855737 0
1709892717169 0.3909231703127584 0
1709892717233 0.39057929188974444 0
1709892717554 0.39004615141499427 0
1709892717954 0.38961537422672393 0
1709892718221 0.38920250438874765 0
1709892718286 0.38860610127449036 0
