1723198369360 0.6795614846050739 0
1723198369441 0.6518171541392803 0
1723198369522 0.5950702279806137 0
1723198369592 0.4959357790648937 0
1723198369668 0.4141615815460682 0
1723198369769 0.39812715724110603 0
1723198369884 0.3937538471072912 0
1723198369965 0.3925764597952366 0
1723198370036 0.39221998304128647 0
1723198370100 0.3920375145971775 0
1723198370164 0.39190049283206463 0
1723198370226 0.39168721809983253 0
1723198370287 0.3915324676781893 0
1723198370347 0.3913686331361532 0
1723198370410 0.39123430848121643 0
1723198370478 0.39098700508475304 0
1723198370587 0.39079165272414684 0
1723198370648 0.3906260263174772 0
