1723803185770 0.6878300160169601 0
1723803185847 0.6670509725809097 0
1723803185957 0.6301458328962326 0
1723803186047 0.566333644092083 0
1723803186119 0.47906938195228577 0
1723803186283 0.4118761382997036 0
1723803186408 0.4016593396663666 0
1723803186478 0.3998502939939499 0
1723803186553 0.39341630041599274 0
1723803186629 0.39321258664131165 0
1723803186776 0.392863180488348 0
1723803186843 0.392360832542181 0
1723803186921 0.3922587186098099 0
1723803186994 0.392099492251873 0
1723803187152 0.3919316604733467 0
1723803187231 0.39183077961206436 0
1723803187385 0.39169496297836304 0
1723803187460 0.3915742561221123 0
1723803187531 0.3914357125759125 0
1723803187615 0.39129189401865005 0
1723803187774 0.39117949455976486 0
1723803187836 0.3910743482410908 0
1723803187897 0.3908720389008522 0
1723803188033 0.3907402902841568 0
1723803188102 0.3905859403312206 0
1723803188186 0.3904070258140564 0
