1728641551039 0.7674190402030945 0
1728641551077 0.791952908039093 0
1728641551117 0.8007850646972656 0
1728641551156 0.7988224029541016 0
1728641551196 0.8223748803138733 0
1728641551345 0.8125613331794739 0
1728641551381 0.8125613331794739 0
1728641551417 0.809617280960083 0
1728641551453 0.8164867758750916 0
1728641551489 0.809617280960083 0
1728641551525 0.8233562111854553 0
1728641551561 0.8429833054542542 0
1728641551597 0.8675171732902527 0
1728641551633 0.8586849570274353 0
1728641551671 0.861629068851471 0
1728641551708 0.8832188248634338 0
1728641551745 0.9106967449188232 0
1728641551784 0.9332678914070129 0
1728641551821 0.9313052296638489 0
1728641551860 0.9587831497192383 0
1728641551897 0.9735034108161926 0
1728641551934 0.9695780277252197 0
1728641551971 0.9842983484268188 0
1728641552009 0.9960745573043823 0
1728641552047 0.999018669128418 0
1728641552083 1.0039254426956177 0
1728641552120 1.0058881044387817 0
1728641552156 1.0186457633972168 0
1728641552194 1.0402355194091797 0
1728641552231 1.0323846340179443 0
1728641552269 1.0392541885375977 0
1728641552306 1.034347414970398 0
1728641552346 1.0569185018539429 0
1728641552385 1.0736016035079956 0
1728641552428 1.0883219242095947 0
1728641552470 1.0775270462036133 0
1728641552507 1.0951913595199585 0
1728641552545 1.085377812385559 0
1728641552583 1.106967568397522 0
1728641552621 1.120706558227539 0
1728641552659 1.118743896484375 0
1728641552696 1.14131498336792 0
1728641552734 1.1442590951919556 0
1728641552772 1.1658488512039185 0
1728641552811 1.155053973197937 0
1728641552850 1.1786065101623535 0
1728641552887 1.1933268308639526 0
