1726222328544 0.6925011053681374 0
1726222328575 0.6837279871106148 0
1726222328604 0.6738802418112755 0
1726222328634 0.6599866226315498 0
1726222328664 0.6385967656970024 0
1726222328695 0.6064327880740166 0
1726222328725 0.5626357346773148 0
1726222328755 0.5119445845484734 0
1726222328785 0.46526386961340904 0
1726222328815 0.43296487256884575 0
1726222328845 0.4160538949072361 0
1726222328874 0.4073947183787823 0
1726222328904 0.4012111537158489 0
1726222328934 0.39701470360159874 0
1726222328964 0.3948180340230465 0
1726222328994 0.39362259954214096 0
1726222329065 0.39286409690976143 0
1726222329106 0.3923955298960209 0
1726222329144 0.3921167403459549 0
1726222329175 0.39193446189165115 0
1726222329206 0.39177297055721283 0
1726222329237 0.39165978133678436 0
1726222329268 0.39153218641877174 0
1726222329298 0.39144593477249146 0
1726222329328 0.39131511375308037 0
1726222329358 0.39120593294501305 0
1726222329388 0.3910774365067482 0
1726222329418 0.39095785468816757 0
1726222329448 0.39084966108202934 0
1726222329478 0.39070994406938553 0
1726222329508 0.3905844986438751 0
1726222329537 0.390456173568964 0
1726222329567 0.3903258442878723 0
1726222329596 0.390176672488451 0
