1726222328553 0.8110235929489136 0
1726222328583 0.7942913174629211 0
1726222328613 0.8110235929489136 0
1726222328643 0.8051180839538574 0
1726222328673 0.8011810779571533 0
1726222328704 0.8070865869522095 0
1726222328734 0.8051180839538574 0
1726222328764 0.8110235929489136 0
1726222328794 0.8218504190444946 0
1726222328824 0.8228346705436707 0
1726222328853 0.8129921555519104 0
1726222328883 0.8031495809555054 0
1726222328913 0.8061023354530334 0
1726222328943 0.8257874250411987 0
1726222328972 0.8553149700164795 0
1726222329002 0.8562992215156555 0
1726222329074 0.8651574850082397 0
1726222329117 0.8956692814826965 0
1726222329153 0.9222440719604492 0
1726222329184 0.9438976645469666 0
1726222329215 0.9803149700164795 0
1726222329246 1.003937005996704 0
1726222329277 1.006889820098877 0
1726222329307 1.0275590419769287 0
1726222329337 1.0265748500823975 0
1726222329367 1.0590550899505615 0
1726222329397 1.07677161693573 0
1726222329427 1.07677161693573 0
1726222329457 1.078740119934082 0
1726222329487 1.118110179901123 0
1726222329517 1.129921317100525 0
1726222329546 1.1456693410873413 0
1726222329576 1.114173173904419 0
1726222329605 1.1387795209884644 0
