1684491026749 0.6838563084602356 0
1684491026790 0.6781628578901291 0
1684491026825 0.6709578111767769 0
1684491026867 0.6598229110240936 0
1684491026908 0.6426037475466728 0
1684491026955 0.6184791103005409 0
1684491026993 0.5852769240736961 0
1684491027032 0.5433077290654182 0
1684491027077 0.49659308046102524 0
1684491027114 0.4543265998363495 0
1684491027156 0.42426571622490883 0
1684491027268 0.4097255803644657 0
1684491027316 0.40274159610271454 0
1684491027365 0.39840222895145416 0
1684491027420 0.39533480629324913 0
1684491027466 0.3940010629594326 0
1684491027526 0.39326995611190796 0
1684491027704 0.3927857577800751 0
1684491027754 0.3923690840601921 0
1684491027812 0.39216210693120956 0
1684491027859 0.39201096817851067 0
1684491027914 0.3919049873948097 0
1684491027960 0.3918570689857006 0
1684491028031 0.3918643705546856 0
1684491028087 0.3917238973081112 0
