1700820634747 0.8219037652015686 0
1700820634789 0.8116683959960938 0
1700820635036 0.7686796188354492 0
1700820635074 0.77072674036026 0
1700820635118 0.8495393991470337 0
1700820635249 0.8966223001480103 0
1700820635298 0.9324462413787842 0
1700820635346 0.9692937731742859 0
1700820635394 1.0143295526504517 0
1700820635436 1.0153530836105347 0
1700820635483 1.03787100315094 0
1700820635522 1.0460593700408936 0
1700820635562 1.1074718236923218 0
1700820635601 1.1740020513534546 0
1700820635641 1.165813684463501 0
1700820635683 1.160696029663086 0
1700820635723 1.2661207914352417 0
1700820635765 1.256908893585205 0
