1694772628503 0.7832817435264587 0
1694772628559 0.7894737124443054 0
1694772628612 0.8008255958557129 0
1694772628666 0.7822497487068176 0
1694772628719 0.7750257849693298 0
1694772628773 0.7781217694282532 0
1694772628825 0.7739937901496887 0
1694772628878 0.7750257849693298 0
1694772628931 0.7946336269378662 0
1694772628984 0.7843137383460999 0
1694772629036 0.8369452953338623 0
1694772629090 0.8441692590713501 0
1694772629143 0.8875129222869873 0
1694772629199 0.9195046424865723 0
1694772629254 0.9195046424865723 0
1694772629307 0.925696611404419 0
1694772629359 0.9525283575057983 0
1694772629412 0.9535603523254395 0
1694772629463 0.9453044533729553 0
1694772629516 0.9721361994743347 0
1694772629573 1.0072239637374878 0
1694772629625 0.9979360103607178 0
1694772629679 1.0350877046585083 0
1694772629732 1.0350877046585083 0
