1732875214934 0.6939188031589284 0
1732875214979 0.6824859520968269 0
1732875215030 0.6613931129960453 0
1732875215085 0.6193461944075191 0
1732875215133 0.5483578022788552 0
1732875215179 0.46810216412824746 0
1732875215323 0.4165737418567433 0
1732875215369 0.4027824647286359 0
1732875215416 0.3976211179705227 0
1732875215465 0.39463114913772135 0
1732875215511 0.3933520983247196 0
1732875215555 0.3925742366734673 0
1732875215598 0.39243413946207834 0
1732875215642 0.3924700898282668 0
1732875215684 0.39286276873420267 0
1732875215727 0.39218801785917845 0
1732875215781 0.39275112748146057 0
1732875215828 0.39224840437664704 0
1732875215873 0.39175859093666077 0
1732875215917 0.3917367107727948 0
1732875215961 0.39184432345278125 0
