1694772627659 0.7533539533615112 0
1694772627714 0.7739937901496887 0
1694772627769 0.7987616062164307 0
1694772627822 0.7997936010360718 0
1694772627875 0.9226006269454956 0
1694772627929 0.9618163108825684 0
1694772627982 0.9979360103607178 0
1694772628036 1.0144479274749756 0
1694772628089 1.050567626953125 0
1694772628142 1.042311668395996 0
1694772628195 1.1011351346969604 0
1694772628248 1.1320949792861938 0
1694772628301 1.216718316078186 0
1694772628354 1.2229101657867432 0
1694772628406 1.332301378250122 0
