1720779090612 0.687372513115406 0
1720779090650 0.6739833801984787 0
1720779090686 0.6539331749081612 0
1720779090720 0.6202556118369102 0
1720779090754 0.568072572350502 0
1720779090788 0.5012182109057903 0
1720779090821 0.43957503885030746 0
1720779090851 0.40739936381578445 0
1720779090881 0.40135880187153816 0
1720779090912 0.3978096544742584 0
1720779090943 0.39382896944880486 0
1720779090974 0.3927374929189682 0
1720779091005 0.39249928295612335 0
1720779091036 0.3922414109110832 0
1720779091066 0.39209363609552383 0
1720779091097 0.3919896110892296 0
1720779091128 0.39188604429364204 0
1720779091160 0.3917889781296253 0
1720779091190 0.3916667811572552 0
1720779091220 0.3915403112769127 0
1720779091251 0.3914697803556919 0
