1704449405021 0.8301119208335876 0
1704449405127 0.8219735622406006 0
1704449405217 0.8392675518989563 0
1704449405303 0.8474059104919434 0
1704449405386 0.846388578414917 0
1704449405582 0.8626652956008911 0
1704449405762 0.9308239817619324 0
1704449405846 0.9399796724319458 0
1704449405925 0.9867751598358154 0
1704449406001 1.0152593851089478 0
1704449406083 1.0193285942077637 0
1704449406166 1.0447609424591064 0
1704449406251 1.0712106227874756 0
1704449406339 1.0874873399734497 0
1704449406873 1.1007120609283447 0
1704449407176 1.153611421585083 0
1704449407255 1.1780264377593994 0
1704449407337 1.2207528352737427 0
