1711707088999 0.6882795765995979 0
1711707089063 0.6694508232176304 0
1711707089340 0.6304807998239994 0
1711707089456 0.5536166951060295 0
1711707089508 0.4549620822072029 0
1711707089562 0.4024550374597311 0
1711707089729 0.396213848143816 0
1711707089773 0.39352936297655106 0
1711707089817 0.3926617819815874 0
1711707089863 0.392531493678689 0
1711707089905 0.39237260818481445 0
1711707089947 0.39220805279910564 0
1711707090008 0.3921497408300638 0
1711707090072 0.3920198008418083 0
1711707090135 0.391860194504261 0
1711707090186 0.39179426059126854 0
1711707090234 0.3916575666517019 0
1711707090278 0.39147850684821606 0
1711707090338 0.3913936037570238 0
1711707090402 0.3913204725831747 0
1711707090461 0.3911017384380102 0
1711707090517 0.39098702371120453 0
1711707090565 0.39081875421106815 0
1711707090613 0.3907076511532068 0
1711707090656 0.39054794050753117 0
1711707090700 0.39045852795243263 0
1711707090742 0.3902785498648882 0
1711707090794 0.3901766762137413 0
1711707090848 0.38994381576776505 0
1711707090904 0.3898220881819725 0
1711707090948 0.3896712474524975 0
1711707090993 0.38943413831293583 0
