1719569454843 0.689435850828886 0
1719569454882 0.6838897429406643 0
1719569454921 0.6759409680962563 0
1719569454961 0.663545984774828 0
1719569455000 0.6440381444990635 0
1719569455039 0.6149885952472687 0
1719569455077 0.5749333091080189 0
1719569455116 0.5271533094346523 0
1719569455155 0.4796788226813078 0
1719569455193 0.44213616847991943 0
1719569455232 0.41870148479938507 0
1719569455271 0.4067858960479498 0
1719569455311 0.40094076097011566 0
1719569455352 0.3977627884596586 0
1719569455392 0.39574442617595196 0
1719569455434 0.394456559792161 0
1719569455482 0.3935971073806286 0
1719569455523 0.39304082095623016 0
1719569455564 0.39260669983923435 0
1719569455605 0.39231767132878304 0
1719569455647 0.3921344429254532 0
1719569455689 0.3919773604720831 0
1719569455728 0.3918380308896303 0
1719569455767 0.3917689938098192 0
1719569455807 0.3916812017560005 0
1719569455845 0.3915489111095667 0
1719569455884 0.39150858856737614 0
1719569455922 0.3914283961057663 0
1719569455961 0.39137957617640495 0
1719569456000 0.391299594193697 0
1719569456038 0.39121039025485516 0
1719569456078 0.39112677052617073 0
1719569456118 0.39105216786265373 0
