1727431976184 0.823992133140564 0
1727431976250 0.8446410894393921 0
1727431976364 0.841691255569458 0
1727431976424 0.8387414216995239 0
1727431976483 0.8466076850891113 0
1727431976539 0.8790560364723206 0
1727431976605 0.9419862627983093 0
1727431976675 0.9695181846618652 0
1727431976742 1.0157325267791748 0
1727431976810 1.0255653858184814 0
1727431976881 1.0481809377670288 0
1727431976951 1.071779727935791 0
1727431977025 1.118977427482605 0
1727431977110 1.121927261352539 0
1727431977179 1.1533923149108887 0
1727431977252 1.1632251739501953 0
1727431977314 1.2399213314056396 0
1727431977380 1.2232054471969604 0
1727431977443 1.2615536451339722 0
1727431977509 1.370698094367981 0
1727431977578 1.3785643577575684 0
1727431977646 1.3657816648483276 0
1727431977713 1.4434611797332764 0
1727431977796 1.4650933742523193 0
1727431977889 1.5122910737991333 0
1727431977960 1.543756127357483 0
1727431978029 1.6175024509429932 0
1727431978094 1.665683388710022 0
1727431978163 1.6529006958007812 0
1727431978242 1.7059980630874634 0
