1717150313101 0.8053892254829407 0
1717150313174 0.7884231805801392 0
1717150313233 0.8013972043991089 0
1717150313291 0.8153692483901978 0
1717150313343 0.8493013978004456 0
1717150313382 0.847305417060852 0
1717150313424 0.8692615032196045 0
1717150313473 0.9281437397003174 0
1717150313510 0.9331337213516235 0
1717150313546 0.9560878276824951 0
1717150313584 0.961077868938446 0
1717150313623 0.9810379147529602 0
1717150313659 1.0119760036468506 0
1717150313696 1.0229541063308716 0
1717150313734 1.0429141521453857 0
1717150313772 1.0658682584762573 0
1717150313811 1.0578842163085938 0
1717150313846 1.0369261503219604 0
1717150313883 1.0978044271469116 0
1717150313919 1.1157684326171875 0
1717150313955 1.118762493133545 0
