1695982271532 0.6919639930129051 0
1695982271595 0.678583737462759 0
1695982271654 0.65629892796278 0
1695982271711 0.6189530305564404 0
1695982271777 0.5637005195021629 0
1695982271855 0.497555123642087 0
1695982271926 0.4427196625620127 0
1695982272082 0.4148500859737396 0
1695982272127 0.40336402878165245 0
1695982272173 0.3983049914240837 0
1695982272218 0.395637147128582 0
1695982272259 0.3942479472607374 0
1695982272413 0.3933899197727442 0
1695982272453 0.3927716501057148 0
1695982272494 0.39245762676000595 0
1695982272537 0.39227960258722305 0
1695982272577 0.39213251136243343 0
1695982272616 0.3919756803661585 0
1695982272656 0.39179953560233116 0
1695982272697 0.39163476414978504 0
1695982272736 0.3916980065405369 0
