1682678939894 0.6942599813143412 0
1682678939942 0.6872702598571777 0
1682678939989 0.6764667868614197 0
1682678940035 0.6564284483591716 0
1682678940080 0.6196053663889567 0
1682678940125 0.5626438577969869 0
1682678940171 0.49385835727055866 0
1682678940218 0.4364526629447937 0
1682678940263 0.40824992855389913 0
1682678940309 0.3999659836292267 0
1682678940357 0.39666066964467367 0
1682678940403 0.3946297883987427 0
1682678940451 0.3935984194278717 0
1682678940497 0.3930527587731679 0
1682678940543 0.3927204430103302 0
1682678940590 0.392537921667099 0
1682678940636 0.39240362445513405 0
1682678940682 0.3923142611980438 0
1682678940729 0.3922048528989156 0
1682678940775 0.39212653040885925 0
1682678940821 0.3920332074165344 0
1682678940867 0.39196276863416035 0
1682678940913 0.3918989896774292 0
1682678940958 0.3918364723523458 0
1682678941005 0.39175254503885903 0
1682678941049 0.391650382677714 0
1682678941095 0.3915658434232076 0
