1702635042975 0.8124362826347351 0
1702635043002 0.8287461996078491 0
1702635043028 0.8144749999046326 0
1702635043054 0.8216106295585632 0
1702635043081 0.8144749999046326 0
1702635043107 0.8175331354141235 0
1702635043133 0.8114169239997864 0
1702635043159 0.8083587884902954 0
1702635043185 0.8032619953155518 0
1702635043211 0.806320071220398 0
1702635043300 0.8124362826347351 0
1702635043325 0.8165137767791748 0
1702635043351 0.8216106295585632 0
1702635043377 0.8256880640983582 0
1702635043404 0.8267074227333069 0
1702635043429 0.8246687054634094 0
1702635043455 0.8154944181442261 0
1702635043481 0.8205912113189697 0
1702635043507 0.8216106295585632 0
1702635043533 0.8267074227333069 0
1702635043559 0.8338429927825928 0
1702635043585 0.8685015439987183 0
1702635043610 0.8888888955116272 0
1702635043636 0.9082568883895874 0
1702635043662 0.9337410926818848 0
1702635043689 0.953109085559845 0
1702635043716 0.9724770784378052 0
1702635043743 0.9704383015632629 0
1702635043769 0.9979612827301025 0
1702635043796 1.004077434539795 0
1702635043823 1.0112130641937256 0
1702635043849 1.0091743469238281 0
1702635043876 1.0214067697525024 0
1702635043902 1.0550458431243896 0
1702635043927 1.0530071258544922 0
1702635043954 1.0621814727783203 0
1702635043980 1.0784913301467896 0
1702635044011 1.0927624702453613 0
1702635044040 1.0978593826293945 0
1702635044068 1.1029561758041382 0
1702635044095 1.113149881362915 0
1702635044123 1.1202853918075562 0
1702635044228 1.136595368385315 0
1702635044253 1.1651376485824585 0
1702635044279 1.1580020189285278 0
1702635044305 1.1692150831222534 0
1702635044331 1.184505581855774 0
1702635044358 1.1865442991256714 0
1702635044386 1.1967380046844482 0
1702635044413 1.2140672206878662 0
