1702635036856 0.6937418505549431 0
1702635036879 0.6911587864160538 0
1702635036903 0.6884985491633415 0
1702635036926 0.6852318495512009 0
1702635036950 0.6811756566166878 0
1702635036973 0.6759253516793251 0
1702635036996 0.6694503277540207 0
1702635037019 0.6615723147988319 0
1702635037042 0.6521134451031685 0
1702635037065 0.640692301094532 0
1702635037087 0.6273805722594261 0
1702635037110 0.612249068915844 0
1702635037133 0.5951648354530334 0
1702635037156 0.5763831436634064 0
1702635037179 0.5559064820408821 0
1702635037201 0.534472830593586 0
1702635037224 0.5127445235848427 0
1702635037247 0.491063192486763 0
1702635037270 0.47118668630719185 0
1702635037293 0.4531315714120865 0
1702635037316 0.43839268013834953 0
1702635037339 0.42663389071822166 0
1702635037361 0.4178652763366699 0
1702635037384 0.41160833463072777 0
1702635037408 0.40720777958631516 0
1702635037431 0.40385207906365395 0
1702635037453 0.4014725908637047 0
1702635037476 0.39954041317105293 0
1702635037499 0.3983261212706566 0
1702635037523 0.3971014469861984 0
1702635037548 0.3960946276783943 0
1702635037572 0.3954339288175106 0
1702635037596 0.3947484716773033 0
1702635037618 0.3942228630185127 0
1702635037641 0.39388999715447426 0
1702635037664 0.39349301531910896 0
1702635037687 0.3932390883564949 0
1702635037710 0.39301304519176483 0
1702635037733 0.3928123638033867 0
1702635037756 0.3926394283771515 0
1702635037779 0.39255784824490547 0
1702635037802 0.39243049919605255 0
1702635037825 0.3923405110836029 0
1702635037848 0.3922687992453575 0
1702635037871 0.39214400574564934 0
1702635037894 0.3921087682247162 0
1702635037917 0.3920820355415344 0
1702635037939 0.39199094474315643 0
1702635037962 0.3919491805136204 0
