1685095959009 0.7997903823852539 0
1685095959051 0.8071278929710388 0
1685095959090 0.802935004234314 0
1685095959129 0.8102725148200989 0
1685095959210 0.8207547068595886 0
1685095959251 0.8763102889060974 0
1685095959290 0.9371069073677063 0
1685095959328 0.9339622855186462 0
1685095959367 0.9423480033874512 0
1685095959407 0.9643605947494507 0
1685095959447 1.00209641456604 0
1685095959494 1.0356394052505493 0
1685095959535 1.0398322343826294 0
1685095959574 1.0870020389556885 0
1685095959613 1.1184486150741577 0
1685095959654 1.156184434890747 0
1685095959693 1.1844863891601562 0
1685095959731 1.198113203048706 0
