1685095959005 0.6819828301668167 0
1685095959047 0.6405878588557243 0
1685095959086 0.5518988259136677 0
1685095959125 0.43669864162802696 0
1685095959166 0.4088449142873287 0
1685095959247 0.40219537541270256 0
1685095959286 0.3930811695754528 0
1685095959324 0.3938216157257557 0
1685095959363 0.39219415187835693 0
1685095959403 0.392092477530241 0
1685095959443 0.39151614531874657 0
1685095959490 0.39139338955283165 0
1685095959531 0.39108414202928543 0
1685095959570 0.3908736854791641 0
1685095959609 0.390506524592638 0
1685095959648 0.39020922407507896 0
1685095959689 0.3900620713829994 0
1685095959727 0.3896585889160633 0
