1714126208896 0.8056111931800842 0
1714126208977 0.8076152205467224 0
1714126209023 0.8166332840919495 0
1714126209069 0.8156312704086304 0
1714126209160 0.820641279220581 0
1714126209206 0.8306612968444824 0
1714126209251 0.8166332840919495 0
1714126209297 0.8226453065872192 0
1714126209342 0.8326653242111206 0
1714126209511 0.8266533017158508 0
1714126209556 0.8326653242111206 0
1714126209727 0.842685341835022 0
1714126209771 0.8436873555183411 0
1714126209817 0.8607214689254761 0
1714126209874 0.8627254366874695 0
1714126209920 0.8607214689254761 0
1714126210000 0.842685341835022 0
1714126210083 0.8697394728660583 0
1714126210128 0.8857715725898743 0
1714126210173 0.891783595085144 0
1714126210217 0.9178356528282166 0
1714126210261 0.9208416938781738 0
1714126210306 0.9348697662353516 0
1714126210351 0.9478957653045654 0
1714126210397 0.968937873840332 0
