1703239826686 0.6910738050937653 0
1703239826727 0.6821050271391869 0
1703239826787 0.6700500175356865 0
1703239826829 0.6514077037572861 0
1703239826915 0.6222118139266968 0
1703239826952 0.5788061022758484 0
1703239826987 0.5218054093420506 0
1703239827018 0.4610944353044033 0
1703239827049 0.41670699045062065 0
1703239827079 0.4001522585749626 0
1703239827109 0.3982456102967262 0
1703239827141 0.3957413174211979 0
1703239827175 0.39325734227895737 0
1703239827208 0.3924822621047497 0
1703239827240 0.3924064300954342 0
1703239827272 0.39217709004879 0
1703239827303 0.39202020689845085 0
1703239827333 0.3920345902442932 0
1703239827363 0.39188893511891365 0
1703239827396 0.39181164279580116 0
1703239827428 0.39171553775668144 0
1703239827458 0.3916269727051258 0
