1690539114369 0.8110072612762451 0
1690539114406 0.7933540940284729 0
1690539114442 0.820353090763092 0
1690539114478 0.8525441288948059 0
1690539114514 0.8338525295257568 0
1690539114550 0.8276219964027405 0
1690539114585 0.8380062580108643 0
1690539114620 0.860851526260376 0
1690539114654 0.881619930267334 0
1690539114690 0.9158878326416016 0
1690539114725 0.9584631323814392 0
1690539114761 0.9833852648735046 0
1690539114795 0.9989615678787231 0
1690539114833 1.0425752401351929 0
1690539114869 1.0685358047485352 0
1690539114905 1.1111111640930176 0
1690539114941 1.139148473739624 0
1690539114978 1.1422637701034546 0
1690539115015 1.1723779439926147 0
1690539115051 1.215991735458374 0
1690539115086 1.2741433382034302 0
1690539115121 1.2876428365707397 0
1690539115158 1.3084112405776978 0
1690539115193 1.3136032819747925 0
