1721988725037 0.6772376373410225 0
1721988725084 0.6338126547634602 0
1721988725130 0.5152576826512814 0
1721988725176 0.4130685245618224 0
1721988725222 0.3964959289878607 0
1721988725268 0.39336609933525324 0
1721988725314 0.392691851593554 0
1721988725360 0.3924355786293745 0
1721988725406 0.3922938657924533 0
1721988725452 0.39219825249165297 0
1721988725498 0.39202032797038555 0
1721988725545 0.3919784789904952 0
1721988725591 0.39188441075384617 0
1721988725638 0.391668988391757 0
1721988725684 0.3915594108402729 0
1721988725731 0.39140660129487514 0
1721988725778 0.39132705703377724 0
1721988725944 0.3911022497341037 0
1721988725991 0.39096786733716726 0
