1732270442646 0.8468292951583862 0
1732270442694 0.854634165763855 0
1732270442740 0.8575609922409058 0
1732270442788 0.8478049039840698 0
1732270442835 0.8360975384712219 0
1732270442881 0.8517073392868042 0
1732270442927 0.8487805128097534 0
1732270442973 0.8526829481124878 0
1732270443036 0.8399999737739563 0
1732270443098 0.8565853834152222 0
1732270443151 0.8536585569381714 0
1732270443197 0.8556097745895386 0
1732270443244 0.8604878187179565 0
1732270443298 0.8682926893234253 0
1732270443355 0.8634146451950073 0
1732270443406 0.8702439069747925 0
1732270443456 0.8848780393600464 0
1732270443507 0.8751219511032104 0
1732270443553 0.9053658246994019 0
1732270443599 0.914146363735199 0
1732270443645 0.9326829314231873 0
1732270443692 0.9307317137718201 0
