1725617558971 0.7586206793785095 0
1725617559011 0.7536945939064026 0
1725617559047 0.7674877047538757 0
1725617559082 0.7507389187812805 0
1725617559113 0.7645320296287537 0
1725617559143 0.7724137902259827 0
1725617559177 0.7743842601776123 0
1725617559209 0.754679799079895 0
1725617559283 0.7527093887329102 0
1725617559315 0.7556650042533875 0
1725617559355 0.7566502690315247 0
1725617559390 0.7536945939064026 0
1725617559422 0.762561559677124 0
1725617559454 0.7665024399757385 0
1725617559487 0.7684729099273682 0
1725617559520 0.7733989953994751 0
1725617559659 0.7753694653511047 0
1725617559690 0.7763546705245972 0
1725617559721 0.7743842601776123 0
1725617559752 0.7763546705245972 0
1725617559783 0.7753694653511047 0
1725617559814 0.7694581151008606 0
1725617559845 0.7527093887329102 0
1725617559876 0.7694581151008606 0
1725617559907 0.7802955508232117 0
1725617559938 0.770443320274353 0
1725617559969 0.7724137902259827 0
1725617560008 0.7753694653511047 0
1725617560041 0.7812808156013489 0
1725617560074 0.7753694653511047 0
1725617560106 0.7763546705245972 0
1725617560136 0.7724137902259827 0
1725617560167 0.7802955508232117 0
1725617560197 0.7911329865455627 0
1725617560227 0.8137931227684021 0
1725617560259 0.8256157636642456 0
1725617560296 0.834482729434967 0
1725617560334 0.8600985407829285 0
1725617560393 0.8709359765052795 0
1725617560436 0.8817734122276306 0
1725617560479 0.8916256427764893 0
1725617560514 0.8995074033737183 0
1725617560548 0.9172413945198059 0
1725617560582 0.9320197105407715 0
1725617560616 0.9290640354156494 0
1725617560651 0.9399014711380005 0
1725617560686 0.9477832317352295 0
1725617560720 0.9399014711380005 0
1725617560755 0.9556650519371033 0
1725617560792 0.9556650519371033 0
1725617560822 0.9576354622840881 0
1725617560852 0.9655172228813171 0
1725617560881 0.9684728980064392 0
1725617560911 0.9694581031799316 0
1725617560940 0.9694581031799316 0
1725617560970 0.9674876928329468 0
1725617561000 0.9822660088539124 0
1725617561030 0.9852216839790344 0
1725617561060 0.9832512140274048 0
1725617561091 0.9891625642776489 0
1725617561120 0.9931034445762634 0
1725617561151 0.9980295300483704 0
1725617561180 0.9940886497497559 0
