1725617558959 0.7013661190867424 0
1725617559000 0.6982707381248474 0
1725617559037 0.6951893493533134 0
1725617559074 0.6919470578432083 0
1725617559104 0.6884589865803719 0
1725617559135 0.6845431625843048 0
1725617559168 0.6799819767475128 0
1725617559200 0.6745722740888596 0
1725617559242 0.6679434552788734 0
1725617559306 0.659655749797821 0
1725617559341 0.6491926610469818 0
1725617559381 0.6361520886421204 0
1725617559413 0.6202523410320282 0
1725617559445 0.6015510708093643 0
1725617559477 0.5804197639226913 0
1725617559509 0.5574835166335106 0
1725617559641 0.533588208258152 0
1725617559681 0.5096671096980572 0
1725617559712 0.4868377521634102 0
1725617559743 0.4660644754767418 0
1725617559774 0.44820423796772957 0
1725617559805 0.4337555468082428 0
1725617559836 0.4226876422762871 0
1725617559867 0.41462745890021324 0
1725617559898 0.40887900814414024 0
1725617559929 0.4048062711954117 0
1725617559960 0.40184325724840164 0
1725617559995 0.3997012488543987 0
1725617560031 0.39806439727544785 0
1725617560065 0.3967912271618843 0
1725617560097 0.3958210051059723 0
1725617560127 0.3950675390660763 0
1725617560158 0.3944958336651325 0
1725617560188 0.3940151520073414 0
1725617560218 0.39365289360284805 0
1725617560250 0.3933551646769047 0
1725617560286 0.3931136429309845 0
1725617560323 0.39291544258594513 0
1725617560382 0.3927702307701111 0
1725617560422 0.3926346227526665 0
1725617560466 0.39250968024134636 0
1725617560505 0.3924180194735527 0
1725617560539 0.39232905581593513 0
1725617560572 0.3922552987933159 0
1725617560606 0.39220766350626945 0
1725617560640 0.3921441622078419 0
1725617560676 0.3920937106013298 0
1725617560709 0.392044585198164 0
1725617560745 0.3920098692178726 0
1725617560782 0.3919622041285038 0
1725617560813 0.3919304199516773 0
1725617560843 0.3918820396065712 0
1725617560873 0.39185263216495514 0
1725617560902 0.391819816082716 0
1725617560932 0.3917825408279896 0
1725617560961 0.39175233244895935 0
1725617560991 0.39172185957431793 0
1725617561021 0.39169272780418396 0
1725617561051 0.3916597031056881 0
1725617561083 0.39162602648139 0
1725617561112 0.3915920965373516 0
1725617561141 0.3915674462914467 0
1725617561172 0.39154064282774925 0
