1708078275045 0.6813195540058997 0
1708078275114 0.6568656871395726 0
1708078275185 0.5916408838764313 0
1708078275268 0.4730887230365507 0
1708078275334 0.4045530576859751 0
1708078275403 0.3953856902737771 0
1708078275471 0.3933709667574975 0
1708078275538 0.3927559035439645 0
1708078275606 0.3925584131671536 0
1708078275675 0.39237258030522254 0
1708078275745 0.39222566639223405 0
1708078275816 0.392113882687784 0
1708078275887 0.39195571214922015 0
1708078275961 0.3918700266268946 0
1708078276034 0.3917209631012332 0
1708078276109 0.39160535508586514 0
1708078276179 0.39147847025625165 0
1708078276249 0.39128904573379025 0
1708078276336 0.39115984209122195 0
1708078276407 0.39105618961395755 0
1708078276474 0.39089997256955794 0
1708078276542 0.3907473673743586 0
1708078276612 0.3905368158894201 0
1708078276684 0.39046387999288495 0
1708078276755 0.39026904779095806 0
