1717755081836 0.6993755176663399 0
1717755081871 0.6948219873011112 0
1717755081904 0.6890193708240986 0
1717755081937 0.6812710948288441 0
1717755081971 0.6707646287977695 0
1717755082005 0.6567463465034962 0
1717755082039 0.638701356947422 0
1717755082073 0.6163743138313293 0
1717755082107 0.5903997458517551 0
1717755082140 0.5622480325400829 0
1717755082173 0.5337531082332134 0
1717755082208 0.5070549175143242 0
1717755082242 0.4833849649876356 0
1717755082276 0.46377833001315594 0
1717755082310 0.44813757948577404 0
1717755082345 0.4357712101191282 0
1717755082390 0.4265051018446684 0
1717755082427 0.4194309748709202 0
1717755082464 0.41411339677870274 0
1717755082500 0.4098348580300808 0
1717755082536 0.40649832226336 0
1717755082572 0.4037896040827036 0
1717755082614 0.40168931148946285 0
1717755082649 0.3999473564326763 0
1717755082685 0.39851378835737705 0
1717755082720 0.39725166745483875 0
1717755082967 0.3962973542511463 0
1717755083021 0.3955695107579231 0
1717755083057 0.39495572447776794 0
1717755083093 0.3943994306027889 0
1717755083219 0.39397912099957466 0
1717755083260 0.3935989700257778 0
1717755083295 0.39331235364079475 0
1717755083328 0.3930570501834154 0
1717755083362 0.39285118132829666 0
1717755083395 0.3926785606890917 0
1717755083429 0.39252717792987823 0
1717755083464 0.392443735152483 0
1717755083498 0.392304677516222 0
1717755083533 0.39222696237266064 0
1717755083567 0.3921666517853737 0
1717755083600 0.3920947555452585 0
1717755083636 0.3919960241764784 0
1717755083669 0.3919695820659399 0
1717755083704 0.3918984401971102 0
1717755083738 0.3918344099074602 0
1717755083772 0.3918021246790886 0
1717755083817 0.39177287742495537 0
1717755083885 0.39169815368950367 0
1717755083922 0.39166306890547276 0
1717755083959 0.3916268404573202 0
1717755083997 0.39156521670520306 0
1717755084037 0.3915565796196461 0
1717755084076 0.3915057722479105 0
1717755084115 0.3914500717073679 0
1717755084153 0.39140515215694904 0
1717755084191 0.39138687774538994 0
1717755084230 0.3913324438035488 0
1717755084266 0.3912729788571596 0
1717755084303 0.39125947281718254 0
1717755084339 0.39122293144464493 0
1717755084383 0.3911753222346306 0
1717755084417 0.39111892506480217 0
1717755084451 0.3910664729773998 0
1717755084485 0.3910268936306238 0
1717755084519 0.3909725397825241 0
1717755084553 0.39093223959207535 0
1717755084587 0.39086809754371643 0
1717755084621 0.39084293134510517 0
1717755084658 0.39077420346438885 0
1717755084693 0.39069187827408314 0
1717755084727 0.390671044588089 0
1717755084761 0.39060360938310623 0
1717755084794 0.3905739802867174 0
1717755084828 0.3905144613236189 0
1717755084861 0.39045448042452335 0
1717755084895 0.39038611203432083 0
