1706263828727 0.8103448152542114 0
1706263828772 0.8123732209205627 0
1706263828816 0.8042596578598022 0
1706263828863 0.8093306422233582 0
1706263828911 0.8245435953140259 0
1706263828960 0.8306288123130798 0
1706263829006 0.8235294222831726 0
1706263829051 0.8215010166168213 0
1706263829097 0.8296145796775818 0
1706263829143 0.8387423753738403 0
1706263829188 0.8498985767364502 0
1706263829234 0.8671399354934692 0
1706263829281 0.8864097595214844 0
1706263829326 0.9320486783981323 0
1706263829374 0.9492900371551514 0
1706263829420 0.9381338953971863 0
1706263829465 0.9503042697906494 0
1706263829513 0.959432065486908 0
1706263829560 0.953346848487854 0
1706263829606 0.9675456285476685 0
1706263829650 0.9807302355766296 0
1706263829696 0.9888437986373901 0
1706263829739 1.0131845474243164 0
