1706263828720 0.6865441203117371 0
1706263828766 0.6766049265861511 0
1706263828809 0.6628476530313492 0
1706263828856 0.6419107541441917 0
1706263828903 0.6098818108439445 0
1706263828953 0.5644448027014732 0
1706263828999 0.5077155381441116 0
1706263829044 0.4517351947724819 0
1706263829090 0.4138329327106476 0
1706263829136 0.4009842723608017 0
1706263829181 0.3987995721399784 0
1706263829227 0.39598001167178154 0
1706263829273 0.3935883305966854 0
1706263829319 0.39270832017064095 0
1706263829367 0.3924659863114357 0
1706263829413 0.3922256976366043 0
1706263829458 0.3920624107122421 0
1706263829506 0.3919898681342602 0
1706263829553 0.3919130191206932 0
1706263829599 0.39177559688687325 0
1706263829643 0.391735028475523 0
1706263829688 0.3916231766343117 0
1706263829732 0.39153189584612846 0
