1696587082288 0.6968750320374966 0
1696587082326 0.6922887228429317 0
1696587082363 0.6873398572206497 0
1696587082401 0.6812807619571686 0
1696587082438 0.6722234599292278 0
1696587082477 0.6581342108547688 0
1696587082516 0.6361209526658058 0
1696587082556 0.6034427210688591 0
1696587082596 0.5606702417135239 0
1696587082636 0.5143058355897665 0
1696587082676 0.4711401741951704 0
1696587082714 0.4408789128065109 0
1696587082752 0.42221688479185104 0
1696587082790 0.4125122241675854 0
1696587082828 0.4063933528959751 0
1696587082866 0.40213864482939243 0
1696587082904 0.39943756721913815 0
1696587082949 0.39721318893134594 0
1696587083029 0.39618296548724174 0
1696587083067 0.39519584737718105 0
1696587083104 0.3941997140645981 0
1696587083142 0.39385008439421654 0
1696587083181 0.393460089340806 0
1696587083221 0.3931933417916298 0
1696587083262 0.3929534964263439 0
1696587083302 0.3927678279578686 0
1696587083341 0.3927285876125097 0
1696587083381 0.39256902411580086 0
1696587083420 0.3924894593656063 0
1696587083457 0.39248140156269073 0
1696587083497 0.3922297824174166 0
1696587083535 0.39220165461301804 0
1696587083575 0.3921914007514715 0
1696587083614 0.39220552146434784 0
1696587083655 0.39204226061701775 0
1696587083695 0.3920055106282234 0
1696587083738 0.39204211719334126 0
1696587083787 0.3918064273893833 0
1696587083840 0.39188540540635586 0
1696587083885 0.3919368479400873 0
1696587083924 0.391790758818388 0
1696587083961 0.39181734807789326 0
1696587083999 0.39168879948556423 0
1696587084037 0.39161507971584797 0
1696587084075 0.3915468528866768 0
1696587084115 0.391556479036808 0
1696587084155 0.3916063420474529 0
