1696587082294 0.7798354029655457 0
1696587082332 0.7767489552497864 0
1696587082369 0.7654321193695068 0
1696587082406 0.7726337313652039 0
1696587082443 0.7818930149078369 0
1696587082482 0.7952674627304077 0
1696587082522 0.798353910446167 0
1696587082562 0.7993826866149902 0
1696587082601 0.7942386865615845 0
1696587082642 0.7962962985038757 0
1696587082681 0.7952674627304077 0
1696587082720 0.7952674627304077 0
1696587082757 0.7932098507881165 0
1696587082796 0.7942386865615845 0
1696587082833 0.7993826866149902 0
1696587082871 0.8117284178733826 0
1696587082910 0.8117284178733826 0
1696587082996 0.8148148059844971 0
1696587083035 0.8230452537536621 0
1696587083073 0.8261317014694214 0
1696587083110 0.8271604776382446 0
1696587083147 0.8374485373497009 0
1696587083187 0.8497942090034485 0
1696587083227 0.8395061492919922 0
1696587083268 0.8528806567192078 0
1696587083308 0.8446502089500427 0
1696587083347 0.8621399402618408 0
1696587083386 0.8590534925460815 0
1696587083425 0.8858024477958679 0
1696587083463 0.8981481194496155 0
1696587083502 0.8930041193962097 0
1696587083540 0.9053497910499573 0
1696587083580 0.9012345671653748 0
1696587083620 0.9207819104194641 0
1696587083660 0.9248971343040466 0
1696587083701 0.9187242984771729 0
1696587083744 0.9423868060112 0
1696587083802 0.9393004179000854 0
1696587083850 0.9393004179000854 0
1696587083891 0.9454732537269592 0
1696587083929 0.9413580298423767 0
1696587083967 0.9660493731498718 0
1696587084004 0.951646089553833 0
1696587084042 0.9506173133850098 0
1696587084081 0.9783950448036194 0
1696587084121 0.9670782089233398 0
1696587084160 0.9825102686882019 0
