1687515099230 0.780793309211731 0
1687515099427 0.7734864354133606 0
1687515099479 0.7860125303268433 0
1687515099572 0.7995824813842773 0
1687515099670 0.8079332113265991 0
1687515099745 0.818371593952179 0
1687515099834 0.8079332113265991 0
1687515099902 0.8079332113265991 0
1687515099990 0.8089770078659058 0
1687515100051 0.8100208640098572 0
1687515100109 0.8152400851249695 0
1687515100181 0.8068893551826477 0
1687515100312 0.8016701340675354 0
1687515100379 0.8016701340675354 0
1687515100446 0.8016701340675354 0
1687515100511 0.8016701340675354 0
1687515100576 0.8016701340675354 0
1687515100646 0.8016701340675354 0
1687515100707 0.8016701340675354 0
1687515100787 0.8016701340675354 0
1687515100854 0.7995824813842773 0
1687515100940 0.7995824813842773 0
1687515101016 0.8016701340675354 0
1687515101072 0.8058454990386963 0
1687515101133 0.8068893551826477 0
1687515101189 0.8308976888656616 0
1687515101248 0.8653444647789001 0
1687515101316 0.9029227495193481 0
1687515101395 0.9237995743751526 0
1687515101453 0.9300626516342163 0
1687515101525 0.9415448904037476 0
1687515101599 0.9592902064323425 0
1687515101667 0.9843423962593079 0
1687515101733 1.0114822387695312 0
1687515101786 1.0448851585388184 0
1687515101835 1.075156569480896 0
1687515101903 1.0730688571929932 0
1687515101961 1.0730688571929932 0
1687515102013 1.0699373483657837 0
1687515102059 1.0981210470199585 0
1687515102091 1.1033402681350708 0
1687515102142 1.1137787103652954 0
1687515102180 1.1273486614227295 0
1687515102215 1.1430062055587769 0
1687515102246 1.1492693424224854 0
1687515102281 1.1711900234222412 0
1687515102315 1.1868475675582886 0
1687515102347 1.2223381996154785 0
1687515102379 1.2171189785003662 0
1687515102420 1.2171189785003662 0
