1712311951306 0.791959822177887 0
1712311951343 0.7889447212219238 0
1712311951379 0.7939698696136475 0
1712311951416 0.791959822177887 0
1712311951452 0.7809045314788818 0
1712311951488 0.7829145789146423 0
1712311951523 0.7798994779586792 0
1712311951559 0.7839195728302002 0
1712311951594 0.7798994779586792 0
1712311951628 0.7839195728302002 0
1712311951663 0.7869346737861633 0
1712311951698 0.7889447212219238 0
1712311951734 0.7869346737861633 0
1712311951769 0.7869346737861633 0
1712311951804 0.791959822177887 0
1712311951839 0.7829145789146423 0
1712311951875 0.7819095253944397 0
1712311951912 0.7859296202659607 0
1712311951949 0.7909547686576843 0
1712311951984 0.791959822177887 0
1712311952018 0.8020100593566895 0
1712311952053 0.7939698696136475 0
1712311952088 0.7859296202659607 0
1712311952125 0.7859296202659607 0
1712311952160 0.7748743891716003 0
1712311952194 0.7839195728302002 0
1712311952231 0.7768844366073608 0
1712311952267 0.7809045314788818 0
1712311952303 0.7829145789146423 0
1712311952341 0.7969849109649658 0
1712311952377 0.7889447212219238 0
1712311952420 0.7909547686576843 0
1712311952455 0.7949748635292053 0
1712311952489 0.8010050058364868 0
1712311952526 0.800000011920929 0
1712311952560 0.8211055397987366 0
1712311952595 0.8140703439712524 0
1712311952630 0.8130653500556946 0
1712311952665 0.8190954923629761 0
1712311952700 0.8241205811500549 0
1712311952736 0.8251256346702576 0
1712311952772 0.8160803914070129 0
1712311952809 0.8442211151123047 0
1712311952846 0.8542713522911072 0
1712311952881 0.8592965006828308 0
1712311952916 0.8603014945983887 0
1712311952953 0.8703517317771912 0
1712311952990 0.8703517317771912 0
1712311953024 0.8643215894699097 0
1712311953060 0.8773869276046753 0
1712311953095 0.8773869276046753 0
1712311953132 0.8824120759963989 0
1712311953194 0.8783919811248779 0
1712311953228 0.8994975090026855 0
1712311953263 0.8884422183036804 0
1712311953298 0.9105527400970459 0
1712311953334 0.9386934638023376 0
1712311953371 0.9618090391159058 0
1712311953410 0.9678391814231873 0
1712311953448 0.9648241400718689 0
1712311953484 0.9618090391159058 0
1712311953520 0.9819095730781555 0
1712311953564 0.9849246144294739 0
1712311953598 0.9899497628211975 0
1712311953635 0.9889447093009949 0
1712311953670 0.9869346618652344 0
1712311953705 0.987939715385437 0
1712311953739 1.0030150413513184 0
1712311953774 1.0020101070404053 0
1712311953810 1.0050251483917236 0
1712311953845 1.0010050535202026 0
1712311953880 1.0130653381347656 0
1712311953915 1.0130653381347656 0
1712311953952 1.016080379486084 0
1712311953989 1.0221105813980103 0
1712311954025 1.032160758972168 0
1712311954121 1.024120569229126 0
