1710497390669 0.8094757795333862 0
1710497390696 0.8114919066429138 0
1710497390721 0.8155242204666138 0
1710497390747 0.819556474685669 0
1710497390787 0.8205645084381104 0
1710497390816 0.8175403475761414 0
1710497390845 0.8175403475761414 0
1710497390874 0.8165322542190552 0
1710497390910 0.7993951439857483 0
1710497390940 0.8034273982048035 0
1710497390966 0.8165322542190552 0
1710497390994 0.8205645084381104 0
1710497391026 0.8286290168762207 0
1710497391056 0.8165322542190552 0
1710497391082 0.8235887289047241 0
1710497391108 0.8447580933570862 0
1710497391135 0.8397177457809448 0
1710497391160 0.8457661271095276 0
1710497391187 0.8427419066429138 0
1710497391214 0.8316532373428345 0
1710497391240 0.8457661271095276 0
1710497391284 0.8447580933570862 0
1710497391310 0.8377016186714172 0
1710497391384 0.8397177457809448 0
1710497391410 0.8377016186714172 0
1710497391436 0.8336693644523621 0
1710497391461 0.8356854915618896 0
1710497391486 0.8346773982048035 0
1710497391510 0.836693525314331 0
1710497391534 0.8346773982048035 0
1710497391559 0.8346773982048035 0
1710497391583 0.8346773982048035 0
1710497391608 0.8346773982048035 0
1710497391632 0.8336693644523621 0
1710497391672 0.8326612710952759 0
1710497391707 0.8306451439857483 0
1710497391732 0.8306451439857483 0
1710497391757 0.8296371102333069 0
1710497391783 0.8286290168762207 0
1710497391812 0.8286290168762207 0
1710497391838 0.8286290168762207 0
1710497391863 0.8296371102333069 0
1710497391888 0.8306451439857483 0
1710497391914 0.8316532373428345 0
1710497391940 0.8316532373428345 0
1710497391965 0.8346773982048035 0
1710497391993 0.8316532373428345 0
1710497392019 0.8316532373428345 0
1710497392045 0.8326612710952759 0
1710497392072 0.8306451439857483 0
1710497392097 0.8336693644523621 0
1710497392122 0.8296371102333069 0
1710497392146 0.8286290168762207 0
1710497392174 0.8266128897666931 0
1710497392200 0.8286290168762207 0
1710497392226 0.8296371102333069 0
1710497392250 0.8306451439857483 0
1710497392275 0.8377016186714172 0
1710497392300 0.8417338728904724 0
1710497392325 0.8387096524238586 0
1710497392351 0.8387096524238586 0
1710497392378 0.84375 0
1710497392406 0.8467742204666138 0
1710497392432 0.8407257795333862 0
1710497392458 0.8417338728904724 0
1710497392484 0.8487903475761414 0
1710497392518 0.8477822542190552 0
1710497392551 0.8487903475761414 0
1710497392582 0.8457661271095276 0
1710497392627 0.8447580933570862 0
1710497392658 0.8487903475761414 0
1710497392691 0.8467742204666138 0
1710497392726 0.8518145084381104 0
1710497392755 0.8558467626571655 0
1710497392783 0.8457661271095276 0
1710497392820 0.8397177457809448 0
1710497392846 0.8447580933570862 0
