1710497390663 0.7004430666565895 0
1710497390689 0.6985015198588371 0
1710497390715 0.6965929791331291 0
1710497390741 0.6947224959731102 0
1710497390771 0.6927939876914024 0
1710497390809 0.6908163502812386 0
1710497390838 0.6886682063341141 0
1710497390867 0.6864526942372322 0
1710497390903 0.6839982941746712 0
1710497390933 0.6813448518514633 0
1710497390960 0.6783763840794563 0
1710497390988 0.6752378866076469 0
1710497391016 0.6717353984713554 0
1710497391050 0.6677758991718292 0
1710497391076 0.6634570509195328 0
1710497391102 0.6587715446949005 0
1710497391128 0.6534033268690109 0
1710497391154 0.6475418880581856 0
1710497391179 0.6412321999669075 0
1710497391207 0.6342972442507744 0
1710497391234 0.6267790496349335 0
1710497391262 0.6186628416180611 0
1710497391304 0.6100592464208603 0
1710497391335 0.6006952226161957 0
1710497391404 0.5909020528197289 0
1710497391430 0.5806592851877213 0
1710497391454 0.5698931440711021 0
1710497391480 0.5588657855987549 0
1710497391504 0.5477687492966652 0
1710497391528 0.5363922268152237 0
1710497391553 0.5251436308026314 0
1710497391577 0.5140804648399353 0
1710497391601 0.5031950809061527 0
1710497391626 0.4926713816821575 0
1710497391650 0.4826214015483856 0
1710497391700 0.4731941856443882 0
1710497391725 0.4640228860080242 0
1710497391751 0.45571187511086464 0
1710497391776 0.4480636715888977 0
1710497391805 0.44105295464396477 0
1710497391831 0.4348195977509022 0
1710497391857 0.42949771136045456 0
1710497391882 0.4244905412197113 0
1710497391908 0.42016733065247536 0
1710497391934 0.4165894277393818 0
1710497391959 0.4132424108684063 0
1710497391986 0.4106726795434952 0
1710497392012 0.4081360436975956 0
1710497392039 0.40617724135518074 0
1710497392065 0.40432992205023766 0
1710497392090 0.4027518555521965 0
1710497392115 0.40155133232474327 0
1710497392140 0.40042633935809135 0
1710497392167 0.3994150944054127 0
1710497392194 0.39858735352754593 0
1710497392219 0.39782918244600296 0
1710497392244 0.3972413167357445 0
1710497392269 0.3966679126024246 0
1710497392294 0.396231297403574 0
1710497392319 0.39581388607621193 0
1710497392345 0.3954259715974331 0
1710497392371 0.39510930329561234 0
1710497392399 0.39472609758377075 0
1710497392426 0.39454260841012 0
1710497392452 0.3943185806274414 0
1710497392478 0.39409420639276505 0
1710497392509 0.3938618116080761 0
1710497392544 0.393719132989645 0
1710497392575 0.3935591094195843 0
1710497392617 0.393410861492157 0
1710497392651 0.39332007989287376 0
1710497392683 0.39314818382263184 0
1710497392719 0.39304962009191513 0
1710497392748 0.3929896205663681 0
1710497392776 0.3929126374423504 0
1710497392810 0.39283616468310356 0
1710497392839 0.39279165863990784 0
