1719569457484 0.6990198716521263 0
1719569457517 0.6929458901286125 0
1719569457549 0.684943675994873 0
1719569457582 0.6735707372426987 0
1719569457614 0.656614750623703 0
1719569457646 0.6311471685767174 0
1719569457678 0.5941966325044632 0
1719569457713 0.5451392158865929 0
1719569457743 0.48968425765633583 0
1719569457773 0.4401141181588173 0
1719569457804 0.40948765724897385 0
1719569457835 0.3991607762873173 0
1719569457865 0.39729710295796394 0
1719569457896 0.39551159366965294 0
1719569457926 0.39363015070557594 0
1719569457956 0.39277807623147964 0
1719569457986 0.39256126806139946 0
1719569458017 0.39237068593502045 0
1719569458047 0.39222753047943115 0
1719569458077 0.39215240627527237 0
1719569458109 0.3920590318739414 0
1719569458140 0.3920058272778988 0
1719569458172 0.3919479064643383 0
1719569458203 0.3918519429862499 0
1719569458234 0.3917917273938656 0
1719569458264 0.39174435660243034 0
1719569458295 0.3916529379785061 0
1719569458325 0.39158590137958527 0
1719569458398 0.39151353389024734 0
1719569458431 0.39146753400564194 0
1719569458462 0.39135783165693283 0
1719569458494 0.3913061209022999 0
