1719569457492 0.762425422668457 0
1719569457525 0.7793240547180176 0
1719569457557 0.7972167134284973 0
1719569457590 0.8111332058906555 0
1719569457622 0.8111332058906555 0
1719569457655 0.8379721641540527 0
1719569457687 0.8528826832771301 0
1719569457721 0.8399602174758911 0
1719569457751 0.8419483304023743 0
1719569457781 0.8628230690956116 0
1719569457812 0.8429423570632935 0
1719569457843 0.8479125499725342 0
1719569457873 0.8767395615577698 0
1719569457903 0.8956262469291687 0
1719569457933 0.9174950122833252 0
1719569457963 0.9284294247627258 0
1719569457994 0.916500985622406 0
1719569458024 0.9324055910110474 0
1719569458055 0.9353876709938049 0
1719569458086 0.9324055910110474 0
1719569458117 0.9353876709938049 0
1719569458148 0.9393638372421265 0
1719569458180 0.9522863030433655 0
1719569458211 0.9572564363479614 0
1719569458242 0.9671968221664429 0
1719569458272 0.9751490950584412 0
1719569458303 0.9850894808769226 0
1719569458375 0.9831013679504395 0
1719569458407 1.0129224061965942 0
1719569458439 0.9950298070907593 0
1719569458470 1.0278329849243164 0
1719569458502 1.0139164924621582 0
