1686305405740 0.693197238445282 0
1686305405796 0.684173850218455 0
1686305405852 0.6706590453783671 0
1686305405907 0.6471615274747212 0
1686305405961 0.6072240153948466 0
1686305406020 0.548792815208435 0
1686305406080 0.4823314567406972 0
1686305406134 0.4308477580547333 0
1686305406188 0.4065876007080078 0
1686305406242 0.3988710721333822 0
1686305406295 0.3957130173842112 0
1686305406347 0.39386046926180523 0
1686305406398 0.39307629466056826 0
1686305406450 0.3926417628924052 0
1686305406502 0.3923588514328003 0
1686305406558 0.392183518409729 0
1686305406610 0.3920419931411743 0
1686305406663 0.39193474054336547 0
1686305406716 0.3918335855007172 0
1686305406769 0.39172922174135844 0
1686305406829 0.3916021625200907 0
1686305406882 0.391494615872701 0
1686305406935 0.3913931310176849 0
1686305406988 0.3912636915842692 0
1686305407042 0.3911391993363698 0
1686305407095 0.39103079239527383 0
1686305407148 0.3908979078133901 0
1686305407201 0.3907700300216675 0
1686305407253 0.3906379103660583 0
1686305407306 0.3905126670996348 0
1686305407359 0.39034422039985656 0
1686305407411 0.39024285078048704 0
1686305407464 0.3900952359040578 0
1686305407517 0.3899319807688395 0
1686305407569 0.38976415395736697 0
1686305407623 0.38960527777671816 0
