1685095959844 0.802935004234314 0
1685095959899 0.795597493648529 0
1685095959954 0.8060796856880188 0
1685095960014 0.801886796951294 0
1685095960089 0.802935004234314 0
1685095960144 0.8301886916160583 0
1685095960200 0.900419294834137 0
1685095960258 0.954926609992981 0
1685095960322 1.0125786066055298 0
1685095960381 1.062893033027649 0
1685095960436 1.0817610025405884 0
1685095960499 1.0765199661254883 0
1685095960667 1.1174004077911377 0
1685095960727 1.154088020324707 0
1685095960784 1.1635220050811768 0
1685095960900 1.1844863891601562 0
1685095960954 1.2222222089767456 0
1685095961010 1.2243186235427856 0
1685095961063 1.2767295837402344 0
1685095961117 1.3343815803527832 0
