1726222331429 0.8188976645469666 0
1726222331466 0.8149606585502625 0
1726222331502 0.7942913174629211 0
1726222331539 0.7982283234596252 0
1726222331652 0.7854330539703369 0
1726222331759 0.8061023354530334 0
1726222331818 0.8129921555519104 0
1726222331854 0.8179134130477905 0
1726222331891 0.8297244310379028 0
1726222331928 0.8169291615486145 0
1726222331965 0.8061023354530334 0
1726222332001 0.7972440719604492 0
1726222332037 0.7854330539703369 0
1726222332075 0.8021653294563293 0
1726222332112 0.7972440719604492 0
1726222332147 0.8011810779571533 0
1726222332230 0.8061023354530334 0
1726222332313 0.8120078444480896 0
1726222332348 0.8277559280395508 0
1726222332384 0.8287401795387268 0
1726222332422 0.8385826945304871 0
1726222332460 0.8454724550247192 0
1726222332501 0.8612204790115356 0
1726222332541 0.8838582634925842 0
1726222332657 0.8877952694892883 0
1726222332697 0.8907480239868164 0
1726222332733 0.9035432934761047 0
1726222332773 0.9094488024711609 0
1726222332812 0.9340550899505615 0
1726222332848 0.9429134130477905 0
1726222332883 0.9409449100494385 0
1726222332919 0.9419291615486145 0
1726222332954 0.9458661675453186 0
1726222332991 0.9448819160461426 0
1726222333027 0.9429134130477905 0
1726222333062 0.9635826945304871 0
1726222333098 0.9635826945304871 0
1726222333133 0.9586614370346069 0
1726222333167 0.9645669460296631 0
1726222333204 0.9675197005271912 0
1726222333240 0.9812992215156555 0
1726222333277 0.9763779640197754 0
1726222333314 0.9950787425041199 0
1726222333352 0.9960629940032959 0
1726222333387 0.9901574850082397 0
1726222333426 0.9832677245140076 0
1726222333556 0.9881889820098877 0
1726222333601 0.9960629940032959 0
1726222333637 0.9881889820098877 0
1726222333674 1.0 0
1726222333786 1.001968502998352 0
1726222333826 1.0078740119934082 0
1726222333861 1.004921317100525 0
1726222333898 1.0157480239868164 0
1726222333934 1.008858323097229 0
1726222333972 1.0157480239868164 0
1726222334009 1.0167323350906372 0
1726222334047 1.0236220359802246 0
1726222334088 1.0314960479736328 0
1726222334125 1.0305118560791016 0
