1694772625985 0.6953571140766144 0
1694772626012 0.6903795748949051 0
1694772626040 0.6844311058521271 0
1694772626068 0.6766813769936562 0
1694772626095 0.6666807308793068 0
1694772626122 0.6535323038697243 0
1694772626149 0.6363975256681442 0
1694772626177 0.6148056834936142 0
1694772626204 0.5887689962983131 0
1694772626232 0.5589684322476387 0
1694772626259 0.5260540097951889 0
1694772626286 0.493019737303257 0
1694772626313 0.4624210521578789 0
1694772626341 0.43771566823124886 0
1694772626367 0.4206028841435909 0
1694772626394 0.4099474623799324 0
1694772626422 0.404182318598032 0
1694772626449 0.40078114345669746 0
1694772626475 0.3981129303574562 0
1694772626502 0.39643560349941254 0
1694772626530 0.3953477218747139 0
1694772626558 0.3944452479481697 0
1694772626585 0.3938656747341156 0
1694772626612 0.39346423000097275 0
1694772626640 0.39318934082984924 0
1694772626668 0.39300594478845596 0
1694772626695 0.3928322605788708 0
1694772626722 0.3927137888967991 0
