1683886243216 0.691188283264637 0
1683886243273 0.6839439570903778 0
1683886243304 0.6756337136030197 0
1683886243388 0.6643259674310684 0
1683886243418 0.648437038064003 0
1683886243449 0.6243563666939735 0
1683886243479 0.590313270688057 0
1683886243509 0.5452888533473015 0
1683886243574 0.49430781230330467 0
1683886243653 0.4461964815855026 0
1683886243721 0.4148267060518265 0
1683886243772 0.4027313180267811 0
1683886243816 0.39940816909074783 0
1683886243860 0.3968053199350834 0
1683886243902 0.3943803757429123 0
1683886243947 0.39324821531772614 0
1683886243989 0.39285963401198387 0
1683886244035 0.39273691549897194 0
1683886244081 0.3924855515360832 0
1683886244140 0.3923279382288456 0
1683886244436 0.3922217860817909 0
1683886244475 0.39218794927001 0
1683886244543 0.3921574540436268 0
1683886244624 0.39213476702570915 0
1683886244686 0.3919662795960903 0
1683886244756 0.3918207213282585 0
1683886244824 0.3918168731033802 0
1683886244881 0.39178257808089256 0
1683886244934 0.39170821011066437 0
1683886244992 0.3916461318731308 0
1683886245060 0.39148489758372307 0
1683886245124 0.391469344496727 0
1683886245167 0.3914061188697815 0
