1706868683667 0.6946459114551544 0
1706868683702 0.6903233230113983 0
1706868683736 0.6856213733553886 0
1706868683770 0.680180236697197 0
1706868683804 0.6732278987765312 0
1706868683838 0.6641000956296921 0
1706868683872 0.6517530828714371 0
1706868683907 0.6349279433488846 0
1706868683941 0.6125857755541801 0
1706868683976 0.5840190425515175 0
1706868684011 0.5498107969760895 0
1706868684046 0.5119933038949966 0
1706868684081 0.4742846190929413 0
1706868684115 0.4421994984149933 0
1706868684149 0.41970863193273544 0
1706868684184 0.40688396990299225 0
1706868684218 0.40121298655867577 0
1706868684252 0.398250512778759 0
1706868684286 0.39631279185414314 0
1706868684320 0.3948274925351143 0
1706868684355 0.3938465490937233 0
1706868684388 0.3932521268725395 0
1706868684423 0.3928810954093933 0
1706868684457 0.39260711893439293 0
1706868684491 0.39248496666550636 0
1706868684526 0.3923065513372421 0
1706868684560 0.39225341752171516 0
1706868684594 0.3922162093222141 0
1706868684629 0.39214545115828514 0
1706868684663 0.3920915462076664 0
1706868684698 0.3920675478875637 0
1706868684732 0.39202069863677025 0
1706868684767 0.3919542767107487 0
1706868684801 0.391899898648262 0
1706868684835 0.3918604366481304 0
1706868684870 0.3918384350836277 0
1706868684903 0.3918100371956825 0
1706868684938 0.3917423486709595 0
1706868684972 0.3916826881468296 0
1706868685006 0.3916369900107384 0
1706868685040 0.3915872797369957 0
1706868685074 0.39155272766947746 0
1706868685108 0.39151518791913986 0
1706868685141 0.39141934365034103 0
1706868685174 0.39142055436968803 0
1706868685208 0.39137982949614525 0
1706868685242 0.391285702586174 0
1706868685274 0.39124491065740585 0
1706868685307 0.3911966271698475 0
1706868685341 0.3911568522453308 0
1706868685376 0.39113878831267357 0
1706868685410 0.39102378115057945 0
1706868685444 0.3909860886633396 0
1706868685478 0.39096085727214813 0
1706868685512 0.3908785283565521 0
1706868685547 0.3908143825829029 0
1706868685580 0.390752412378788 0
1706868685613 0.39070478826761246 0
1706868685646 0.3906528316438198 0
1706868685680 0.39059680700302124 0
1706868685713 0.3905008099973202 0
