1688724762348 0.6930489361286163 0
1688724762400 0.688312174876531 0
1688724762452 0.6830697973569234 0
1688724762504 0.6764077484607697 0
1688724762555 0.6670638740062713 0
1688724762606 0.6532771488030752 0
1688724762658 0.6327539463837941 0
1688724762709 0.6033564885457356 0
1688724762762 0.5648468712965647 0
1688724762813 0.5211065550645192 0
1688724762865 0.4791156033674876 0
1688724762916 0.4460966259241104 0
1688724762967 0.42420134047667185 0
1688724763019 0.4116413543621699 0
1688724763073 0.40469860235850014 0
1688724763128 0.40064691404501596 0
1688724763182 0.39806900719801586 0
1688724763235 0.39634379545847576 0
1688724763289 0.3951715330282847 0
1688724763371 0.3943336586157481 0
1688724763426 0.3937573293844859 0
1688724763481 0.3933351129293442 0
1688724763536 0.3930257221062978 0
1688724763591 0.3928011069695155 0
1688724763648 0.3926256080468496 0
1688724763706 0.39249644776185355 0
1688724763764 0.3923985888560613 0
1688724763822 0.3923144976298014 0
1688724763968 0.3922448386748632 0
1688724764028 0.39219970802466075 0
1688724764092 0.39213663240273794 0
1688724764145 0.3920846124490102 0
1688724764197 0.39204423427581786 0
1688724764249 0.3919978737831116 0
1688724764301 0.3919444223244985 0
1688724764354 0.39190358022848765 0
1688724764407 0.39186658958594006 0
1688724764459 0.39180804789066315 0
1688724764512 0.39178048968315127 0
1688724764564 0.3917552838722865 0
