1699006287287 0.6808506923337136 0
1699006287348 0.6662834805826987 0
1699006287417 0.6353063275737147 0
1699006287478 0.5719124770933582 0
1699006287541 0.4863497547564968 0
1699006287605 0.4263729808791991 0
1699006287668 0.40567074091203753 0
1699006287730 0.39895599984353586 0
1699006287791 0.39574597824004387 0
1699006287872 0.3943524754816486 0
1699006287933 0.3934847029947465 0
1699006287993 0.39290665330425384 0
1699006288053 0.39265169251349663 0
1699006288112 0.3924339365574621 0
1699006288171 0.392335380277326 0
1699006288230 0.39220726393884225 0
1699006288289 0.39207678744869845 0
1699006288348 0.39198700362636196 0
1699006288414 0.39181665547432437 0
1699006288472 0.39175688451336277 0
1699006288539 0.3916908396828559 0
1699006288599 0.391620667711381 0
1699006288660 0.3915294735662399 0
1699006288722 0.39138465542947093 0
1699006288785 0.3913322619853481 0
1699006288846 0.3912247352061733 0
1699006288906 0.391144557345298 0
1699006288967 0.3910091269400812 0
1699006289031 0.39093116310334974 0
1699006289091 0.39079188146898824 0
1699006289153 0.39077002098483427 0
1699006289213 0.3906740805795116 0
1699006289274 0.3904945610031005 0
1699006289338 0.39043165022327053 0
1699006289403 0.3903416693210602 0
1699006289465 0.39022184860321785 0
1699006289529 0.3901192055594537 0
1699006289601 0.38996579666291514 0
1699006289664 0.38991887915518975 0
