1704449396132 0.7782298922538757 0
1704449396163 0.7812817692756653 0
1704449396194 0.7670396566390991 0
1704449396224 0.7660223841667175 0
1704449396248 0.7660223841667175 0
1704449396273 0.7792472243309021 0
1704449396297 0.7639877796173096 0
1704449396320 0.7782298922538757 0
1704449396344 0.7863682508468628 0
1704449396367 0.8016276955604553 0
1704449396391 0.8290945887565613 0
1704449396415 0.8229908347129822 0
1704449396443 0.8240081667900085 0
1704449396469 0.8260427117347717 0
1704449396493 0.8260427117347717 0
1704449396518 0.8250254392623901 0
1704449396542 0.8260427117347717 0
1704449396566 0.8280773162841797 0
1704449396589 0.8331637978553772 0
1704449396614 0.8453713059425354 0
1704449396640 0.8474059104919434 0
1704449396665 0.8402848243713379 0
1704449396690 0.8779247403144836 0
1704449396714 0.8830111622810364 0
1704449396739 0.894201397895813 0
1704449396762 0.9033570885658264 0
1704449396787 0.9135299921035767 0
1704449396811 0.9114954471588135 0
