1727431984195 0.615722443908453 0
1727431984270 0.4035303657874465 0
1727431984354 0.39324150141328573 0
1727431984442 0.39212429989129305 0
1727431984523 0.39157979376614094 0
1727431984674 0.3908325172960758 0
1727431984748 0.39016925636678934 0
1727431984821 0.38913645409047604 0
1727431984890 0.3879337618127465 0
1727431984960 0.38663335889577866 0
1727431985036 0.3849870637059212 0
1727431985116 0.38309008069336414 0
1727431985236 0.3809534963220358 0
1727431985303 0.3783006267622113 0
1727431985371 0.3754108967259526 0
1727431985435 0.3722680136561394 0
