1720174414547 0.8043693900108337 0
1720174414611 0.784508466720581 0
1720174414676 0.7795432209968567 0
1720174414740 0.7874875664710999 0
1720174414804 0.7825223207473755 0
1720174414867 0.7775570750236511 0
1720174414944 0.7855014801025391 0
1720174415022 0.8043693900108337 0
1720174415091 0.8460774421691895 0
1720174415165 0.9275074601173401 0
1720174415230 0.977159857749939 0
1720174415295 0.9702085256576538 0
1720174415362 0.991062581539154 0
1720174415429 1.0377358198165894 0
1720174415496 1.0427011251449585 0
1720174415558 1.0526316165924072 0
1720174415627 1.0784507989883423 0
1720174415691 1.0963257551193237 0
1720174415833 1.133068561553955 0
1720174415903 1.1439920663833618 0
1720174415969 1.1608738899230957 0
1720174416034 1.175769567489624 0
1720174416098 1.214498519897461 0
1720174416163 1.2353525161743164 0
