1714126220127 0.828657329082489 0
1714126220160 0.8456913828849792 0
1714126220193 0.8266533017158508 0
1714126220225 0.8046092391014099 0
1714126220257 0.8046092391014099 0
1714126220288 0.8016031980514526 0
1714126220320 0.7955911755561829 0
1714126220352 0.7985972166061401 0
1714126220384 0.8046092391014099 0
1714126220416 0.8406813740730286 0
1714126220449 0.8577154278755188 0
1714126220481 0.8847695589065552 0
1714126220513 0.9088176488876343 0
1714126220546 0.9158316850662231 0
1714126220578 0.9448897838592529 0
1714126220610 0.9979959726333618 0
1714126220642 1.0040080547332764 0
1714126220674 1.0110220909118652 0
1714126220706 1.0470942258834839 0
1714126220738 1.0611222982406616 0
1714126220769 1.0651302337646484 0
1714126220801 1.08016037940979 0
1714126220835 1.101202368736267 0
1714126220869 1.095190405845642 0
1714126220901 1.1503006219863892 0
1714126220933 1.1492985486984253 0
1714126220966 1.1753506660461426 0
1714126221040 1.1783567667007446 0
1714126221075 1.1903808116912842 0
1714126221106 1.2264529466629028 0
