1720779095040 0.7936508059501648 0
1720779095143 0.7757936716079712 0
1720779095245 0.7797619104385376 0
1720779095513 0.8571428656578064 0
1720779095584 0.9355158805847168 0
1720779095633 0.9355158805847168 0
1720779095678 0.9871031641960144 0
1720779095722 1.0198413133621216 0
1720779095765 1.0535714626312256 0
1720779095807 1.0486111640930176 0
1720779095849 1.1676586866378784 0
1720779095891 1.1954364776611328 0
1720779095932 1.2192460298538208 0
1720779095976 1.2609126567840576 0
1720779096019 1.3611111640930176 0
1720779096061 1.389880895614624 0
1720779096103 1.4533730745315552 0
1720779096146 1.5257936716079712 0
1720779096189 1.552579402923584 0
