1720779095017 0.6775246039032936 0
1720779095125 0.5844583362340927 0
1720779095226 0.42858629673719406 0
1720779095503 0.40032080188393593 0
1720779095554 0.39324179477989674 0
1720779095624 0.39248773641884327 0
1720779095670 0.39212459698319435 0
1720779095714 0.3918429408222437 0
1720779095757 0.39160675927996635 0
1720779095799 0.39125671051442623 0
1720779095841 0.3909314852207899 0
1720779095883 0.39052559062838554 0
1720779095924 0.3901891093701124 0
1720779095969 0.3897760193794966 0
1720779096011 0.3893020674586296 0
1720779096053 0.38883606530725956 0
1720779096095 0.3883404303342104 0
1720779096138 0.3876543529331684 0
1720779096181 0.3870238699018955 0
