1720174429904 0.6771855037659407 0
1720174429997 0.590130977332592 0
1720174430097 0.4284515334293246 0
1720174430177 0.3952370621263981 0
1720174430260 0.39310599211603403 0
1720174430348 0.39265923388302326 0
1720174430429 0.39240950997918844 0
1720174430506 0.39214217755943537 0
1720174430587 0.39197258558124304 0
1720174430664 0.3916407162323594 0
1720174430741 0.39142031595110893 0
1720174430821 0.39111650735139847 0
1720174430901 0.39085280895233154 0
1720174430979 0.3905623499304056 0
1720174431060 0.39029970299452543 0
1720174431138 0.3898992594331503 0
1720174431216 0.3896095147356391 0
1720174431299 0.3893220890313387 0
1720174431379 0.3889438835904002 0
1720174431459 0.3885708525776863 0
