1702635039191 0.6891083978116512 0
1702635039221 0.6698413975536823 0
1702635039249 0.6309949122369289 0
1702635039278 0.561408493667841 0
1702635039307 0.4847692307084799 0
1702635039336 0.4359581936150789 0
1702635039364 0.4122436176985502 0
1702635039393 0.4009350147098303 0
1702635039422 0.39598395861685276 0
1702635039452 0.39356657676398754 0
1702635039482 0.39259106293320656 0
1702635039511 0.39201487600803375 0
1702635039540 0.39171788841485977 0
1702635039570 0.3915555328130722 0
1702635039599 0.3913700319826603 0
1702635039628 0.3910825252532959 0
1702635039658 0.3909063506871462 0
1702635039686 0.3908793795853853 0
1702635039715 0.3905844036489725 0
1702635039744 0.39053926058113575 0
1702635039772 0.3901858516037464 0
1702635039801 0.39006380550563335 0
1702635039830 0.38986798375844955 0
1702635039858 0.3896201904863119 0
1702635039888 0.3894306533038616 0
1702635039917 0.3890864010900259 0
