1686910208629 0.680816613137722 0
1686910208657 0.6792954206466675 0
1686910208684 0.6775323450565338 0
1686910208711 0.6758295223116875 0
1686910208737 0.674190916121006 0
1686910208765 0.6724686846137047 0
1686910208793 0.670653410255909 0
1686910208822 0.6686973944306374 0
1686910208848 0.6666671708226204 0
1686910208875 0.6645948737859726 0
1686910208903 0.6622613966464996 0
1686910208930 0.6597110033035278 0
1686910208959 0.6568851545453072 0
1686910208987 0.6537434160709381 0
1686910209015 0.6503428369760513 0
1686910209042 0.6464714631438255 0
1686910209070 0.6423350349068642 0
1686910209097 0.6374347507953644 0
1686910209123 0.6322607547044754 0
1686910209151 0.6264637038111687 0
1686910209180 0.620230458676815 0
1686910209209 0.6130493730306625 0
1686910209236 0.6055264621973038 0
1686910209265 0.5973852798342705 0
1686910209294 0.5890132263302803 0
1686910209323 0.5796797201037407 0
1686910209352 0.5702539458870888 0
1686910209379 0.5601827949285507 0
1686910209406 0.5498321577906609 0
1686910209434 0.5392955765128136 0
1686910209461 0.5287112817168236 0
1686910209488 0.5181904956698418 0
1686910209515 0.507644385099411 0
1686910209543 0.49729766696691513 0
1686910209570 0.4869884327054024 0
1686910209599 0.4778972901403904 0
1686910209626 0.4686284400522709 0
1686910209652 0.45984922721982 0
1686910209681 0.45255450904369354 0
1686910209708 0.4454656280577183 0
1686910209735 0.4386669471859932 0
1686910209762 0.43270454928278923 0
1686910209789 0.42759762331843376 0
1686910209817 0.4229396805167198 0
1686910209845 0.4192597307264805 0
1686910209872 0.41590016707777977 0
1686910209898 0.41315219923853874 0
1686910209925 0.41069352999329567 0
1686910209954 0.4086604714393616 0
1686910209982 0.40687189623713493 0
1686910210009 0.40510139986872673 0
1686910210037 0.4037262387573719 0
1686910210063 0.4023605100810528 0
1686910210090 0.4015789218246937 0
1686910210118 0.400501124560833 0
1686910210145 0.39963090792298317 0
1686910210172 0.3988412246108055 0
1686910210199 0.3982946649193764 0
1686910210227 0.3979411944746971 0
1686910210253 0.39735786244273186 0
1686910210280 0.3967150039970875 0
1686910210306 0.39641494303941727 0
1686910210333 0.39607023447752 0
1686910210361 0.3955185227096081 0
1686910210388 0.39542777463793755 0
1686910210416 0.39501917362213135 0
1686910210443 0.3948278948664665 0
1686910210471 0.39448240771889687 0
1686910210498 0.394344013184309 0
1686910210526 0.39414845779538155 0
1686910210553 0.3941054046154022 0
1686910210580 0.3938155621290207 0
1686910210607 0.39373306930065155 0
1686910210636 0.3934328891336918 0
1686910210663 0.3934239335358143 0
1686910210690 0.39344898238778114 0
1686910210719 0.39314034581184387 0
