1686910208633 0.8568443059921265 0
1686910208661 0.8631138801574707 0
1686910208688 0.8641588091850281 0
1686910208715 0.8704284429550171 0
1686910208742 0.8746081590652466 0
1686910208770 0.8652037382125854 0
1686910208797 0.8714733719825745 0
1686910208826 0.8641588091850281 0
1686910208852 0.8620689511299133 0
1686910208880 0.8537095189094543 0
1686910208907 0.838035523891449 0
1686910208934 0.8495298027992249 0
1686910208963 0.8359456658363342 0
1686910208992 0.846394956111908 0
1686910209019 0.8537095189094543 0
1686910209046 0.8390804529190063 0
1686910209074 0.8275862336158752 0
1686910209101 0.8338558077812195 0
1686910209128 0.8328108787536621 0
1686910209156 0.8265413045883179 0
1686910209184 0.8108673095703125 0
1686910209213 0.8129571676254272 0
1686910209241 0.8265413045883179 0
1686910209269 0.82967609167099 0
1686910209299 0.8328108787536621 0
1686910209329 0.823406457901001 0
1686910209356 0.8265413045883179 0
1686910209383 0.8213165998458862 0
1686910209410 0.8181818127632141 0
1686910209438 0.8056426048278809 0
1686910209465 0.8140020966529846 0
1686910209492 0.8171368837356567 0
1686910209519 0.8098223805427551 0
1686910209547 0.8108673095703125 0
1686910209574 0.8108673095703125 0
1686910209603 0.8129571676254272 0
1686910209630 0.8087774515151978 0
1686910209656 0.8087774515151978 0
1686910209685 0.8098223805427551 0
1686910209712 0.806687593460083 0
1686910209739 0.8077325224876404 0
1686910209766 0.8056426048278809 0
1686910209794 0.8108673095703125 0
1686910209821 0.8056426048278809 0
1686910209849 0.800417959690094 0
1686910209876 0.8014628887176514 0
1686910209902 0.8035527467727661 0
1686910209929 0.800417959690094 0
1686910209958 0.8014628887176514 0
1686910209986 0.7983281016349792 0
1686910210014 0.7962382435798645 0
1686910210041 0.7962382435798645 0
1686910210067 0.7972831726074219 0
1686910210094 0.7993730306625366 0
1686910210122 0.806687593460083 0
1686910210149 0.8025078177452087 0
1686910210176 0.8035527467727661 0
1686910210204 0.8045976758003235 0
1686910210231 0.8056426048278809 0
1686910210257 0.8108673095703125 0
1686910210284 0.815047025680542 0
1686910210310 0.8171368837356567 0
1686910210337 0.8254963159561157 0
1686910210365 0.823406457901001 0
1686910210392 0.8202716708183289 0
1686910210420 0.8171368837356567 0
1686910210447 0.823406457901001 0
1686910210475 0.8328108787536621 0
1686910210502 0.8359456658363342 0
1686910210530 0.8422152400016785 0
1686910210557 0.8547544479370117 0
1686910210584 0.8568443059921265 0
1686910210611 0.8568443059921265 0
1686910210640 0.8537095189094543 0
1686910210667 0.8547544479370117 0
1686910210694 0.8547544479370117 0
1686910210723 0.8631138801574707 0
