1731665627101 0.798828125 0
1731665627174 0.802734375 0
1731665627239 0.7900390625 0
1731665627302 0.7841796875 0
1731665627480 0.7978515625 0
1731665627551 0.814453125 0
1731665627622 0.82421875 0
1731665627693 0.8203125 0
1731665627764 0.8271484375 0
1731665627837 0.8271484375 0
1731665627995 0.841796875 0
1731665628068 0.8544921875 0
1731665628147 0.8671875 0
1731665628220 0.892578125 0
1731665628298 0.900390625 0
1731665628375 0.916015625 0
1731665628448 0.9267578125 0
1731665628526 0.9423828125 0
1731665628603 0.9541015625 0
