1731060777262 0.8152492642402649 0
1731060777304 0.8387096524238586 0
1731060777346 0.8132942318916321 0
1731060777388 0.8367546200752258 0
1731060777430 0.8455523252487183 0
1731060777473 0.8445748090744019 0
1731060777583 0.8582600355148315 0
1731060777642 0.8748778104782104 0
1731060777734 0.8817204236984253 0
1731060777819 0.8875855207443237 0
1731060777855 0.8875855207443237 0
1731060777893 0.9178885817527771 0
1731060777929 0.9266862273216248 0
1731060777965 0.9374389052391052 0
1731060778001 0.9667643904685974 0
1731060778038 0.939393937587738 0
