1691143928076 0.8182762265205383 0
1691143928173 0.7912772297859192 0
1691143928235 0.7892004251480103 0
1691143928323 0.7673935890197754 0
1691143928413 0.7881619930267334 0
1691143928500 0.7964693903923035 0
1691143928618 0.8141225576400757 0
1691143928766 0.871235728263855 0
1691143928897 0.8961578607559204 0
1691143928991 0.8982346653938293 0
1691143929097 0.8961578607559204 0
1691143929204 0.9023883938789368 0
1691143929330 0.951194167137146 0
1691143929418 0.9657320976257324 0
1691143929472 0.9968847632408142 0
1691143929544 0.979231595993042 0
1691143929599 0.9740394353866577 0
1691143929655 0.9667705297470093 0
1691143929713 1.0249221324920654 0
