1708683042983 0.6838197782635689 0
1708683043017 0.6650949865579605 0
1708683043050 0.6320279017090797 0
1708683043084 0.5723890140652657 0
1708683043117 0.4858738146722317 0
1708683043155 0.4132808558642864 0
1708683043193 0.40077129751443863 0
1708683043233 0.39996981993317604 0
1708683043271 0.3933151848614216 0
1708683043307 0.3931702598929405 0
1708683043341 0.3928982503712177 0
1708683043374 0.39228738844394684 0
1708683043408 0.3922152519226074 0
1708683043440 0.39200759306550026 0
1708683043475 0.39185328781604767 0
1708683043507 0.391751479357481 0
1708683043539 0.3915325254201889 0
1708683043573 0.39142537489533424 0
1708683043606 0.39132897555828094 0
1708683043642 0.3911425955593586 0
1708683043676 0.39098531007766724 0
1708683043709 0.3908488005399704 0
1708683043742 0.3906979560852051 0
1708683043776 0.3905015215277672 0
1708683043810 0.390329223126173 0
1708683043844 0.3901514820754528 0
1708683043877 0.3900061249732971 0
1708683043911 0.38972602412104607 0
