1717755087987 0.8394815325737 0
1717755088027 0.8524426817893982 0
1717755088066 0.8305084705352783 0
1717755088107 0.8364905118942261 0
1717755088144 0.8334994912147522 0
1717755088181 0.8484546542167664 0
1717755088223 0.858424723148346 0
1717755088258 0.8773679137229919 0
1717755088339 0.9132602214813232 0
1717755088387 0.899302065372467 0
1717755088423 0.9232302904129028 0
1717755088459 0.939182460308075 0
1717755088498 0.9252243041992188 0
1717755088534 0.9770687818527222 0
1717755088568 1.0079760551452637 0
1717755088602 0.9940179586410522 0
1717755088638 0.9900299310684204 0
1717755088717 1.0309072732925415 0
1717755088755 1.042871356010437 0
1717755088793 1.0478564500808716 0
1717755088827 1.0628116130828857 0
1717755088862 1.0927218198776245 0
1717755088896 1.1056829690933228 0
1717755088929 1.1286141872406006 0
