1683281467821 0.6876926496624947 0
1683281467854 0.6809828281402588 0
1683281467885 0.6723544001579285 0
1683281467916 0.6603791564702988 0
1683281467947 0.6436790898442268 0
1683281467978 0.619974322617054 0
1683281468008 0.5886256769299507 0
1683281468039 0.5499366894364357 0
1683281468070 0.5062855035066605 0
1683281468101 0.46414248645305634 0
1683281468131 0.43081340938806534 0
1683281468161 0.41163619607686996 0
1683281468193 0.4022419899702072 0
1683281468226 0.3985428735613823 0
1683281468257 0.3960314244031906 0
1683281468288 0.39389271661639214 0
1683281468318 0.39282382652163506 0
1683281468349 0.3923717513680458 0
1683281468383 0.39225587248802185 0
1683281468414 0.39207036048173904 0
1683281468444 0.39197590574622154 0
1683281468476 0.39178354293107986 0
1683281468508 0.39178719744086266 0
1683281468540 0.39162561669945717 0
1683281468573 0.3915192186832428 0
1683281468604 0.39143771305680275 0
1683281468634 0.3913964591920376 0
