1708683054603 0.8101010322570801 0
1708683054634 0.8101010322570801 0
1708683054668 0.8101010322570801 0
1708683054701 0.8222222328186035 0
1708683054731 0.7979797720909119 0
1708683054763 0.7898989915847778 0
1708683054794 0.8323232531547546 0
1708683054825 0.834343433380127 0
1708683054857 0.8747474551200867 0
1708683054893 0.9222221970558167 0
1708683054927 0.9444444179534912 0
1708683054957 0.9434343576431274 0
1708683054989 0.9484848380088806 0
1708683055022 0.9818181991577148 0
1708683055054 0.9949495196342468 0
1708683055085 1.0141414403915405 0
1708683055124 1.0444444417953491 0
1708683055156 1.052525281906128 0
1708683055188 1.0909091234207153 0
1708683055218 1.0909091234207153 0
1708683055249 1.1303030252456665 0
1708683055280 1.1525253057479858 0
1708683055314 1.1828283071517944 0
1708683055345 1.2090909481048584 0
1708683055376 1.2696969509124756 0
1708683055406 1.2737374305725098 0
1708683055439 1.3010101318359375 0
1708683055471 1.3474746942520142 0
1708683055502 1.3939393758773804 0
1708683055534 1.4121211767196655 0
