1730456021638 0.8317025303840637 0
1730456021719 0.9178082346916199 0
1730456021869 0.9589040875434875 0
1730456021938 1.0156556367874146 0
1730456022108 1.0420743227005005 0
1730456022182 1.1399216651916504 0
1730456022255 1.189823865890503 0
1730456022330 1.2514677047729492 0
1730456022503 1.3268101215362549 0
1730456022578 1.431506872177124 0
1730456022651 1.4990215301513672 0
1730456022720 1.6125245094299316 0
1730456022797 1.7211350202560425 0
1730456022871 1.7827788591384888 0
1730456022947 1.82876718044281 0
1730456023238 1.8933464288711548 0
1730456023302 1.965753436088562 0
