1709892715708 0.8163471221923828 0
1709892715746 0.8153380155563354 0
1709892715784 0.8274469971656799 0
1709892715821 0.8244197964668274 0
1709892715856 0.8052472472190857 0
1709892715890 0.8123108148574829 0
1709892715925 0.8395559787750244 0
1709892715960 0.849646806716919 0
1709892715995 0.8446013927459717 0
1709892716029 0.8869828581809998 0
1709892716064 0.907164454460144 0
1709892716104 0.9485368132591248 0
1709892716148 0.9697275757789612 0
1709892716186 0.9868819117546082 0
1709892716224 0.9848637580871582 0
1709892716262 1.0030272006988525 0
1709892716298 1.024217963218689 0
1709892716334 1.0232088565826416 0
1709892716368 1.0625630617141724 0
1709892716402 1.0565085411071777 0
1709892716439 1.0756810903549194 0
