1732270423747 0.7980487942695618 0
1732270423800 0.7970731854438782 0
1732270423849 0.7921951413154602 0
1732270423893 0.795121967792511 0
1732270423931 0.8048780560493469 0
1732270423963 0.8087804913520813 0
1732270424009 0.8204877972602844 0
1732270424043 0.8243902325630188 0
1732270424082 0.831219494342804 0
1732270424117 0.8321951031684875 0
1732270424156 0.8195121884346008 0
1732270424200 0.8175609707832336 0
1732270424241 0.8302438855171204 0
1732270424282 0.8302438855171204 0
1732270424322 0.8253658413887024 0
1732270424367 0.8331707119941711 0
1732270424414 0.8292682766914368 0
1732270424461 0.831219494342804 0
1732270424504 0.8292682766914368 0
1732270424549 0.8156097531318665 0
1732270424595 0.8253658413887024 0
1732270424753 0.8487805128097534 0
1732270424801 0.8458536863327026 0
1732270424871 0.8487805128097534 0
1732270424943 0.8351219296455383 0
1732270424979 0.844878077507019 0
1732270425014 0.8526829481124878 0
1732270425048 0.8702439069747925 0
1732270425083 0.8624390363693237 0
1732270425122 0.8702439069747925 0
1732270425156 0.8897560834884644 0
1732270425194 0.9170731902122498 0
1732270425228 0.909268319606781 0
1732270425261 0.9180487990379333 0
1732270425299 0.9190244078636169 0
1732270425334 0.8995121717453003 0
1732270425368 0.8995121717453003 0
1732270425415 0.8868292570114136 0
1732270425453 0.9082927107810974 0
1732270425490 0.9297561049461365 0
1732270425531 0.9599999785423279 0
1732270425577 0.9639024138450623 0
