1689934321834 0.6894054934382439 0
1689934321892 0.679851371794939 0
1689934321996 0.6661976240575314 0
1689934322070 0.642558503895998 0
1689934322220 0.6026623658835888 0
1689934322392 0.5417706780135632 0
1689934322520 0.4736359193921089 0
1689934322694 0.423414621502161 0
1689934322852 0.4027930926531553 0
1689934322949 0.3980854135006666 0
1689934323051 0.39402821846306324 0
1689934323148 0.39336787536740303 0
1689934323244 0.3932126145809889 0
1689934323373 0.39236873388290405 0
1689934323576 0.392218641936779 0
1689934323633 0.39155325293540955 0
1689934323755 0.3915084805339575 0
1689934323962 0.39175292663276196 0
1689934324081 0.3914782926440239 0
1689934324156 0.39198951981961727 0
1689934324233 0.3914395458996296 0
1689934324330 0.3913554772734642 0
1689934324386 0.39134195260703564 0
1689934324440 0.3911239802837372 0
