1725617570622 0.6861921586096287 0
1725617570668 0.6558950431644917 0
1725617570710 0.576241385191679 0
1725617570750 0.4514034576714039 0
1725617570793 0.4034105483442545 0
1725617570836 0.3957948312163353 0
1725617570879 0.39297354966402054 0
1725617570920 0.39235967956483364 0
1725617570962 0.39215827360749245 0
1725617571004 0.3919831868261099 0
1725617571045 0.3917984701693058 0
1725617571086 0.3916388191282749 0
1725617571127 0.3914336636662483 0
1725617571169 0.3912716880440712 0
1725617571210 0.3910351097583771 0
1725617571253 0.3907939177006483 0
1725617571293 0.3905880730599165 0
