1695377472863 0.8546391725540161 0
1695377472923 0.8484535813331604 0
1695377473048 0.8494845628738403 0
1695377473093 0.8494845628738403 0
1695377473137 0.8340206146240234 0
1695377473421 0.8051546216011047 0
1695377473518 0.8154639005661011 0
1695377473599 0.8226804137229919 0
1695377473657 0.8268041014671326 0
1695377473719 0.8371133804321289 0
1695377473779 0.8484535813331604 0
1695377473840 0.8422680497169495 0
1695377473894 0.8804123997688293 0
1695377473951 0.8999999761581421 0
1695377474005 0.9402061700820923 0
1695377474055 0.9556701183319092 0
1695377474106 0.9505154490470886 0
1695377474158 0.9711340069770813 0
1695377474224 0.9762886762619019 0
1695377474283 0.9896907210350037 0
1695377474327 0.9958763122558594 0
1695377474371 1.0030927658081055 0
1695377474450 1.0237113237380981 0
1695377474532 1.0175257921218872 0
1695377474572 1.0360825061798096 0
1695377474612 1.051546335220337 0
1695377474652 1.0711339712142944 0
1695377474692 1.090721607208252 0
1695377474760 1.0876288414001465 0
1695377474810 1.084536075592041 0
1695377474851 1.1103092432022095 0
1695377475042 1.1278350353240967 0
1695377475094 1.1278350353240967 0
1695377475197 1.1546391248703003 0
1695377475244 1.1731958389282227 0
1695377475287 1.201030969619751 0
1695377475328 1.2000000476837158 0
1695377475367 1.2103092670440674 0
1695377475407 1.2195876836776733 0
1695377475447 1.252577304840088 0
1695377475493 1.2587628364562988 0
1695377475532 1.2907216548919678 0
