1692958243977 0.689153864979744 0
1692958244009 0.6795988008379936 0
1692958244041 0.664764791727066 0
1692958244077 0.6393812820315361 0
1692958244108 0.5987493172287941 0
1692958244140 0.5390434265136719 0
1692958244171 0.4716252274811268 0
1692958244202 0.4223032295703888 0
1692958244235 0.404984999448061 0
1692958244266 0.4008789248764515 0
1692958244301 0.3955715596675873 0
1692958244334 0.3930708207190037 0
1692958244365 0.39265499636530876 0
1692958244399 0.39238131791353226 0
1692958244433 0.39211756736040115 0
