1692958243981 0.782608687877655 0
1692958244013 0.7784678936004639 0
1692958244046 0.7857142686843872 0
1692958244082 0.7867494821548462 0
1692958244113 0.8105590343475342 0
1692958244145 0.7960662245750427 0
1692958244176 0.8095238208770752 0
1692958244207 0.8022774457931519 0
1692958244239 0.804347813129425 0
1692958244271 0.8178054094314575 0
1692958244306 0.8447204828262329 0
1692958244339 0.8861283659934998 0
1692958244370 0.9409937858581543 0
1692958244403 0.9399585723876953 0
1692958244438 0.9420289993286133 0
