1725012771747 0.6896892264485359 0
1725012771785 0.6833424419164658 0
1725012771822 0.6753215566277504 0
1725012771858 0.6642070785164833 0
1725012771894 0.6479563042521477 0
1725012771939 0.6239749863743782 0
1725012771975 0.5898499041795731 0
1725012772012 0.5453420579433441 0
1725012772048 0.49494267255067825 0
1725012772085 0.44859760254621506 0
1725012772126 0.41720811277627945 0
1725012772173 0.403603408485651 0
1725012772210 0.399554505944252 0
1725012772246 0.39693401008844376 0
1725012772283 0.3945775777101517 0
1725012772320 0.39341307803988457 0
1725012772358 0.3929460421204567 0
1725012772396 0.39272186532616615 0
1725012772432 0.39252883568406105 0
1725012772467 0.392432626336813 0
1725012772504 0.39235033094882965 0
1725012772544 0.3922712653875351 0
1725012772579 0.3922082372009754 0
1725012772614 0.39214175194501877 0
