1708683048913 0.6835283227264881 0
1708683048970 0.6741894036531448 0
1708683049026 0.6582297496497631 0
1708683049083 0.6281532905995846 0
1708683049139 0.5756869427859783 0
1708683049195 0.5038899816572666 0
1708683049253 0.43871731869876385 0
1708683049313 0.4058794043958187 0
1708683049375 0.3975619524717331 0
1708683049435 0.39476311579346657 0
1708683049490 0.3933149892836809 0
1708683049547 0.3926531132310629 0
1708683049609 0.3923324141651392 0
1708683049667 0.39215329848229885 0
1708683049723 0.39196252450346947 0
1708683049779 0.39187377877533436 0
1708683049839 0.39169751666486263 0
1708683049925 0.3916268106549978 0
1708683049989 0.39150388538837433 0
1708683050047 0.3913820944726467 0
1708683050102 0.39126743003726006 0
1708683050159 0.3911729082465172 0
1708683050215 0.39099274575710297 0
1708683050270 0.39089301973581314 0
1708683050326 0.39070229418575764 0
1708683050390 0.39063722640275955 0
1708683050462 0.3904439602047205 0
1708683050516 0.3903235848993063 0
1708683050575 0.3901521060615778 0
1708683050630 0.39004456251859665 0
1708683050686 0.3898270446807146 0
1708683050742 0.38968818448483944 0
1708683050797 0.3894926533102989 0
1708683050852 0.3893703818321228 0
1708683050906 0.3892236724495888 0
