1728641547719 0.7890088558197021 0
1728641547770 0.7733071446418762 0
1728641547819 0.774288535118103 0
1728641547868 0.7733071446418762 0
1728641547921 0.7811579704284668 0
1728641547969 0.8370952010154724 0
1728641548018 0.880274772644043 0
1728641548067 0.9195289611816406 0
1728641548114 0.9322865605354309 0
1728641548161 0.9479882121086121 0
1728641548207 0.9528949856758118 0
1728641548255 0.9695780277252197 0
1728641548302 0.981354296207428 0
1728641548349 1.0 0
1728641548395 1.0039254426956177 0
1728641548442 1.0225712060928345 0
1728641548489 1.0186457633972168 0
1728641548539 1.0608439445495605 0
1728641548588 1.0618252754211426 0
1728641548638 1.0608439445495605 0
1728641548690 1.0824337005615234 0
1728641548738 1.106967568397522 0
1728641548785 1.1383709907531738 0
1728641548833 1.1344455480575562 0
1728641548880 1.153091311454773 0
1728641548928 1.1805691719055176 0
1728641548976 1.1982336044311523 0
