1728641547710 0.6832229234278202 0
1728641547761 0.6392189357429743 0
1728641547809 0.5228657275438309 0
1728641547859 0.4209220176562667 0
1728641547912 0.399994196370244 0
1728641547960 0.39466062001883984 0
1728641548009 0.39312462508678436 0
1728641548057 0.39263271540403366 0
1728641548105 0.39245539996773005 0
1728641548152 0.3922324953600764 0
1728641548198 0.3920775018632412 0
1728641548246 0.39200634602457285 0
1728641548293 0.3918550284579396 0
1728641548340 0.3916888041421771 0
1728641548386 0.39154166355729103 0
1728641548433 0.39139554649591446 0
1728641548480 0.39129601139575243 0
1728641548530 0.3910964000970125 0
1728641548577 0.3909413395449519 0
1728641548629 0.3908200981095433 0
1728641548680 0.3906657947227359 0
1728641548729 0.3904674453660846 0
1728641548776 0.39022622257471085 0
1728641548824 0.39001848455518484 0
1728641548871 0.38981716986745596 0
1728641548919 0.3895475724712014 0
1728641548967 0.38930098433047533 0
