1686305419169 0.7751045823097229 0
1686305419197 0.7897489666938782 0
1686305419225 0.7782427072525024 0
1686305419254 0.8012552261352539 0
1686305419282 0.8075313568115234 0
1686305419310 0.8064853549003601 0
1686305419338 0.8012552261352539 0
1686305419366 0.7834727764129639 0
1686305419396 0.7771966457366943 0
1686305419424 0.7876569032669067 0
1686305419451 0.7824267745018005 0
1686305419480 0.7928870320320129 0
1686305419508 0.7824267745018005 0
1686305419536 0.7897489666938782 0
1686305419564 0.7928870320320129 0
1686305419592 0.7991631627082825 0
1686305419621 0.8012552261352539 0
1686305419650 0.8138075470924377 0
1686305419678 0.819037675857544 0
1686305419705 0.8148535490036011 0
1686305419732 0.810669481754303 0
1686305419760 0.810669481754303 0
1686305419787 0.8085774183273315 0
1686305419817 0.8117154836654663 0
1686305419846 0.8127614855766296 0
1686305419874 0.810669481754303 0
1686305419902 0.8117154836654663 0
1686305419930 0.8294979333877563 0
1686305419958 0.8410041928291321 0
1686305419987 0.8640167117118835 0
1686305420015 0.8776150345802307 0
1686305420044 0.8723849654197693 0
1686305420073 0.8702929019927979 0
1686305420104 0.8807531595230103 0
1686305420133 0.8880752921104431 0
1686305420161 0.9069037437438965 0
1686305420189 0.9079498052597046 0
1686305420217 0.910041868686676 0
1686305420245 0.9225941300392151 0
1686305420273 0.9142259359359741 0
1686305420304 0.9236401915550232 0
1686305420334 0.9361924529075623 0
1686305420361 0.9466527104377747 0
1686305420389 0.9372385144233704 0
1686305420420 0.9560669660568237 0
1686305420448 0.9717572927474976 0
1686305420475 0.9801255464553833 0
1686305420504 0.9790794849395752 0
1686305420531 0.9560669660568237 0
1686305420559 0.9853556752204895 0
1686305420586 1.0020920038223267 0
1686305420614 0.9968619346618652 0
1686305420643 0.9905857443809509 0
1686305420673 0.9801255464553833 0
1686305420700 0.98221755027771 0
