1686305419164 0.6913515031337738 0
1686305419193 0.6878188699483871 0
1686305419221 0.6838184222579002 0
1686305419249 0.6791749894618988 0
1686305419278 0.6734094694256783 0
1686305419306 0.6665470227599144 0
1686305419334 0.6580141112208366 0
1686305419362 0.6477491483092308 0
1686305419391 0.6355441808700562 0
1686305419419 0.6209395676851273 0
1686305419447 0.6031803637742996 0
1686305419476 0.5832882076501846 0
1686305419504 0.5608193576335907 0
1686305419532 0.5369933769106865 0
1686305419560 0.5128061026334763 0
1686305419588 0.4897455647587776 0
1686305419617 0.4684232175350189 0
1686305419646 0.4499206803739071 0
1686305419674 0.43601392582058907 0
1686305419701 0.4250062182545662 0
1686305419728 0.4168335907161236 0
1686305419756 0.4113106355071068 0
1686305419783 0.4072626978158951 0
1686305419813 0.40406790003180504 0
1686305419842 0.4019577242434025 0
1686305419870 0.40002822130918503 0
1686305419898 0.3982395827770233 0
1686305419926 0.39717862382531166 0
1686305419954 0.3963736444711685 0
1686305419983 0.3954216353595257 0
1686305420011 0.39480891823768616 0
1686305420040 0.39445286244153976 0
1686305420069 0.3939284011721611 0
1686305420100 0.3937752842903137 0
1686305420128 0.39338962361216545 0
1686305420157 0.3932000696659088 0
1686305420185 0.3929654024541378 0
1686305420213 0.39287107065320015 0
1686305420241 0.3927045799791813 0
1686305420269 0.3925680108368397 0
1686305420300 0.3924267739057541 0
1686305420330 0.39232277125120163 0
1686305420357 0.39237890020012856 0
1686305420385 0.39223960041999817 0
1686305420415 0.39220042899250984 0
1686305420444 0.3920912705361843 0
1686305420471 0.3920014724135399 0
1686305420500 0.3920540325343609 0
1686305420527 0.3918737769126892 0
1686305420555 0.39187030121684074 0
1686305420582 0.391803789883852 0
1686305420610 0.3918558210134506 0
1686305420638 0.3916566036641598 0
1686305420668 0.39166437834501266 0
1686305420696 0.3916116878390312 0
