1724407930103 0.7618576884269714 0
1724407930189 0.7559288740158081 0
1724407930260 0.7658102512359619 0
1724407930295 0.7786561250686646 0
1724407930330 0.7539525628089905 0
1724407930367 0.7509881258010864 0
1724407930400 0.7519763112068176 0
1724407930438 0.7559288740158081 0
1724407930475 0.7727272510528564 0
1724407930506 0.7806324362754822 0
1724407930584 0.779644250869751 0
1724407930676 0.7648221254348755 0
1724407930745 0.7677865624427795 0
1724407930776 0.7816205620765686 0
1724407930808 0.7648221254348755 0
1724407930839 0.7598814368247986 0
1724407930870 0.7628458738327026 0
1724407930902 0.768774688243866 0
1724407930937 0.7667984366416931 0
1724407930977 0.768774688243866 0
1724407931015 0.768774688243866 0
1724407931048 0.77173912525177 0
1724407931081 0.7707509994506836 0
1724407931111 0.7727272510528564 0
1724407931141 0.7697628736495972 0
1724407931171 0.7707509994506836 0
1724407931200 0.7697628736495972 0
1724407931229 0.7756916880607605 0
1724407931263 0.779644250869751 0
1724407931293 0.7865612506866455 0
1724407931324 0.79347825050354 0
1724407931353 0.7895256876945496 0
1724407931382 0.7944663763046265 0
1724407931412 0.7984189987182617 0
1724407931443 0.8053359389305115 0
1724407931473 0.8191699385643005 0
1724407931504 0.8221343755722046 0
1724407931537 0.8448616862297058 0
1724407931567 0.8547430634498596 0
1724407931601 0.8695651888847351 0
1724407931633 0.8824110627174377 0
1724407931673 0.9071146249771118 0
