1682678949674 0.6862153261899948 0
1682678949716 0.6717273518443108 0
1682678949762 0.6502181962132454 0
1682678949804 0.6147676929831505 0
1682678949846 0.5601687505841255 0
1682678949887 0.4888514615595341 0
1682678949928 0.4253687411546707 0
1682678949969 0.40054838359355927 0
1682678950009 0.3997851051390171 0
1682678950052 0.39621952921152115 0
1682678950094 0.39310266450047493 0
1682678950134 0.3928536884486675 0
1682678950176 0.39274344593286514 0
1682678950217 0.39250335842370987 0
1682678950258 0.39235952869057655 0
1682678950299 0.3921624422073364 0
1682678950340 0.39207402244210243 0
