1710497403334 0.8266128897666931 0
1710497403368 0.8245967626571655 0
1710497403403 0.819556474685669 0
1710497403441 0.8346773982048035 0
1710497403488 0.8356854915618896 0
1710497403541 0.8185483813285828 0
1710497403589 0.8306451439857483 0
1710497403627 0.8256048560142517 0
1710497403666 0.8326612710952759 0
1710497403704 0.8296371102333069 0
1710497403749 0.8296371102333069 0
1710497403790 0.8336693644523621 0
1710497403827 0.8356854915618896 0
1710497403866 0.8467742204666138 0
1710497403900 0.84375 0
1710497403935 0.8457661271095276 0
1710497404093 0.8467742204666138 0
1710497404128 0.8598790168762207 0
1710497404161 0.875 0
1710497404193 0.8870967626571655 0
1710497404309 0.8971773982048035 0
1710497404388 0.9243951439857483 0
1710497404464 0.9405242204666138 0
1710497404509 0.9435483813285828 0
1710497404554 0.9576612710952759 0
1710497404587 0.9838709831237793 0
1710497404616 0.9707661271095276 0
1710497404646 0.9949596524238586 0
1710497404675 1.0050402879714966 0
1710497404706 1.017137050628662 0
1710497404736 1.0231854915618896 0
1710497404764 1.0372984409332275 0
1710497404794 1.0372984409332275 0
1710497404822 1.0524193048477173 0
1710497404850 1.069556474685669 0
1710497404878 1.0816532373428345 0
1710497404906 1.0846774578094482 0
1710497404935 1.117943525314331 0
