1710497403326 0.6938662752509117 0
1710497403362 0.6880244985222816 0
1710497403397 0.6804068461060524 0
1710497403432 0.6697958037257195 0
1710497403475 0.654545933008194 0
1710497403530 0.6332037821412086 0
1710497403581 0.6042451187968254 0
1710497403619 0.5677379071712494 0
1710497403659 0.5255799368023872 0
1710497403698 0.48266368359327316 0
1710497403739 0.4455418512225151 0
1710497403781 0.420049324631691 0
1710497403819 0.40708043798804283 0
1710497403858 0.40166347101330757 0
1710497403893 0.39873066544532776 0
1710497403927 0.39634447544813156 0
1710497404085 0.39464251697063446 0
1710497404121 0.39363184943795204 0
1710497404154 0.39298829808831215 0
1710497404186 0.39261654019355774 0
1710497404300 0.3923150971531868 0
1710497404379 0.3921145796775818 0
1710497404455 0.391965564340353 0
1710497404501 0.3918364979326725 0
1710497404546 0.3917236030101776 0
1710497404580 0.39163754507899284 0
1710497404610 0.3915609009563923 0
1710497404640 0.39149657636880875 0
1710497404669 0.3914087451994419 0
1710497404699 0.3913145661354065 0
1710497404729 0.39122799411416054 0
1710497404758 0.3911403603851795 0
1710497404787 0.39109157025814056 0
1710497404815 0.3909735344350338 0
1710497404844 0.3908983841538429 0
1710497404872 0.39085231721401215 0
1710497404900 0.39074836298823357 0
1710497404928 0.39064711704850197 0
