1683281482868 0.7909663915634155 0
1683281482998 0.8140756487846375 0
1683281483072 0.8939075469970703 0
1683281483145 0.9590336084365845 0
1683281483218 1.013655424118042 0
1683281483292 1.0357142686843872 0
1683281483364 1.0651260614395142 0
1683281483440 1.1334034204483032 0
1683281483513 1.191176414489746 0
1683281483588 1.2552521228790283 0
1683281483660 1.36239492893219 0
1683281483733 1.3697478771209717 0
1683281483805 1.4327731132507324 0
1683281483877 1.5766806602478027 0
1683281483947 1.6628150939941406 0
1683281484018 1.7174370288848877 0
1683281484087 1.779411792755127 0
1683281484168 1.8602941036224365 0
1683281484247 1.8497898578643799 0
1683281484324 1.9663865566253662 0
1683281484401 1.9947478771209717 0
1683281484476 2.0630252361297607 0
1683281484553 2.115546226501465 0
