1689934332665 0.7702702879905701 0
1689934332696 0.7754677534103394 0
1689934332733 0.7806652784347534 0
1689934332764 0.7920997738838196 0
1689934332796 0.7879418134689331 0
1689934332828 0.7858628034591675 0
1689934332859 0.782744288444519 0
1689934332891 0.7858628034591675 0
1689934332923 0.7879418134689331 0
1689934332955 0.7920997738838196 0
1689934332986 0.7962577939033508 0
1689934333018 0.7983368039131165 0
1689934333049 0.7941787838935852 0
1689934333081 0.7879418134689331 0
1689934333112 0.7889813184738159 0
1689934333144 0.7941787838935852 0
1689934333174 0.7972972989082336 0
1689934333208 0.8035343289375305 0
1689934333251 0.8087317943572998 0
1689934333309 0.8191268444061279 0
1689934333366 0.8357588648796082 0
1689934333435 0.8399168252944946 0
1689934333495 0.8773388862609863 0
1689934333562 0.8627858757972717 0
1689934333621 0.8825364112854004 0
1689934333723 0.8960499167442322 0
1689934333928 0.9106029272079468 0
1689934333973 0.9303534030914307 0
1689934334030 0.9324324131011963 0
1689934334080 0.9209979176521301 0
1689934334127 0.9428274631500244 0
1689934334181 0.9345114231109619 0
1689934334249 0.9553014636039734 0
1689934334309 0.9542619585990906 0
1689934334377 0.9480249285697937 0
1689934334466 0.9636174440383911 0
