1689934342160 0.8305613398551941 0
1689934342203 0.8471933603286743 0
1689934342247 0.8347193598747253 0
1689934342328 0.8170478343963623 0
1689934342467 0.8264033198356628 0
1689934342635 0.8284823298454285 0
1689934342747 0.8461538553237915 0
1689934342828 0.8659043908119202 0
1689934342906 0.9282744526863098 0
1689934342981 0.9615384340286255 0
1689934343049 1.0145530700683594 0
1689934343117 1.0322245359420776 0
1689934343199 1.0135135650634766 0
1689934343263 1.0426195859909058 0
1689934343334 1.066528081893921 0
1689934343514 1.0738046169281006 0
1689934343618 1.1091476678848267 0
