1694772626798 0.6898457109928131 0
1694772626830 0.678624615073204 0
1694772626861 0.660691998898983 0
1694772626892 0.6310494095087051 0
1694772626924 0.5852009952068329 0
1694772626955 0.5232281722128391 0
1694772626987 0.4578876532614231 0
1694772627019 0.4137263149023056 0
1694772627050 0.4007307067513466 0
1694772627082 0.3987426571547985 0
1694772627121 0.3949090279638767 0
1694772627152 0.39301393553614616 0
1694772627183 0.39261166006326675 0
1694772627214 0.3923708498477936 0
1694772627245 0.39215724915266037 0
1694772627277 0.3920902982354164 0
1694772627308 0.39203890413045883 0
1694772627338 0.3919183909893036 0
1694772627372 0.39181727170944214 0
1694772627403 0.39170389249920845 0
1694772627434 0.39162952080368996 0
1694772627464 0.3915151320397854 0
1694772627495 0.39139750227332115 0
1694772627526 0.39130647853016853 0
1694772627557 0.39120184630155563 0
