1694772626803 0.7863777279853821 0
1694772626835 0.8080495595932007 0
1694772626866 0.8111454844474792 0
1694772626897 0.8286893963813782 0
1694772626929 0.8359133005142212 0
1694772626960 0.8379772901535034 0
1694772626992 0.8297213912010193 0
1694772627024 0.8317853212356567 0
1694772627055 0.8214654326438904 0
1694772627087 0.8286893963813782 0
1694772627126 0.8482972383499146 0
1694772627157 0.8627451062202454 0
1694772627187 0.891640841960907 0
1694772627218 0.9339525103569031 0
1694772627250 0.9453044533729553 0
1694772627282 0.9535603523254395 0
1694772627312 0.9484004378318787 0
1694772627343 0.9814241528511047 0
1694772627377 1.0051599740982056 0
1694772627408 0.9989680051803589 0
1694772627439 1.0154799222946167 0
1694772627469 1.0299277305603027 0
1694772627500 1.0454076528549194 0
1694772627531 1.0629514455795288 0
1694772627562 1.0794633626937866 0
