1726827161794 0.7718780636787415 0
1726827161832 0.7767944931983948 0
1726827161870 0.7817109227180481 0
1726827161909 0.7738446593284607 0
1726827161946 0.7748278975486755 0
1726827161985 0.7777777910232544 0
1726827162021 0.778761088848114 0
1726827162059 0.7836774587631226 0
1726827162097 0.7797443270683289 0
1726827162185 0.7817109227180481 0
1726827162233 0.7728613615036011 0
1726827162278 0.7689282298088074 0
1726827162321 0.7620452046394348 0
1726827162453 0.7659783959388733 0
1726827162499 0.764011800289154 0
1726827162541 0.769911527633667 0
1726827162583 0.7718780636787415 0
1726827162709 0.7659783959388733 0
1726827162800 0.7738446593284607 0
1726827162857 0.7649950981140137 0
1726827162947 0.7767944931983948 0
1726827163072 0.7748278975486755 0
1726827163244 0.7669616341590881 0
1726827163412 0.7758111953735352 0
1726827163456 0.778761088848114 0
1726827163503 0.7807276248931885 0
1726827163555 0.7758111953735352 0
1726827163775 0.7748278975486755 0
1726827163824 0.7758111953735352 0
1726827163873 0.7659783959388733 0
1726827163922 0.7689282298088074 0
1726827164091 0.7895771861076355 0
1726827164136 0.7895771861076355 0
1726827164180 0.7905604839324951 0
1726827164281 0.7856440544128418 0
1726827164471 0.7866273522377014 0
1726827164528 0.7817109227180481 0
1726827164573 0.7807276248931885 0
1726827164705 0.7718780636787415 0
1726827164797 0.7767944931983948 0
1726827164857 0.7767944931983948 0
1726827164907 0.7856440544128418 0
1726827164948 0.7954769134521484 0
1726827165063 0.7905604839324951 0
1726827165171 0.7866273522377014 0
1726827165230 0.7944936156272888 0
1726827165270 0.7944936156272888 0
1726827165315 0.8003933429718018 0
1726827165400 0.8082596063613892 0
1726827165496 0.8062930107116699 0
1726827165581 0.8112094402313232 0
1726827165668 0.8171091675758362 0
1726827165759 0.8249754309654236 0
1726827165840 0.823992133140564 0
1726827165888 0.826941967010498 0
1726827165934 0.8279252648353577 0
1726827165983 0.8289085626602173 0
1726827166028 0.8289085626602173 0
1726827166069 0.832841694355011 0
1726827166112 0.8357915282249451 0
1726827166152 0.8377581238746643 0
1726827166189 0.8367748260498047 0
1726827166232 0.8377581238746643 0
1726827166270 0.847590982913971 0
1726827166307 0.8554572463035583 0
1726827166343 0.850540816783905 0
1726827166379 0.8525073528289795 0
1726827166415 0.8436577916145325 0
1726827166451 0.850540816783905 0
1726827166488 0.8485742211341858 0
1726827166525 0.8525073528289795 0
1726827166562 0.8574237823486328 0
1726827166599 0.8643068075180054 0
1726827166639 0.8711897730827332 0
1726827166681 0.8702064752578735 0
1726827166769 0.8829891681671143 0
1726827166861 0.8947886228561401 0
