1732270433349 0.6794078819679491 0
1732270433427 0.6457331686308889 0
1732270433500 0.5561343855930098 0
1732270433564 0.43593069278832636 0
1732270433621 0.3997773726781209 0
1732270433683 0.39416966745347687 0
1732270433752 0.3936950925624732 0
1732270433809 0.39291919180841156 0
1732270433874 0.3924552897612254 0
1732270433936 0.3925562311302532 0
1732270433991 0.39220767219861347 0
1732270434053 0.3925085519299363 0
1732270434111 0.39211684555718396 0
1732270434171 0.391802450021108 0
1732270434259 0.39183113791725854 0
