1732270433362 0.7775609493255615 0
1732270433440 0.8058536648750305 0
1732270433510 0.7980487942695618 0
1732270433573 0.7960975766181946 0
1732270433631 0.821463406085968 0
1732270433695 0.831219494342804 0
1732270433762 0.8575609922409058 0
1732270433819 0.8985365629196167 0
1732270433884 0.8868292570114136 0
1732270433945 0.9326829314231873 0
1732270434001 0.9424390196800232 0
1732270434062 0.9375609755516052 0
1732270434121 0.9697561264038086 0
1732270434190 0.9785366058349609 0
1732270434271 0.9658536314964294 0
