1682678941191 0.6930851260821025 0
1682678941247 0.687174387772878 0
1682678941302 0.6795057654380798 0
1682678941357 0.6678752859433492 0
1682678941412 0.6492400447527568 0
1682678941471 0.620123012860616 0
1682678941525 0.5780811826388041 0
1682678941580 0.5246696174144745 0
1682678941632 0.4694631854693095 0
1682678941686 0.42670435905456544 0
1682678941742 0.4042494475841522 0
1682678941797 0.3967206438382467 0
1682678941851 0.3947011490662893 0
1682678941907 0.39375946124394734 0
1682678941966 0.39317267735799155 0
1682678942022 0.3928568462530772 0
1682678942081 0.39262637694676716 0
1682678942178 0.39249318838119507 0
1682678942233 0.392393829425176 0
1682678942285 0.39229744076728823 0
1682678942338 0.392227307955424 0
1682678942393 0.3921634554862976 0
1682678942450 0.39208641449610393 0
1682678942505 0.39201334516207376 0
1682678942560 0.3919589261213938 0
1682678942611 0.3918898403644562 0
1682678942666 0.39181432922681175 0
1682678942722 0.39176928003629047 0
1682678942778 0.3916893243789673 0
1682678942832 0.3916129688421885 0
1682678942888 0.39156806071599326 0
1682678942943 0.39150827129681903 0
1682678942997 0.3914124588171641 0
1682678943053 0.39133836030960084 0
1682678943109 0.3912796119848887 0
1682678943165 0.3912222385406494 0
1682678943221 0.39116172591845194 0
1682678943275 0.3910812020301819 0
1682678943330 0.39099565347035725 0
1682678943386 0.39089407126108805 0
