1692353425233 0.8124352097511292 0
1692353425277 0.7968912124633789 0
1692353425320 0.7927461266517639 0
1692353425362 0.818652868270874 0
1692353425405 0.818652868270874 0
1692353425445 0.814507782459259 0
1692353425488 0.8196890950202942 0
1692353425532 0.818652868270874 0
1692353425575 0.8290155529975891 0
1692353425622 0.8611398935317993 0
1692353425664 0.8953368067741394 0
1692353425708 0.9471502304077148 0
1692353425751 0.9751295447349548 0
1692353425794 1.0051813125610352 0
1692353425837 1.01658034324646 0
1692353425880 1.0870466232299805 0
1692353425920 1.0663212537765503 0
1692353425962 1.0611399412155151 0
1692353426004 1.1326425075531006 0
1692353426046 1.1689119338989258 0
1692353426088 1.1989637613296509 0
1692353426129 1.212435245513916 0
1692353426172 1.220725417137146 0
1692353426214 1.236269474029541 0
1692353426255 1.2569948434829712 0
1692353426298 1.259067416191101 0
1692353426341 1.2756476402282715 0
1692353426382 1.2911916971206665 0
1692353426425 1.3512953519821167 0
