1700215812689 0.6961398497223854 0
1700215812713 0.6886925622820854 0
1700215812739 0.6797300353646278 0
1700215812763 0.66720911860466 0
1700215812785 0.6497946605086327 0
1700215812808 0.6257084459066391 0
1700215812830 0.594428040087223 0
1700215812851 0.555687241256237 0
1700215812873 0.5134282223880291 0
1700215812895 0.47374292090535164 0
1700215812917 0.44297855719923973 0
1700215812939 0.42314033955335617 0
1700215812962 0.41124866530299187 0
1700215812984 0.4040319211781025 0
1700215813005 0.3991302289068699 0
1700215813027 0.3959678001701832 0
1700215813049 0.3942430727183819 0
1700215813072 0.39336660131812096 0
1700215813094 0.3928043022751808 0
1700215813117 0.3923930935561657 0
1700215813141 0.3922102302312851 0
1700215813164 0.3920147977769375 0
1700215813187 0.391864825040102 0
1700215813210 0.3917713835835457 0
1700215813232 0.39161017537117004 0
1700215813257 0.3915753960609436 0
1700215813280 0.39146285876631737 0
1700215813303 0.39138002693653107 0
1700215813325 0.3912997208535671 0
1700215813348 0.39118528738617897 0
