1703844655430 0.7820773720741272 0
1703844655470 0.7810590863227844 0
1703844655510 0.7851324081420898 0
1703844655551 0.7698574066162109 0
1703844655594 0.7749490737915039 0
1703844655640 0.7973523139953613 0
1703844655683 0.8564154505729675 0
1703844655725 0.9215885996818542 0
1703844655766 0.958248496055603 0
1703844655808 1.0030549764633179 0
1703844655851 1.0040732622146606 0
1703844655894 1.0376782417297363 0
1703844655936 1.0407332181930542 0
1703844655976 1.053971529006958 0
1703844656015 1.1171079874038696 0
1703844656050 1.142566204071045 0
1703844656085 1.186354398727417 0
1703844656120 1.225050926208496 0
