1691748842625 0.6850249841809273 0
1691748842721 0.6619350537657738 0
1691748842814 0.6141498014330864 0
1691748842915 0.5249375067651272 0
1691748843017 0.4277840107679367 0
1691748843107 0.40403612703084946 0
1691748843204 0.4022040218114853 0
1691748843302 0.3931388556957245 0
1691748843382 0.3934558369219303 0
1691748843427 0.392520222812891 0
1691748843547 0.39209824427962303 0
1691748843634 0.39182019978761673 0
1691748843726 0.3914618603885174 0
1691748843817 0.39137810468673706 0
1691748843894 0.39106421172618866 0
