1731665616578 0.8037109375 0
1731665616628 0.8037109375 0
1731665616669 0.8115234375 0
1731665616709 0.8193359375 0
1731665616748 0.8330078125 0
1731665616785 0.822265625 0
1731665616824 0.8173828125 0
1731665616866 0.8173828125 0
1731665616905 0.822265625 0
1731665616944 0.8134765625 0
1731665616984 0.8154296875 0
1731665617029 0.8095703125 0
1731665617066 0.8095703125 0
1731665617105 0.8076171875 0
1731665617142 0.8115234375 0
1731665617180 0.814453125 0
1731665617221 0.8173828125 0
1731665617301 0.8154296875 0
1731665617344 0.8193359375 0
1731665617388 0.8193359375 0
1731665617428 0.8154296875 0
1731665617467 0.8095703125 0
1731665617505 0.8193359375 0
1731665617544 0.82421875 0
1731665617581 0.828125 0
1731665617619 0.85546875 0
1731665617657 0.86328125 0
1731665617694 0.869140625 0
1731665617732 0.888671875 0
1731665617771 0.904296875 0
1731665617811 0.9228515625 0
1731665617852 0.921875 0
1731665617890 0.923828125 0
1731665617927 0.931640625 0
1731665617967 0.912109375 0
1731665618012 0.9375 0
1731665618062 0.939453125 0
1731665618108 0.9306640625 0
1731665618154 0.9423828125 0
1731665618197 0.953125 0
1731665618234 0.951171875 0
1731665618271 0.962890625 0
1731665618308 0.953125 0
1731665618345 0.953125 0
1731665618383 0.96484375 0
1731665618423 0.962890625 0
1731665618466 0.9814453125 0
1731665618504 0.9814453125 0
1731665618541 0.978515625 0
1731665618580 0.97265625 0
1731665618627 1.00390625 0
1731665618680 0.9921875 0
1731665618728 0.9990234375 0
1731665618776 1.015625 0
1731665618851 1.01953125 0
1731665618919 1.0107421875 0
1731665618966 1.02734375 0
1731665619007 1.03125 0
1731665619046 1.0400390625 0
1731665619083 1.04296875 0
1731665619120 1.0537109375 0
1731665619159 1.0439453125 0
1731665619196 1.041015625 0
1731665619233 1.052734375 0
1731665619270 1.0625 0
1731665619307 1.056640625 0
1731665619344 1.064453125 0
1731665619387 1.07421875 0
1731665619430 1.08984375 0
1731665619479 1.0869140625 0
1731665619524 1.091796875 0
1731665619566 1.095703125 0
1731665619604 1.1181640625 0
1731665619642 1.1142578125 0
1731665619683 1.11328125 0
1731665619722 1.1201171875 0
1731665619759 1.1259765625 0
