1712311958135 0.8261306285858154 0
1712311958185 0.8412060141563416 0
1712311958234 0.8311557769775391 0
1712311958283 0.8221105337142944 0
1712311958332 0.8341708779335022 0
1712311958382 0.8502512574195862 0
1712311958432 0.913567841053009 0
1712311958483 0.9477387070655823 0
1712311958533 0.9688442349433899 0
1712311958581 0.9889447093009949 0
1712311958630 1.0291457176208496 0
1712311958679 1.0442211627960205 0
1712311958728 1.1065326929092407 0
1712311958777 1.1185929775238037 0
1712311958825 1.132663369178772 0
1712311958875 1.1557788848876953 0
1712311958925 1.1698492765426636 0
