1711707084748 0.8289738297462463 0
1711707084852 0.8058350086212158 0
1711707084944 0.8390341997146606 0
1711707085047 0.9185110926628113 0
1711707085139 0.9839034080505371 0
1711707085379 1.0120724439620972 0
1711707085486 1.0492957830429077 0
1711707085588 1.0704225301742554 0
1711707085680 1.1670019626617432 0
1711707085772 1.180080533027649 0
1711707085865 1.1951709985733032 0
1711707085950 1.2987927198410034 0
1711707086044 1.2987927198410034 0
1711707086156 1.4215291738510132 0
1711707086267 1.5432595014572144 0
1711707086358 1.5110664367675781 0
1711707086450 1.5814889669418335 0
