1711707084741 0.6716947685927153 0
1711707084843 0.5405087554827332 0
1711707084936 0.40268863551318645 0
1711707085039 0.39305218402296305 0
1711707085132 0.3922360157594085 0
1711707085370 0.3922077342867851 0
1711707085478 0.3915523327887058 0
1711707085581 0.391130855306983 0
1711707085673 0.39089931175112724 0
1711707085764 0.39033093489706516 0
1711707085857 0.3900012793019414 0
1711707085943 0.38947329111397266 0
1711707086035 0.3890621718019247 0
1711707086148 0.38860941492021084 0
1711707086260 0.3881514994427562 0
1711707086351 0.38761581387370825 0
1711707086443 0.38652974739670753 0
