1721383879849 0.761904776096344 0
1721383879888 0.7757936716079712 0
1721383879926 0.795634925365448 0
1721383879964 0.8204365372657776 0
1721383880002 0.8263888955116272 0
1721383880041 0.8115079402923584 0
1721383880082 0.8234127163887024 0
1721383880121 0.870039701461792 0
1721383880160 0.9265872836112976 0
1721383880198 0.9682539701461792 0
1721383880236 0.9672619104385376 0
1721383880273 0.971230149269104 0
1721383880311 0.9970238208770752 0
1721383880349 1.0297619104385376 0
1721383880386 1.04365074634552 0
1721383880423 1.0783730745315552 0
1721383880461 1.057539701461792 0
1721383880499 1.0803571939468384 0
1721383880536 1.1230158805847168 0
1721383880574 1.1130952835083008 0
1721383880611 1.16865074634552 0
1721383880649 1.2053571939468384 0
1721383880687 1.2192460298538208 0
1721383880725 1.2242063283920288 0
1721383880762 1.2380952835083008 0
1721383880800 1.2857142686843872 0
1721383880838 1.3402777910232544 0
1721383880875 1.3035714626312256 0
1721383880913 1.3779761791229248 0
1721383880951 1.3710317611694336 0
1721383880989 1.3829364776611328 0
1721383881027 1.442460298538208 0
1721383881065 1.4345238208770752 0
