1721383879841 0.6848591975867748 0
1721383879880 0.6625790372490883 0
1721383879918 0.6139631532132626 0
1721383879956 0.5230939090251923 0
1721383879994 0.43048831075429916 0
1721383880032 0.40069487877190113 0
1721383880074 0.39593818970024586 0
1721383880113 0.39327416755259037 0
1721383880152 0.39258074201643467 0
1721383880190 0.39228385873138905 0
1721383880228 0.3920953217893839 0
1721383880266 0.39196197874844074 0
1721383880303 0.39182319305837154 0
1721383880341 0.3916920889168978 0
1721383880379 0.3915243595838547 0
1721383880416 0.3914408292621374 0
1721383880453 0.391265157610178 0
1721383880491 0.3910881467163563 0
1721383880528 0.3909087348729372 0
1721383880566 0.39079490303993225 0
1721383880604 0.390550771728158 0
1721383880641 0.3903541024774313 0
1721383880679 0.39012516662478447 0
1721383880717 0.3899057377129793 0
1721383880755 0.3896968811750412 0
1721383880792 0.389470973983407 0
1721383880830 0.3892342783510685 0
1721383880868 0.38899838738143444 0
1721383880905 0.38868524320423603 0
1721383880943 0.3884194567799568 0
1721383880981 0.3881136402487755 0
1721383881019 0.38777862675487995 0
1721383881057 0.3874344974756241 0
