1691143910006 0.8338525295257568 0
1691143910069 0.8338525295257568 0
1691143910128 0.8276219964027405 0
1691143910178 0.8317757248878479 0
1691143910244 0.8296988606452942 0
1691143910303 0.8359293937683105 0
1691143910357 0.8172377943992615 0
1691143910419 0.8193146586418152 0
1691143910472 0.8130841255187988 0
1691143910518 0.7995846271514893 0
1691143910577 0.7964693903923035 0
1691143910634 0.8068535923957825 0
1691143910682 0.8006230592727661 0
1691143910735 0.8047767281532288 0
1691143910794 0.8078920245170593 0
1691143910846 0.8099688291549683 0
1691143910904 0.8099688291549683 0
1691143910964 0.8130841255187988 0
1691143911022 0.8193146586418152 0
1691143911076 0.8161993622779846 0
1691143911131 0.8286604285240173 0
1691143911186 0.8390446305274963 0
1691143911243 0.8525441288948059 0
1691143911299 0.8982346653938293 0
1691143911354 0.8909657597541809 0
1691143911422 0.8888888955116272 0
1691143911479 0.9148494005203247 0
1691143911532 0.9086189270019531 0
1691143911587 0.9231567978858948 0
1691143911646 0.920041561126709 0
1691143911701 0.9345794320106506 0
1691143911756 0.9491173624992371 0
