1691143910000 0.694173201918602 0
1691143910056 0.6892686635255814 0
1691143910122 0.6847701892256737 0
1691143910173 0.6800508201122284 0
1691143910231 0.6741005629301071 0
1691143910290 0.6660787090659142 0
1691143910344 0.6548688635230064 0
1691143910412 0.6388695538043976 0
1691143910465 0.6167354360222816 0
1691143910512 0.5870260000228882 0
1691143910565 0.5492984354496002 0
1691143910617 0.5066022127866745 0
1691143910669 0.4660174697637558 0
1691143910729 0.43329137191176414 0
1691143910787 0.4132411479949951 0
1691143910840 0.4041345454752445 0
1691143910898 0.40066708251833916 0
1691143910958 0.39798690378665924 0
1691143911013 0.39610717073082924 0
1691143911064 0.39474646747112274 0
1691143911119 0.393992405384779 0
1691143911181 0.3934897407889366 0
1691143911238 0.3930094577372074 0
1691143911290 0.3928731866180897 0
1691143911342 0.39269863441586494 0
1691143911407 0.39250165969133377 0
1691143911467 0.3924437053501606 0
1691143911519 0.39229362085461617 0
1691143911572 0.39223895221948624 0
1691143911641 0.39219576492905617 0
1691143911695 0.39217929169535637 0
1691143911750 0.392157431691885 0
