1720174425342 0.8182721138000488 0
1720174425403 0.8192651271820068 0
1720174425465 0.8202582001686096 0
1720174425528 0.8272095322608948 0
1720174425591 0.8540218472480774 0
1720174425654 0.8947368264198303 0
1720174425716 0.945382297039032 0
1720174425778 0.9652432799339294 0
1720174425839 0.9513406157493591 0
1720174425901 0.991062581539154 0
1720174425963 1.0188679695129395 0
1720174426027 1.022840142250061 0
1720174426090 1.0566037893295288 0
1720174426151 1.062562108039856 0
1720174426210 1.0744786262512207 0
1720174426271 1.1251240968704224 0
1720174426333 1.149950385093689 0
1720174426395 1.1668322086334229 0
1720174426457 1.1876862049102783 0
