1708683050993 0.687338151037693 0
1708683051028 0.680002436041832 0
1708683051063 0.6711993888020515 0
1708683051097 0.6590282991528511 0
1708683051131 0.6409812942147255 0
1708683051165 0.6139110922813416 0
1708683051198 0.5752772316336632 0
1708683051231 0.5253577679395676 0
1708683051264 0.4713071882724762 0
1708683051297 0.42778799682855606 0
1708683051330 0.40502430871129036 0
1708683051362 0.39907320588827133 0
1708683051397 0.3971973694860935 0
1708683051430 0.39475351199507713 0
1708683051467 0.3932133875787258 0
1708683051502 0.39274705201387405 0
1708683051537 0.39252612739801407 0
1708683051576 0.3923541493713856 0
1708683051683 0.39224955067038536 0
1708683051717 0.39215242862701416 0
1708683051750 0.3920636400580406 0
1708683051783 0.39197825640439987 0
1708683051817 0.3919239453971386 0
1708683051850 0.39184000343084335 0
1708683051885 0.39176561683416367 0
1708683051918 0.39172329753637314 0
1708683051950 0.39160193130373955 0
1708683051985 0.39156045764684677 0
1708683052021 0.3915018178522587 0
1708683052053 0.39139072224497795 0
1708683052087 0.3913102447986603 0
1708683052123 0.39120007678866386 0
1708683052156 0.39120470359921455 0
1708683052189 0.3910612687468529 0
1708683052222 0.39100586995482445 0
1708683052256 0.3909447528421879 0
1708683052289 0.3908203952014446 0
1708683052323 0.39076047763228416 0
1708683052357 0.39066480100154877 0
1708683052393 0.39057643711566925 0
1708683052427 0.39049502834677696 0
1708683052460 0.39037852361798286 0
1708683052494 0.3903162553906441 0
1708683052528 0.39021623879671097 0
1708683052561 0.3901636302471161 0
