1708683051000 0.8050504922866821 0
1708683051035 0.7959595918655396 0
1708683051070 0.8050504922866821 0
1708683051104 0.808080792427063 0
1708683051138 0.8171716928482056 0
1708683051172 0.8050504922866821 0
1708683051205 0.7979797720909119 0
1708683051238 0.8161616325378418 0
1708683051271 0.8161616325378418 0
1708683051303 0.8191919326782227 0
1708683051336 0.8252525329589844 0
1708683051370 0.8151515126228333 0
1708683051403 0.8202019929885864 0
1708683051437 0.8454545736312866 0
1708683051474 0.8949494957923889 0
1708683051508 0.9282828569412231 0
1708683051547 0.918181836605072 0
1708683051616 0.9161615967750549 0
1708683051690 0.9121212363243103 0
1708683051724 0.9090909361839294 0
1708683051757 0.9424242377281189 0
1708683051790 0.9414141178131104 0
1708683051823 0.960606038570404 0
1708683051857 0.973737359046936 0
1708683051892 0.9676767587661743 0
1708683051925 0.986868679523468 0
1708683051957 0.9969696998596191 0
1708683051992 0.9848484992980957 0
1708683052027 0.9989898800849915 0
1708683052060 1.0272727012634277 0
1708683052094 1.026262640953064 0
1708683052130 1.0151515007019043 0
1708683052163 1.0484848022460938 0
1708683052196 1.0646464824676514 0
1708683052229 1.068686842918396 0
1708683052263 1.070707082748413 0
1708683052296 1.0808080434799194 0
1708683052330 1.0939394235610962 0
1708683052364 1.100000023841858 0
1708683052401 1.1101009845733643 0
1708683052434 1.1242424249649048 0
1708683052467 1.1434342861175537 0
1708683052501 1.137373685836792 0
1708683052535 1.1727272272109985 0
1708683052568 1.1808080673217773 0
