1692353430708 0.6939676627516747 0
1692353430762 0.685519989579916 0
1692353430813 0.6745323315262794 0
1692353430864 0.659257847815752 0
1692353430915 0.6354872137308121 0
1692353430966 0.600529383867979 0
1692353431017 0.5535455606877804 0
1692353431069 0.4976230040192604 0
1692353431119 0.4479339998215437 0
1692353431169 0.4157754871994257 0
1692353431218 0.4011374916881323 0
1692353431269 0.3971893172711134 0
1692353431321 0.39476226456463337 0
1692353431371 0.39389788545668125 0
1692353431422 0.39342294819653034 0
1692353431474 0.3928089514374733 0
1692353431525 0.39267791993916035 0
1692353431576 0.39255288429558277 0
1692353431628 0.39245050214231014 0
1692353431680 0.39234418235719204 0
1692353431736 0.3922767788171768 0
1692353431786 0.392191294580698 0
1692353431836 0.3920382149517536 0
1692353431887 0.39191992953419685 0
1692353431937 0.3919605351984501 0
