1727431988104 0.685106348246336 0
1727431988162 0.6652287691831589 0
1727431988312 0.6201067678630352 0
1727431988365 0.5332945119589567 0
1727431988409 0.43956021778285503 0
1727431988658 0.4048092570155859 0
1727431988718 0.39713110588490963 0
1727431988770 0.39346680231392384 0
1727431988817 0.39260726049542427 0
1727431988866 0.39224995858967304 0
1727431988915 0.39207607693970203 0
1727431988963 0.3919307980686426 0
1727431989012 0.39177425764501095 0
1727431989134 0.39165727235376835 0
1727431989311 0.3914381545037031 0
1727431989359 0.391281483694911 0
1727431989413 0.39114753156900406 0
1727431989468 0.39097638987004757 0
1727431989522 0.39073476381599903 0
1727431989575 0.3905511647462845 0
1727431989627 0.39031992852687836 0
1727431989678 0.3901224881410599 0
1727431989731 0.3898823522031307 0
1727431989778 0.3896480668336153 0
1727431989822 0.3894332218915224 0
1727431989870 0.38908602483570576 0
1727431989919 0.38885330222547054 0
1727431989977 0.3885535765439272 0
1727431990034 0.3882004003971815 0
1727431990187 0.38787754252552986 0
1727431990242 0.3875384498387575 0
