1683281459111 0.7846638560295105 0
1683281459194 0.7888655662536621 0
1683281459245 0.7836134433746338 0
1683281459319 0.7836134433746338 0
1683281459370 0.7867646813392639 0
1683281459539 0.7857142686843872 0
1683281459600 0.7804622054100037 0
1683281459751 0.756302535533905 0
1683281459820 0.7626050710678101 0
1683281459879 0.7773109078407288 0
1683281459947 0.7731092572212219 0
1683281460038 0.7773109078407288 0
1683281460123 0.7825630307197571 0
1683281460209 0.7899159789085388 0
1683281460279 0.7972689270973206 0
1683281460346 0.7857142686843872 0
1683281460424 0.7815126180648804 0
1683281460504 0.7846638560295105 0
1683281460599 0.7920168042182922 0
1683281460677 0.7878151535987854 0
1683281460710 0.7867646813392639 0
1683281460743 0.7825630307197571 0
1683281460785 0.7846638560295105 0
1683281460821 0.7836134433746338 0
1683281460854 0.7846638560295105 0
1683281460887 0.7909663915634155 0
1683281460920 0.7899159789085388 0
1683281460956 0.7867646813392639 0
1683281460989 0.7888655662536621 0
1683281461022 0.7941176295280457 0
1683281461057 0.7972689270973206 0
1683281461090 0.7972689270973206 0
1683281461126 0.8025209903717041 0
1683281461160 0.8025209903717041 0
1683281461246 0.7983193397521973 0
1683281461280 0.8035714030265808 0
1683281461315 0.8067227005958557 0
1683281461349 0.8109243512153625 0
1683281461398 0.8119747638702393 0
1683281461473 0.819327712059021 0
1683281461507 0.8172268867492676 0
1683281461543 0.819327712059021 0
1683281461631 0.8214285969734192 0
1683281461693 0.8245798349380493 0
1683281461751 0.8329831957817078 0
1683281461799 0.8140756487846375 0
1683281461850 0.8214285969734192 0
1683281461899 0.8392857313156128 0
1683281461956 0.8329831957817078 0
1683281462008 0.8277310729026794 0
1683281462055 0.8277310729026794 0
1683281462111 0.8298319578170776 0
1683281462172 0.8403361439704895 0
1683281462228 0.8623949289321899 0
1683281462356 0.8728991746902466 0
1683281462439 0.8728991746902466 0
1683281462499 0.9054622054100037 0
1683281462548 0.9096638560295105 0
1683281462594 0.9191176295280457 0
1683281462629 0.924369752407074 0
1683281462663 0.9117646813392639 0
