1682678952430 0.8180862069129944 0
1682678952480 0.8170347213745117 0
1682678952528 0.827549934387207 0
1682678952575 0.8117770552635193 0
1682678952621 0.7886435389518738 0
1682678952667 0.8212407827377319 0
1682678952715 0.8748685717582703 0
1682678952761 0.8874868750572205 0
1682678952807 0.8990536332130432 0
1682678952854 0.9085173606872559 0
1682678952905 0.9537329077720642 0
1682678952951 0.9726603627204895 0
1682678953001 1.0178759098052979 0
1682678953047 1.0336488485336304 0
1682678953091 1.032597303390503 0
1682678953137 1.0704522132873535 0
1682678953183 1.1566771268844604 0
