1682678952426 0.6804591864347458 0
1682678952475 0.6511431559920311 0
1682678952524 0.5925972387194633 0
1682678952571 0.49746429920196533 0
1682678952617 0.41787056624889374 0
1682678952663 0.4064236953854561 0
1682678952711 0.3994104862213135 0
1682678952757 0.3929276391863823 0
1682678952803 0.3932837247848511 0
1682678952850 0.39233503490686417 0
1682678952901 0.3920612260699272 0
1682678952947 0.3916962593793869 0
1682678952996 0.3915115259587765 0
1682678953043 0.39122210443019867 0
1682678953087 0.3911315016448498 0
1682678953133 0.39076345413923264 0
1682678953179 0.3905854597687721 0
