1730456040901 0.6958688497543335 0
1730456040944 0.689331516623497 0
1730456040986 0.6815170869231224 0
1730456041080 0.6704114675521851 0
1730456041201 0.653471976518631 0
1730456041273 0.6277297809720039 0
1730456041317 0.5903272330760956 0
1730456041362 0.5412442088127136 0
1730456041409 0.48557452484965324 0
1730456041450 0.4357874430716038 0
1730456041491 0.4061691202223301 0
1730456041530 0.39786138385534286 0
1730456041570 0.39699359983205795 0
1730456041611 0.3951667323708534 0
1730456041652 0.3934728167951107 0
1730456041692 0.39290450140833855 0
1730456041733 0.3927215561270714 0
1730456041775 0.3925586827099323 0
1730456041816 0.39242271333932877 0
1730456041857 0.3923463001847267 0
1730456041898 0.3922712579369545 0
1730456041939 0.39220019057393074 0
1730456041979 0.39213477075099945 0
1730456042017 0.39205195754766464 0
1730456042058 0.391988780349493 0
