1730456040912 0.8326810002326965 0
1730456040954 0.8101761341094971 0
1730456040996 0.8043052554130554 0
1730456041092 0.805283784866333 0
1730456041215 0.8023483157157898 0
1730456041284 0.8082191944122314 0
1730456041328 0.8082191944122314 0
1730456041374 0.7945205569267273 0
1730456041420 0.8189823627471924 0
1730456041460 0.8287671208381653 0
1730456041501 0.8297455906867981 0
1730456041541 0.8346379399299622 0
1730456041581 0.8414872884750366 0
1730456041621 0.8336594700813293 0
1730456041662 0.859099805355072 0
1730456041702 0.873776912689209 0
1730456041744 0.8953033089637756 0
1730456041785 0.9070450067520142 0
1730456041826 0.9090019464492798 0
1730456041867 0.9138942956924438 0
1730456041908 0.9158512949943542 0
1730456041949 0.9383561611175537 0
1730456041989 0.9354207515716553 0
1730456042027 0.9403131008148193 0
1730456042070 0.9569471478462219 0
