1728641534149 0.6805327497422695 0
1728641534196 0.6426966078579426 0
1728641534316 0.5508481208235025 0
1728641534360 0.42735410295426846 0
1728641534404 0.39871675334870815 0
1728641534447 0.3937003780156374 0
1728641534491 0.39279408007860184 0
1728641534534 0.3923811335116625 0
1728641534577 0.392238462343812 0
1728641534633 0.3920296560972929 0
1728641534680 0.39187909848988056 0
1728641534726 0.3916398733854294 0
1728641534771 0.39149518497288227 0
1728641534814 0.39129638858139515 0
1728641534857 0.3910791464149952 0
1728641534901 0.39092923887073994 0
1728641534944 0.3906739912927151 0
1728641534987 0.39043112844228745 0
1728641535032 0.39017375744879246 0
1728641535075 0.38995723240077496 0
1728641535118 0.3896496035158634 0
1728641535161 0.3893461097031832 0
1728641535205 0.3890204690396786 0
1728641535249 0.38867996260523796 0
1728641535292 0.38838664814829826 0
1728641535336 0.3879067189991474 0
