1728641534160 0.7948969602584839 0
1728641534271 0.8027477860450745 0
1728641534325 0.8243376016616821 0
1728641534369 0.8213935494422913 0
1728641534413 0.8361138105392456 0
1728641534456 0.9273797869682312 0
1728641534500 0.9175662398338318 0
1728641534543 0.9332678914070129 0
1728641534588 0.9509322643280029 0
1728641534642 0.9725220799446106 0
1728641534690 0.9862610697746277 0
1728641534735 1.0058881044387817 0
1728641534780 1.0314033031463623 0
1728641534823 1.0412168502807617 0
1728641534866 1.069676160812378 0
1728641534910 1.0647693872451782 0
1728641534953 1.1020607948303223 0
1728641534996 1.1305201053619385 0
1728641535041 1.1854759454727173 0
1728641535084 1.1756623983383179 0
1728641535127 1.2198233604431152 0
1728641535170 1.2482826709747314 0
1728641535214 1.2806673049926758 0
1728641535258 1.3159960508346558 0
1728641535301 1.358194351196289 0
1728641535345 1.4033366441726685 0
