1717755079083 0.6776018179953098 0
1717755079133 0.6204760856926441 0
1717755079182 0.4851635545492172 0
1717755079228 0.4019065164029598 0
1717755079272 0.3952547274529934 0
1717755079315 0.39263071306049824 0
1717755079362 0.3920298106968403 0
1717755079406 0.3918157108128071 0
1717755079453 0.3916034419089556 0
1717755079511 0.3912807237356901 0
1717755079563 0.39103338681161404 0
1717755079610 0.39079645834863186 0
1717755079657 0.39053213596343994 0
1717755079703 0.39026389084756374 0
1717755079917 0.3899010792374611 0
1717755080012 0.38960170932114124 0
1717755080072 0.38915703631937504 0
1717755080122 0.3887485209852457 0
1717755080168 0.3883182015269995 0
1717755080212 0.3879145961254835 0
1717755080257 0.3874957952648401 0
1717755080299 0.3869506102055311 0
