1692958245332 0.6913561038672924 0
1692958245370 0.6604615747928619 0
1692958245407 0.5957415252923965 0
1692958245448 0.49694195948541164 0
1692958245486 0.42297452688217163 0
1692958245523 0.40266873501241207 0
1692958245561 0.39677270129323006 0
1692958245603 0.39357710257172585 0
1692958245641 0.39304813370108604 0
1692958245677 0.39245338179171085 0
1692958245714 0.3922495096921921 0
1692958245755 0.39197828993201256 0
1692958245793 0.3920470345765352 0
1692958245830 0.39159318804740906 0
1692958245869 0.39167267829179764 0
1692958245909 0.3916078917682171 0
1692958245947 0.39130869694054127 0
1692958245986 0.39092627353966236 0
1692958246022 0.39105683006346226 0
1692958246065 0.39090050384402275 0
1692958246103 0.39045723527669907 0
1692958246140 0.3901851698756218 0
