1688724745086 0.8291666507720947 0
1688724745159 0.7947916388511658 0
1688724745244 0.828125 0
1688724745318 0.8218749761581421 0
1688724745389 0.9020833373069763 0
1688724745677 0.9239583611488342 0
1688724745846 0.9458333253860474 0
1688724745972 0.96875 0
1688724746123 0.9885416626930237 0
1688724746255 1.0291666984558105 0
1688724746382 1.0499999523162842 0
1688724746475 1.1114583015441895 0
1688724746605 1.1135417222976685 0
1688724746807 1.149999976158142 0
1688724746893 1.1760417222976685 0
