1688724745081 0.6716835498809814 0
1688724745154 0.5962363223234812 0
1688724745240 0.44632959564526875 0
1688724745314 0.39640208979447683 0
1688724745385 0.39317489564418795 0
1688724745672 0.3926269600788752 0
1688724745826 0.3924252152442932 0
1688724745968 0.39209804534912107 0
1688724746119 0.391896253824234 0
1688724746244 0.3916659285624822 0
1688724746375 0.39143383701642354 0
1688724746470 0.3912538429101308 0
1688724746600 0.3909628798564275 0
1688724746801 0.39065550168355306 0
1688724746882 0.3903459131717682 0
