1728036740007 0.8035363554954529 0
1728036740043 0.8113948702812195 0
1728036740076 0.8074656128883362 0
1728036740110 0.8231827020645142 0
1728036740143 0.8113948702812195 0
1728036740176 0.800589382648468 0
1728036740209 0.8015717267990112 0
1728036740242 0.8035363554954529 0
1728036740274 0.8015717267990112 0
1728036740307 0.8035363554954529 0
1728036740340 0.8015717267990112 0
1728036740378 0.8143418431282043 0
1728036740412 0.826129674911499 0
1728036740446 0.8536345958709717 0
1728036740483 0.8644400835037231 0
1728036740517 0.9076620936393738 0
1728036740551 0.943025529384613 0
1728036740586 0.9675834774971008 0
1728036740621 0.958742618560791 0
1728036740655 0.9705304503440857 0
1728036740689 0.9833005666732788 0
1728036740724 0.9921414256095886 0
1728036740773 1.009823203086853 0
1728036740814 1.0068762302398682 0
1728036740853 1.0206286907196045 0
1728036740891 1.028487205505371 0
