1728036739998 0.6902463957667351 0
1728036740034 0.681801550090313 0
1728036740067 0.6693580746650696 0
1728036740101 0.6497679576277733 0
1728036740134 0.6191104054450989 0
1728036740167 0.5746693834662437 0
1728036740200 0.5185461677610874 0
1728036740233 0.46235466375947 0
1728036740266 0.4229128025472164 0
1728036740298 0.4065479040145874 0
1728036740332 0.4015926755964756 0
1728036740367 0.39761341735720634 0
1728036740402 0.3944433368742466 0
1728036740437 0.3931230269372463 0
1728036740474 0.39266514405608177 0
1728036740508 0.3923446275293827 0
1728036740542 0.39213160425424576 0
1728036740577 0.39200105890631676 0
1728036740612 0.3918827585875988 0
1728036740646 0.3917967565357685 0
1728036740680 0.3917113319039345 0
1728036740715 0.39160796254873276 0
1728036740750 0.3915235288441181 0
1728036740803 0.3914252072572708 0
1728036740843 0.3913394436240196 0
1728036740881 0.39123469963669777 0
