1693563086847 0.8345398306846619 0
1693563087163 0.8252326846122742 0
1693563087475 0.8262668251991272 0
1693563087786 0.8273009061813354 0
1693563088017 0.8407445549964905 0
1693563088333 0.8428128361701965 0
1693563088643 0.8924508690834045 0
1693563088871 0.9224405288696289 0
1693563088978 0.950361967086792 0
1693563089125 0.9720786213874817 0
1693563089314 0.9813857078552246 0
1693563089622 0.9658738374710083 0
1693563089934 0.9782833456993103 0
1693563090248 1.0093071460723877 0
1693563090677 1.025853157043457 0
1693563090986 1.0548087358474731 0
1693563091298 1.0289555788040161 0
1693563091618 1.023784875869751 0
1693563091931 1.0589451789855957 0
