1716545491691 0.6867652647197247 0
1716545491722 0.6691528894007206 0
1716545491753 0.6324564553797245 0
1716545491785 0.5573138669133186 0
1716545491816 0.45740555599331856 0
1716545491847 0.4064000565558672 0
1716545491879 0.3977711722254753 0
1716545491910 0.39401433803141117 0
1716545491941 0.39293287694454193 0
1716545491973 0.39261665381491184 0
1716545492004 0.3924612030386925 0
1716545492035 0.3923152908682823 0
1716545492066 0.39222021773457527 0
1716545492097 0.3921774234622717 0
1716545492128 0.39205225370824337 0
1716545492161 0.3919530529528856 0
1716545492192 0.39186431281268597 0
1716545492223 0.39172868989408016 0
1716545492254 0.3916588854044676 0
1716545492285 0.3914682902395725 0
1716545492317 0.39140692353248596 0
1716545492348 0.3913254924118519 0
1716545492379 0.3911817576736212 0
1716545492410 0.3910198602825403 0
1716545492441 0.39092095009982586 0
1716545492472 0.39081556163728237 0
1716545492503 0.3906845021992922 0
