1694167808346 0.7778925895690918 0
1694167808387 0.7840909361839294 0
1694167808427 0.7820248007774353 0
1694167808467 0.7985537052154541 0
1694167808537 0.797520637512207 0
1694167808577 0.7913222908973694 0
1694167808620 0.7902892827987671 0
1694167808665 0.7737603187561035 0
1694167808704 0.797520637512207 0
1694167808743 0.8099173307418823 0
1694167808783 0.8068181872367859 0
1694167808821 0.807851254940033 0
1694167808861 0.8047520518302917 0
1694167808900 0.7944214940071106 0
1694167808940 0.7995867729187012 0
1694167808980 0.7964876294136047 0
1694167809019 0.7995867729187012 0
1694167809058 0.797520637512207 0
1694167809097 0.8026859760284424 0
1694167809136 0.8099173307418823 0
1694167809176 0.8068181872367859 0
1694167809216 0.8419421315193176 0
1694167809254 0.8522727489471436 0
1694167809294 0.8605371713638306 0
1694167809333 0.8481404781341553 0
1694167809374 0.8533057570457458 0
1694167809416 0.8801652789115906 0
1694167809455 0.8894628286361694 0
1694167809495 0.9111570119857788 0
1694167809535 0.9111570119857788 0
1694167809575 0.8956611752510071 0
1694167809614 0.9276859760284424 0
1694167809653 0.9442148804664612 0
1694167809692 0.9431818127632141 0
1694167809732 0.9462810158729553 0
1694167809771 0.9586777091026306 0
1694167809810 0.9431818127632141 0
1694167809849 0.952479362487793 0
1694167809888 0.9369834661483765 0
1694167809927 0.9586777091026306 0
1694167809967 0.9493801593780518 0
1694167810007 0.9504132270812988 0
1694167810045 0.9493801593780518 0
1694167810083 0.9566115736961365 0
1694167810125 0.9659090638160706 0
1694167810164 0.9597107172012329 0
1694167810204 0.9679751992225647 0
1694167810243 0.9731404781341553 0
1694167810283 0.9876033067703247 0
1694167810322 0.9876033067703247 0
1694167810363 0.9721074104309082 0
1694167810403 0.9907024502754211 0
1694167810444 0.9793388247489929 0
1694167810484 0.9927685856819153 0
1694167810524 0.9948347210884094 0
1694167810565 1.0196280479431152 0
1694167810606 1.0196280479431152 0
1694167810646 1.0278925895690918 0
