1694167808341 0.6945922635495663 0
1694167808382 0.6903399005532265 0
1694167808423 0.6853040866553783 0
1694167808462 0.679016824811697 0
1694167808502 0.670448862016201 0
1694167808572 0.6585804596543312 0
1694167808615 0.6418301649391651 0
1694167808657 0.6190487816929817 0
1694167808699 0.58897939696908 0
1694167808738 0.552302859723568 0
1694167808778 0.5121366959065199 0
1694167808817 0.472990145906806 0
1694167808856 0.44071442633867264 0
1694167808895 0.41801014356315136 0
1694167808935 0.4055025037378073 0
1694167808975 0.3992897551506758 0
1694167809014 0.3964472580701113 0
1694167809053 0.39485603757202625 0
1694167809092 0.3946086745709181 0
1694167809132 0.3939166981726885 0
1694167809172 0.39363174326717854 0
1694167809211 0.39304917864501476 0
1694167809250 0.3930564168840647 0
1694167809289 0.3928500786423683 0
1694167809328 0.39282526075839996 0
1694167809369 0.39282112196087837 0
1694167809411 0.39256343245506287 0
1694167809450 0.39259543642401695 0
1694167809490 0.39242488145828247 0
1694167809530 0.3923798855394125 0
1694167809570 0.39247268438339233 0
1694167809610 0.39226452447474003 0
1694167809648 0.39222192391753197 0
1694167809687 0.39212523587048054 0
1694167809727 0.3922685980796814 0
1694167809766 0.3922084588557482 0
1694167809805 0.39224387891590595 0
1694167809844 0.3921771366149187 0
1694167809883 0.3920044954866171 0
1694167809922 0.392033027485013 0
1694167809962 0.3920701574534178 0
1694167810001 0.3917577639222145 0
1694167810041 0.3919130675494671 0
1694167810079 0.3917559366673231 0
1694167810120 0.3919675461947918 0
1694167810160 0.3918331749737263 0
1694167810199 0.39172285608947277 0
1694167810239 0.39187929779291153 0
1694167810278 0.391691654920578 0
1694167810318 0.3916532937437296 0
1694167810358 0.39162236265838146 0
1694167810398 0.3914200309664011 0
1694167810439 0.3916432335972786 0
1694167810479 0.39140542782843113 0
1694167810519 0.3913583941757679 0
1694167810560 0.3914904110133648 0
1694167810601 0.3912648428231478 0
1694167810641 0.39145204424858093 0
