1705054269686 0.7896341681480408 0
1705054269732 0.8079268336296082 0
1705054269780 0.8140243887901306 0
1705054269826 0.8109756112098694 0
1705054269879 0.8221544623374939 0
1705054269937 0.8373983502388 0
1705054270001 0.8475610017776489 0
1705054270074 0.9034552574157715 0
1705054270141 0.9380081295967102 0
1705054270194 0.9664633870124817 0
1705054270249 0.957317054271698 0
1705054270300 1.0071138143539429 0
1705054270353 1.0376015901565552 0
1705054270434 1.0579267740249634 0
1705054270527 1.1087398529052734 0
1705054270608 1.1016260385513306 0
1705054270660 1.169715404510498 0
1705054270717 1.1676828861236572 0
1705054270897 1.215447187423706 0
1705054271253 1.237804889678955 0
