1705054269680 0.6846804599608144 0
1705054269725 0.6506994981919566 0
1705054269773 0.5693031299498773 0
1705054269820 0.46463335233349956 0
1705054269870 0.41302729229773244 0
1705054269931 0.39870560457629545 0
1705054269994 0.3942567590744265 0
1705054270064 0.39282291454653584 0
1705054270134 0.3922748863697052 0
1705054270187 0.3920165992552234 0
1705054270243 0.39181953284048265 0
1705054270293 0.39163717819798377 0
1705054270345 0.3914565049832867 0
1705054270423 0.3912714979340953 0
1705054270519 0.39108301843366317 0
1705054270598 0.39087740548195377 0
1705054270653 0.39063585285217534 0
1705054270710 0.3904408466431402 0
1705054270887 0.3901480205597416 0
1705054271234 0.38985307851145345 0
