1691143915856 0.8431983590126038 0
1691143915951 0.8276219964027405 0
1691143916054 0.8234683275222778 0
1691143916200 0.9262720942497253 0
1691143916342 0.9574247002601624 0
1691143916509 0.9553478956222534 0
1691143916635 0.9937694668769836 0
1691143916768 1.0114226341247559 0
1691143916907 1.0716511011123657 0
1691143917109 1.0955348014831543 0
1691143917380 1.0737279653549194 0
1691143917582 1.1412253379821777 0
1691143917778 1.1993769407272339 0
1691143917867 1.2450674772262573 0
1691143917946 1.328141212463379 0
1691143918022 1.3146417140960693 0
1691143918265 1.376947045326233 0
1691143918395 1.397715449333191 0
1691143918561 1.4517134428024292 0
1691143918679 1.4309449195861816 0
1691143918825 1.533748745918274 0
1691143919100 1.6490135192871094 0
