1691748849461 0.6901255995035172 0
1691748849554 0.6759860776364803 0
1691748849633 0.6530133187770844 0
1691748849719 0.6045665629208088 0
1691748849811 0.5196858681738377 0
1691748849907 0.43187456764280796 0
1691748850005 0.3993065468966961 0
1691748850089 0.39583120681345463 0
1691748850163 0.3934288341552019 0
1691748850272 0.3927339166402817 0
1691748850368 0.39252568036317825 0
1691748850448 0.39246819354593754 0
1691748850535 0.3922586049884558 0
1691748850627 0.3918664660304785 0
1691748850719 0.39181664399802685 0
1691748850804 0.3918574247509241 0
1691748850895 0.39184997230768204 0
