1691748849475 0.7863070368766785 0
1691748849560 0.7614107728004456 0
1691748849638 0.7572613954544067 0
1691748849735 0.7655601501464844 0
1691748849816 0.7811203598976135 0
1691748849923 0.7904564142227173 0
1691748850011 0.7831950187683105 0
1691748850095 0.7946057915687561 0
1691748850176 0.841286301612854 0
1691748850278 0.8703319430351257 0
1691748850373 0.9118257164955139 0
1691748850460 0.9024896025657654 0
1691748850550 0.9149377346038818 0
1691748850633 0.9242738485336304 0
1691748850727 0.9460580945014954 0
1691748850817 0.9512448310852051 0
1691748850905 0.9408713579177856 0
