1721383876242 0.6900058537721634 0
1721383876271 0.6862332969903946 0
1721383876299 0.6823278516530991 0
1721383876327 0.6779813468456268 0
1721383876355 0.672705739736557 0
1721383876383 0.6660853177309036 0
1721383876411 0.6575687527656555 0
1721383876439 0.6466587260365486 0
1721383876467 0.6328757926821709 0
1721383876495 0.6160679534077644 0
1721383876523 0.5963676571846008 0
1721383876551 0.573967270553112 0
1721383876578 0.549590565264225 0
1721383876606 0.524271234869957 0
1721383876634 0.49931957200169563 0
1721383876662 0.47623103484511375 0
1721383876690 0.4560053236782551 0
1721383876718 0.4394689127802849 0
1721383876747 0.4268990345299244 0
1721383876785 0.41768206283450127 0
1721383876814 0.4113224297761917 0
1721383876843 0.4068676047027111 0
1721383876871 0.40372636914253235 0
1721383876900 0.401415653526783 0
1721383876928 0.3996442034840584 0
1721383876957 0.3981170505285263 0
1721383876986 0.3969855234026909 0
1721383877014 0.3960421569645405 0
1721383877042 0.3953084833920002 0
1721383877070 0.3947063907980919 0
1721383877098 0.39425595477223396 0
1721383877126 0.3938492685556412 0
1721383877154 0.39354683831334114 0
1721383877183 0.393275361508131 0
1721383877210 0.3930700942873955 0
1721383877238 0.3928865119814873 0
1721383877266 0.39274000003933907 0
1721383877294 0.39261454716324806 0
1721383877322 0.39252085983753204 0
1721383877349 0.39242156222462654 0
1721383877378 0.3923310935497284 0
1721383877405 0.39226119965314865 0
1721383877433 0.39221157878637314 0
1721383877462 0.3921610675752163 0
1721383877490 0.3920898661017418 0
1721383877517 0.3920654021203518 0
1721383877545 0.392007227987051 0
1721383877573 0.3919653333723545 0
1721383877602 0.39193040132522583 0
1721383877630 0.39189667254686356 0
1721383877658 0.3918475992977619 0
1721383877686 0.3918144442141056 0
1721383877715 0.39177780970931053 0
1721383877743 0.39175331965088844 0
1721383877771 0.39171430468559265 0
1721383877800 0.3916827626526356 0
1721383877828 0.39167075976729393 0
1721383877857 0.39162129536271095 0
1721383877885 0.3915955647826195 0
1721383877915 0.3915678560733795 0
1721383877943 0.39153917133808136 0
1721383877971 0.39148859307169914 0
1721383877999 0.3914511352777481 0
1721383878027 0.3914300687611103 0
1721383878056 0.3913983479142189 0
1721383878083 0.3913545310497284 0
1721383878111 0.3913257494568825 0
