1721383876250 0.7797619104385376 0
1721383876278 0.7936508059501648 0
1721383876307 0.795634925365448 0
1721383876335 0.7876983880996704 0
1721383876363 0.8025793433189392 0
1721383876391 0.783730149269104 0
1721383876419 0.8115079402923584 0
1721383876447 0.8055555820465088 0
1721383876475 0.8204365372657776 0
1721383876503 0.8125 0
1721383876531 0.8105158805847168 0
1721383876558 0.8105158805847168 0
1721383876586 0.8045634627342224 0
1721383876614 0.8045634627342224 0
1721383876642 0.8105158805847168 0
1721383876670 0.7976190447807312 0
1721383876698 0.807539701461792 0
1721383876726 0.8025793433189392 0
1721383876758 0.800595223903656 0
1721383876793 0.800595223903656 0
1721383876822 0.800595223903656 0
1721383876851 0.800595223903656 0
1721383876879 0.8015872836112976 0
1721383876907 0.8045634627342224 0
1721383876936 0.8045634627342224 0
1721383876965 0.8035714030265808 0
1721383876994 0.8025793433189392 0
1721383877022 0.7996031641960144 0
1721383877050 0.8035714030265808 0
1721383877078 0.8085317611694336 0
1721383877106 0.817460298538208 0
1721383877134 0.8194444179534912 0
1721383877162 0.8303571343421936 0
1721383877190 0.8472222089767456 0
1721383877218 0.8571428656578064 0
1721383877246 0.8492063283920288 0
1721383877274 0.863095223903656 0
1721383877301 0.8680555820465088 0
1721383877329 0.8680555820465088 0
1721383877357 0.8730158805847168 0
1721383877385 0.8789682388305664 0
1721383877413 0.891865074634552 0
1721383877441 0.9097222089767456 0
1721383877470 0.9186508059501648 0
1721383877497 0.9275793433189392 0
1721383877525 0.9355158805847168 0
1721383877553 0.9503968358039856 0
1721383877581 0.9553571343421936 0
1721383877609 0.9414682388305664 0
1721383877637 0.9444444179534912 0
1721383877666 0.949404776096344 0
1721383877694 0.9434523582458496 0
1721383877723 0.9563491940498352 0
1721383877751 0.9652777910232544 0
1721383877779 0.9632936716079712 0
1721383877808 0.976190447807312 0
1721383877836 0.976190447807312 0
1721383877865 0.983134925365448 0
1721383877893 0.9861111044883728 0
1721383877923 0.9980158805847168 0
1721383877951 1.0079364776611328 0
1721383877978 1.0208333730697632 0
1721383878007 1.0158730745315552 0
1721383878035 1.0168651342391968 0
1721383878063 1.0178571939468384 0
1721383878091 1.0218254327774048 0
1721383878119 1.0376983880996704 0
