1711102296366 0.7683786749839783 0
1711102296408 0.7724068760871887 0
1711102296449 0.7744209170341492 0
1711102296487 0.7895267009735107 0
1711102296533 0.790533721446991 0
1711102296575 0.8066465258598328 0
1711102296615 0.807653546333313 0
1711102296656 0.8126888275146484 0
1711102296709 0.8066465258598328 0
1711102296759 0.8066465258598328 0
1711102296869 0.8046324253082275 0
1711102296920 0.807653546333313 0
1711102296970 0.8177240490913391 0
1711102297017 0.8187311291694641 0
1711102297080 0.8197381496429443 0
1711102297139 0.8207452297210693 0
1711102297209 0.8197381496429443 0
1711102297412 0.82578045129776 0
1711102297465 0.8378650546073914 0
1711102297523 0.8378650546073914 0
1711102297574 0.8479355573654175 0
1711102297627 0.8499496579170227 0
1711102297678 0.8499496579170227 0
1711102297843 0.8479355573654175 0
1711102297950 0.8449143767356873 0
1711102298000 0.8539778590202332 0
1711102298052 0.8408861756324768 0
1711102298104 0.8298086524009705 0
1711102298150 0.8580060601234436 0
1711102298203 0.8590130805969238 0
1711102298257 0.8569989800453186 0
1711102298301 0.886203408241272 0
1711102298362 0.8882175087928772 0
1711102298416 0.8771399855613708 0
1711102298464 0.8952668905258179 0
1711102298518 0.903323233127594 0
1711102298567 0.9194360375404358 0
1711102298615 0.922457218170166 0
1711102298708 0.9264854192733765 0
1711102298749 0.9284995198249817 0
1711102298795 0.9365558624267578 0
1711102298934 0.9496475458145142 0
1711102298989 0.9536757469177246 0
1711102299041 0.9556898474693298 0
