1732875223428 0.6706554398817175 0
1732875223488 0.5976255501017851 0
1732875223551 0.4515736453673419 0
1732875223626 0.3997798562049866 0
1732875223691 0.39324499579036937 0
1732875223755 0.39250725507736206 0
1732875223819 0.3920197118731106 0
1732875223884 0.39178820042049184 0
1732875223949 0.39156683578210716 0
1732875224010 0.3914825916290283 0
1732875224069 0.3911275109824012 0
1732875224132 0.39097799974329334 0
1732875224199 0.39055234895033 0
1732875224259 0.3899939849096186 0
1732875224318 0.3894640575436985 0
1732875224376 0.3891409968628603 0
1732875224437 0.3877940949271707 0
1732875224502 0.3883604214471929 0
1732875224566 0.3877667819752413 0
