1732875223438 0.8157894611358643 0
1732875223498 0.8391813039779663 0
1732875223560 0.8050682544708252 0
1732875223636 0.8888888955116272 0
1732875223701 0.9376218318939209 0
1732875223765 0.943469762802124 0
1732875223829 0.9454191327095032 0
1732875223894 0.9346978664398193 0
1732875223959 0.971734881401062 0
1732875224020 1.0097465515136719 0
1732875224079 1.0321637392044067 0
1732875224142 1.100389838218689 0
1732875224209 1.077972650527954 0
1732875224268 1.1559454202651978 0
1732875224327 1.2056530714035034 0
1732875224386 1.1881091594696045 0
1732875224449 1.2339180707931519 0
1732875224512 1.1949317455291748 0
1732875224576 1.3138401508331299 0
