1709892711283 0.6767405636848942 0
1709892711370 0.6083664663376347 0
1709892711500 0.4598771352921763 0
1709892711560 0.39820891811001685 0
1709892711732 0.3935515380674793 0
1709892711794 0.3928874846427671 0
1709892711860 0.3926986177121439 0
1709892711924 0.3924914204305218 0
1709892711991 0.3923216587112796 0
1709892712054 0.392098049002309 0
1709892712118 0.3919088254051824 0
1709892712181 0.39175138550419963 0
1709892712244 0.3915819237309118 0
1709892712317 0.3913320802873181 0
1709892712395 0.39106642719238033 0
1709892712600 0.3908435865756004 0
1709892712661 0.39061212828082426 0
1709892712721 0.39034022054364603 0
1709892712782 0.39003723571377413 0
1709892712842 0.3897314062041621 0
1709892712903 0.38939440346533255 0
1709892712963 0.3890940604671355 0
1709892713126 0.3887409846628866 0
1709892713190 0.3883307085883233 0
1709892713256 0.38796965633669206 0
1709892713324 0.38753012111110074 0
