1714731266403 0.8198198080062866 0
1714731266457 0.7857857942581177 0
1714731266511 0.8308308124542236 0
1714731266566 0.8538538813591003 0
1714731266619 0.8418418169021606 0
1714731266686 0.9079079031944275 0
1714731266749 0.9529529809951782 0
1714731266909 0.9699699878692627 0
1714731267054 1.0050050020217896 0
1714731267112 1.045045018196106 0
1714731267166 1.0690690279006958 0
1714731267219 1.1381381750106812 0
1714731267273 1.162162184715271 0
1714731267326 1.2562562227249146 0
1714731267380 1.2242242097854614 0
1714731267432 1.2722722291946411 0
1714731267483 1.3523523807525635 0
1714731267537 1.4534534215927124 0
1714731267588 1.4634634256362915 0
