1686305416465 0.7981171607971191 0
1686305416498 0.810669481754303 0
1686305416530 0.8253138065338135 0
1686305416563 0.8305439352989197 0
1686305416594 0.8305439352989197 0
1686305416626 0.8274058699607849 0
1686305416656 0.8127614855766296 0
1686305416688 0.8169456124305725 0
1686305416720 0.8158996105194092 0
1686305416751 0.8305439352989197 0
1686305416782 0.8692468404769897 0
1686305416815 0.9361924529075623 0
1686305416849 0.918410062789917 0
1686305416883 0.9278242588043213 0
1686305416915 0.9497907757759094 0
1686305416947 0.9707112908363342 0
1686305416979 0.9958158731460571 0
1686305417010 1.0052300691604614 0
1686305417044 1.0 0
1686305417076 1.0313807725906372 0
1686305417107 1.0554393529891968 0
1686305417138 1.0439330339431763 0
1686305417170 1.0826359987258911 0
