1686305416461 0.6918722987174988 0
1686305416493 0.6814077198505402 0
1686305416526 0.6667835712432861 0
1686305416559 0.6427709460258484 0
1686305416590 0.6019924953579903 0
1686305416621 0.5404545813798904 0
1686305416652 0.4696281924843788 0
1686305416683 0.418927825987339 0
1686305416716 0.403001144528389 0
1686305416747 0.3994796387851238 0
1686305416778 0.3946378044784069 0
1686305416810 0.3926941454410553 0
1686305416845 0.39256804436445236 0
1686305416879 0.39228038489818573 0
1686305416911 0.39201339706778526 0
1686305416942 0.391884159296751 0
1686305416975 0.3917379006743431 0
1686305417006 0.39162643253803253 0
1686305417040 0.3915444128215313 0
1686305417072 0.3914310820400715 0
1686305417103 0.39134126529097557 0
1686305417134 0.3911975845694542 0
1686305417166 0.3910856731235981 0
