1691143919384 0.8348909616470337 0
1691143919536 0.8785046935081482 0
1691143919640 0.9574247002601624 0
1691143919764 1.0145379304885864 0
1691143919913 1.1028037071228027 0
1691143920113 1.1329180002212524 0
1691143920213 1.2211837768554688 0
1691143920302 1.3634475469589233 0
1691143920392 1.4330217838287354 0
1691143920474 1.4922118186950684 0
1691143920556 1.6915887594223022 0
1691143920694 1.8213914632797241 0
1691143920788 1.8722741603851318 0
1691143920868 2.0903427600860596 0
1691143920947 2.0965731143951416 0
1691143921029 2.145379066467285 0
1691143921109 2.2180685997009277 0
1691143921191 2.2419521808624268 0
