1725012768621 0.6649041995406151 0
1725012768706 0.47137333545833826 0
1725012768787 0.39771868009120226 0
1725012768860 0.3925447529181838 0
1725012768938 0.39199228398501873 0
1725012769017 0.3916249889880419 0
1725012769091 0.3911916483193636 0
1725012769166 0.3905440839007497 0
1725012769240 0.38995483703911304 0
1725012769312 0.3893896071240306 0
1725012769579 0.38861908949911594 0
1725012769658 0.38790064956992865 0
1725012769732 0.38699887320399284 0
1725012769803 0.3859623894095421 0
1725012769884 0.38490827195346355 0
