1725012768634 0.790926992893219 0
1725012768717 0.7899408340454102 0
1725012768798 0.8757396340370178 0
1725012768872 0.9566075205802917 0
1725012768949 1.0256410837173462 0
1725012769028 1.0729782581329346 0
1725012769103 1.1084812879562378 0
1725012769177 1.178501009941101 0
1725012769251 1.215976357460022 0
1725012769323 1.3195266723632812 0
1725012769595 1.3767257928848267 0
1725012769669 1.4408284425735474 0
1725012769743 1.5187376737594604 0
1725012769815 1.6035503149032593 0
1725012769895 1.6528599262237549 0
