1720779073634 0.7020682394504547 0
1720779073665 0.6982694119215012 0
1720779073699 0.694815881550312 0
1720779073734 0.6913303658366203 0
1720779073769 0.6874197870492935 0
1720779073800 0.6825467124581337 0
1720779073842 0.676115371286869 0
1720779073877 0.6673097759485245 0
1720779073914 0.6555467620491982 0
1720779073952 0.6402498632669449 0
1720779073985 0.6209058985114098 0
1720779074019 0.5967974737286568 0
1720779074052 0.5677834004163742 0
1720779074090 0.5348445847630501 0
1720779074126 0.500202339142561 0
1720779074163 0.4678489416837692 0
1720779074198 0.44147779792547226 0
1720779074235 0.4228866994380951 0
1720779074268 0.41142789646983147 0
1720779074299 0.40497108921408653 0
1720779074329 0.40114979445934296 0
1720779074360 0.3986651748418808 0
1720779074391 0.39679593965411186 0
1720779074423 0.395516075193882 0
1720779074497 0.39454445615410805 0
1720779074582 0.3938802368938923 0
1720779074613 0.393411573022604 0
1720779074643 0.39306623861193657 0
1720779074674 0.39285625889897346 0
1720779074707 0.3926527462899685 0
1720779074742 0.39252595603466034 0
1720779074814 0.39241474121809006 0
1720779075093 0.39232921600341797 0
1720779075247 0.39227112010121346 0
1720779075282 0.39223260432481766 0
