1686910202941 0.6887670829892159 0
1686910202974 0.6847853139042854 0
1686910203006 0.6803291812539101 0
1686910203038 0.6739925220608711 0
1686910203069 0.6648658663034439 0
1686910203100 0.6511779949069023 0
1686910203131 0.6314306482672691 0
1686910203162 0.6039921268820763 0
1686910203194 0.5692398324608803 0
1686910203229 0.5286886692047119 0
1686910203260 0.4862489812076092 0
1686910203291 0.44930424913764 0
1686910203322 0.42368636280298233 0
1686910203352 0.409752007573843 0
1686910203382 0.40354011952877045 0
1686910203413 0.4003683961927891 0
1686910203443 0.39794260635972023 0
1686910203479 0.39596088975667953 0
1686910203510 0.39473365992307663 0
1686910203543 0.393799252808094 0
1686910203575 0.3933805897831917 0
1686910203608 0.3929377906024456 0
1686910203639 0.3927966058254242 0
1686910203670 0.3926183208823204 0
1686910203700 0.3923981413245201 0
1686910203733 0.39225420728325844 0
1686910203764 0.3921600319445133 0
1686910203796 0.39223524183034897 0
1686910203827 0.3920487053692341 0
1686910203858 0.39203477278351784 0
1686910203889 0.3919020742177963 0
1686910203920 0.39183535799384117 0
1686910203952 0.3917417339980602 0
