1686910202945 0.7638453245162964 0
1686910202978 0.777429461479187 0
1686910203011 0.7607105374336243 0
1686910203042 0.7711598873138428 0
1686910203073 0.7889237403869629 0
1686910203104 0.792058527469635 0
1686910203135 0.8045976758003235 0
1686910203166 0.8087774515151978 0
1686910203198 0.8119122385978699 0
1686910203233 0.7993730306625366 0
1686910203264 0.8025078177452087 0
1686910203295 0.8140020966529846 0
1686910203326 0.8119122385978699 0
1686910203356 0.8098223805427551 0
1686910203386 0.823406457901001 0
1686910203417 0.8265413045883179 0
1686910203448 0.8265413045883179 0
1686910203483 0.8223615288734436 0
1686910203514 0.8317659497261047 0
1686910203548 0.8798328042030334 0
1686910203579 0.8798328042030334 0
1686910203612 0.9038662314414978 0
1686910203643 0.8934169411659241 0
1686910203674 0.9132706522941589 0
1686910203704 0.9268547296524048 0
1686910203737 0.9341692924499512 0
1686910203768 0.954023003578186 0
1686910203800 0.9613375067710876 0
1686910203831 0.9644722938537598 0
1686910203862 0.9780564308166504 0
1686910203893 0.9811912178993225 0
1686910203924 0.991640567779541 0
1686910203956 0.9822361469268799 0
