1702030261515 0.6897506564855576 0
1702030261582 0.6804366521537304 0
1702030261681 0.6666156686842442 0
1702030261719 0.6426681876182556 0
1702030261765 0.6031519547104836 0
1702030261802 0.546051636338234 0
1702030261848 0.4811650086194277 0
1702030261894 0.43061407282948494 0
1702030261943 0.4074919130653143 0
1702030261984 0.39970905147492886 0
1702030262027 0.3960069213062525 0
1702030262064 0.3941458184272051 0
1702030262102 0.3929129336029291 0
1702030262135 0.3923547640442848 0
1702030262168 0.3921608794480562 0
1702030262201 0.3919751439243555 0
1702030262233 0.39180978760123253 0
1702030262266 0.3916820678859949 0
1702030262298 0.39151684381067753 0
