1702030261521 0.7897959351539612 0
1702030261607 0.813265323638916 0
1702030261690 0.8040816187858582 0
1702030261725 0.8163265585899353 0
1702030261770 0.8224489688873291 0
1702030261810 0.8367347121238708 0
1702030261856 0.8295918107032776 0
1702030261903 0.8357142806053162 0
1702030261952 0.8438775539398193 0
1702030261990 0.8622449040412903 0
1702030262033 0.8948979377746582 0
1702030262070 0.9091836810112 0
1702030262108 0.9306122660636902 0
1702030262141 0.9448979496955872 0
1702030262174 0.9489796161651611 0
1702030262206 0.940816342830658 0
1702030262239 0.940816342830658 0
1702030262272 0.9602040648460388 0
1702030262303 0.968367338180542 0
