1695982267292 0.6945469155907631 0
1695982267343 0.6931171268224716 0
1695982267391 0.691596120595932 0
1695982267443 0.6898712813854218 0
1695982267493 0.6880792304873466 0
1695982267533 0.6859239786863327 0
1695982267569 0.683657594025135 0
1695982267621 0.6810658872127533 0
1695982267657 0.6782929375767708 0
1695982267696 0.6749071702361107 0
1695982267743 0.6712988540530205 0
1695982267779 0.6673147156834602 0
1695982267817 0.6627814844250679 0
1695982267848 0.6579733416438103 0
1695982267880 0.6526424288749695 0
1695982267912 0.6465890631079674 0
1695982267942 0.640183761715889 0
1695982267973 0.6331808790564537 0
1695982268003 0.6253756806254387 0
1695982268034 0.6173426285386086 0
1695982268064 0.6084015220403671 0
1695982268095 0.598808228969574 0
1695982268125 0.5888409987092018 0
1695982268155 0.5780129283666611 0
1695982268185 0.5666965842247009 0
1695982268216 0.555443562567234 0
1695982268247 0.5435770899057388 0
1695982268278 0.5316192656755447 0
1695982268308 0.5196112468838692 0
1695982268339 0.5079806372523308 0
1695982268369 0.4965617172420025 0
1695982268400 0.4858981966972351 0
1695982268430 0.47548969462513924 0
1695982268461 0.46614909917116165 0
1695982268492 0.4573858641088009 0
1695982268522 0.449553981423378 0
1695982268553 0.44221431016921997 0
1695982268585 0.4359617941081524 0
1695982268615 0.4305853545665741 0
1695982268646 0.4259396009147167 0
1695982268680 0.42182400822639465 0
1695982268795 0.41805802285671234 0
1695982268826 0.4151584431529045 0
1695982268860 0.4126174822449684 0
1695982268893 0.4104478769004345 0
1695982268927 0.4084153063595295 0
1695982268960 0.40702297538518906 0
1695982269043 0.4055634029209614 0
1695982269076 0.4042663797736168 0
1695982269110 0.40307529643177986 0
1695982269144 0.402057234197855 0
1695982269285 0.40123144164681435 0
1695982269318 0.4006169028580189 0
1695982269350 0.3998033441603184 0
1695982269383 0.39918719232082367 0
1695982269457 0.3985254727303982 0
1695982269538 0.3980041742324829 0
1695982269578 0.39750515297055244 0
1695982269631 0.39708131924271584 0
1695982269721 0.3967737518250942 0
1695982269784 0.39640574529767036 0
1695982269826 0.39591655135154724 0
1695982269876 0.3956792615354061 0
1695982269926 0.39535951241850853 0
1695982269974 0.3952020928263664 0
1695982270024 0.39490609616041183 0
1695982270056 0.39461515843868256 0
1695982270106 0.3944125548005104 0
1695982270155 0.3943477161228657 0
1695982270189 0.3942141607403755 0
1695982270236 0.39395176991820335 0
1695982270278 0.39383357763290405 0
1695982270312 0.39363037049770355 0
1695982270357 0.39357516542077065 0
1695982270400 0.3934410624206066 0
1695982270434 0.39344848692417145 0
1695982270480 0.393177792429924 0
