1705054264835 0.7804877758026123 0
1705054264879 0.7540650367736816 0
1705054264917 0.7693089246749878 0
1705054264954 0.7682926654815674 0
1705054264990 0.772357702255249 0
1705054265024 0.7804877758026123 0
1705054265059 0.792682945728302 0
1705054265094 0.7896341681480408 0
1705054265130 0.7916666865348816 0
1705054265167 0.8506097793579102 0
1705054265206 0.9095528721809387 0
1705054265321 0.940040647983551 0
1705054265365 0.9380081295967102 0
1705054265405 0.934959352016449 0
1705054265443 0.934959352016449 0
1705054265480 0.9654471278190613 0
1705054265520 0.9684959053993225 0
1705054265560 1.0040650367736816 0
