1705054264824 0.698050431907177 0
1705054264871 0.6829549893736839 0
1705054264910 0.6596239656209946 0
1705054264948 0.6190711632370949 0
1705054264983 0.5545382127165794 0
1705054265018 0.4748104624450207 0
1705054265053 0.4166471064090729 0
1705054265088 0.40366071090102196 0
1705054265123 0.4005369506776333 0
1705054265159 0.39439908042550087 0
1705054265200 0.3928975574672222 0
1705054265314 0.3927241154015064 0
1705054265357 0.3922521658241749 0
1705054265399 0.39215806126594543 0
1705054265437 0.3920002765953541 0
1705054265474 0.3918062597513199 0
1705054265510 0.39171693101525307 0
1705054265553 0.39157066494226456 0
