1725617562310 0.7990148067474365 0
1725617562371 0.8009852170944214 0
1725617562427 0.8216748833656311 0
1725617562478 0.8068965673446655 0
1725617562528 0.7950738668441772 0
1725617562579 0.802955687046051 0
1725617562633 0.7980295419692993 0
1725617562679 0.8088669776916504 0
1725617562725 0.7980295419692993 0
1725617562773 0.8305418491363525 0
1725617562819 0.8443349599838257 0
1725617562867 0.8423645496368408 0
1725617562929 0.8463054299354553 0
1725617562981 0.866995096206665 0
1725617563033 0.9064039587974548 0
1725617563083 0.9290640354156494 0
1725617563131 0.943842351436615 0
1725617563180 0.943842351436615 0
1725617563235 0.9586206674575806 0
1725617563286 0.9655172228813171 0
1725617563333 0.984236478805542 0
