1700820632148 0.6843211343211513 0
1700820632200 0.6650762942529493 0
1700820632256 0.6237685391979833 0
1700820632353 0.5395166739340751 0
1700820632448 0.4406354177382685 0
1700820632515 0.3990458221204819 0
1700820632568 0.3941577749867593 0
1700820632619 0.39316705349952946 0
1700820632668 0.39279416107362314 0
1700820632719 0.3925442195707752 0
1700820632775 0.39241426702468624 0
1700820632828 0.39232856804324734 0
1700820632884 0.3921619999793268 0
1700820632933 0.39207788340507016 0
1700820632985 0.39195152059678107 0
