1700820632153 0.7850562930107117 0
1700820632205 0.8034800291061401 0
1700820632261 0.8116683959960938 0
1700820632371 0.8034800291061401 0
1700820632454 0.8198567032814026 0
1700820632521 0.8413510918617249 0
1700820632573 0.8648925423622131 0
1700820632624 0.9129989743232727 0
1700820632673 0.9068577289581299 0
1700820632724 0.9303991794586182 0
1700820632781 0.934493362903595 0
1700820632834 0.9447287321090698 0
1700820632889 0.9631525278091431 0
1700820632938 0.9774820804595947 0
1700820632990 1.003070592880249 0
