1685095944913 0.8081761002540588 0
1685095944963 0.7976939082145691 0
1685095945013 0.7935010194778442 0
1685095945213 0.7840670943260193 0
1685095945272 0.7976939082145691 0
1685095945328 0.857442319393158 0
1685095945456 0.901467502117157 0
1685095945506 0.9192872047424316 0
1685095945566 0.9748427867889404 0
1685095945624 0.9779874086380005 0
1685095945678 1.0104821920394897 0
1685095945733 1.0398322343826294 0
1685095945790 1.0324947834014893 0
1685095945847 1.0576519966125488 0
1685095945961 1.0817610025405884 0
1685095946026 1.1121593713760376 0
1685095946078 1.134171962738037 0
