1685095944909 0.6821327368418376 0
1685095944959 0.6528454283873241 0
1685095945009 0.5569323221842448 0
1685095945209 0.42990543842315676 0
1685095945267 0.39939738313357037 0
1685095945324 0.3941782553990682 0
1685095945452 0.3930233707030614 0
1685095945502 0.39251837929089867 0
1685095945562 0.3922463337580363 0
1685095945620 0.3920878678560257 0
1685095945674 0.3919173469146093 0
1685095945730 0.3917239248752594 0
1685095945787 0.3915305385986964 0
1685095945843 0.3913508981466293 0
1685095945958 0.3911486645539602 0
1685095946007 0.3909778565168381 0
1685095946074 0.39070854683717093 0
