1712311956382 0.7949748635292053 0
1712311956430 0.8311557769775391 0
1712311956478 0.8291457295417786 0
1712311956527 0.8271356821060181 0
1712311956574 0.8130653500556946 0
1712311956622 0.8140703439712524 0
1712311956670 0.8251256346702576 0
1712311956717 0.8120602965354919 0
1712311956766 0.8120602965354919 0
1712311956813 0.8211055397987366 0
1712311956863 0.839195966720581 0
1712311956910 0.843216061592102 0
1712311956958 0.8703517317771912 0
1712311957007 0.8824120759963989 0
1712311957055 0.9025125503540039 0
1712311957105 0.9346733689308167 0
1712311957155 0.9567838907241821 0
1712311957205 0.9618090391159058 0
1712311957253 0.9809045195579529 0
1712311957301 0.9929648041725159 0
1712311957349 0.9859296679496765 0
1712311957396 0.9949748516082764 0
1712311957444 1.0100502967834473 0
