1705659049944 0.6858590394258499 0
1705659049982 0.672973096370697 0
1705659050021 0.6531117781996727 0
1705659050058 0.6196645423769951 0
1705659050105 0.5654750317335129 0
1705659050141 0.4926779940724373 0
1705659050172 0.4257492162287235 0
1705659050203 0.3982337601482868 0
1705659050233 0.3990108072757721 0
1705659050262 0.39607132226228714 0
1705659050291 0.39285527914762497 0
1705659050322 0.3927254267036915 0
1705659050351 0.3925689682364464 0
1705659050381 0.39220215380191803 0
1705659050411 0.39218296483159065 0
1705659050440 0.39204030856490135 0
1705659050468 0.3918953016400337 0
1705659050497 0.39177636057138443 0
1705659050526 0.39166153967380524 0
1705659050554 0.39160025492310524 0
1705659050586 0.3914787657558918 0
1705659050615 0.39139003679156303 0
