1705659049953 0.8263959288597107 0
1705659049989 0.8578680157661438 0
1705659050030 0.8223350048065186 0
1705659050067 0.8060913681983948 0
1705659050111 0.8121827244758606 0
1705659050146 0.8111675381660461 0
1705659050178 0.8040609359741211 0
1705659050208 0.817258894443512 0
1705659050239 0.8081218004226685 0
1705659050268 0.886294424533844 0
1705659050297 0.9228426218032837 0
1705659050328 0.938071072101593 0
1705659050357 0.9522842764854431 0
1705659050387 0.9593908786773682 0
1705659050416 0.9604060649871826 0
1705659050445 0.965482234954834 0
1705659050474 0.9786801934242249 0
1705659050503 0.9969543218612671 0
1705659050531 0.9878172874450684 0
1705659050560 1.0121827125549316 0
1705659050591 1.020304560661316 0
1705659050621 1.0060913562774658 0
