1698401560932 0.8069815039634705 0
1698401560963 0.8080081939697266 0
1698401560993 0.8008213639259338 0
1698401561020 0.7997946739196777 0
1698401561046 0.7895277142524719 0
1698401561072 0.8223819136619568 0
1698401561098 0.8018480539321899 0
1698401561124 0.8110883235931396 0
1698401561150 0.8182751536369324 0
1698401561177 0.8172484636306763 0
1698401561204 0.8213552236557007 0
1698401561230 0.8336755633354187 0
1698401561256 0.8347022533416748 0
1698401561446 0.8275154232978821 0
1698401561526 0.8316221833229065 0
1698401561553 0.8305954933166504 0
1698401561579 0.8347022533416748 0
1698401561605 0.8223819136619568 0
1698401561631 0.8275154232978821 0
1698401561657 0.8459959030151367 0
1698401561682 0.8593429327011108 0
1698401561708 0.8870636820793152 0
1698401561733 0.8860369324684143 0
1698401561759 0.8911704421043396 0
1698401561785 0.8809034824371338 0
1698401561812 0.8911704421043396 0
1698401561838 0.9127309918403625 0
1698401561865 0.9229979515075684 0
1698401561891 0.929158091545105 0
1698401562011 0.9568788409233093 0
1698401562036 0.9681724905967712 0
1698401562061 0.9763860106468201 0
1698401562086 1.0 0
1698401562110 1.003080129623413 0
1698401562135 1.010266900062561 0
1698401562159 1.0195071697235107 0
1698401562184 1.0297740697860718 0
1698401562209 1.05646812915802 0
1698401562234 1.067761778831482 0
1698401562259 1.082135558128357 0
1698401562283 1.0636550188064575 0
1698401562308 1.1119096279144287 0
1698401562333 1.117043137550354 0
1698401562357 1.1098562479019165 0
1698401562382 1.1252566576004028 0
1698401562406 1.1457905769348145 0
1698401562431 1.1468172073364258 0
