1694772622478 0.8235294222831726 0
1694772622530 0.8163054585456848 0
1694772622583 0.8132094740867615 0
1694772622632 0.8173374533653259 0
1694772622684 0.8276574015617371 0
1694772622735 0.8173374533653259 0
1694772622785 0.8606811165809631 0
1694772622836 0.9040247797966003 0
1694772622886 0.9071207642555237 0
1694772622936 0.9638803005218506 0
1694772622986 0.9669762849807739 0
1694772623040 0.9865841269493103 0
1694772623088 1.0030959844589233 0
1694772623138 1.008255958557129 0
1694772623191 1.0268317461013794 0
1694772623240 1.0536636114120483 0
1694772623289 1.0701754093170166 0
1694772623338 1.07327139377594 0
