1694772622473 0.6880575902760029 0
1694772622525 0.6629293821752071 0
1694772622576 0.6069601811468601 0
1694772622627 0.5049452129751444 0
1694772622679 0.41612513177096844 0
1694772622730 0.3984858840703964 0
1694772622780 0.3944334536790848 0
1694772622831 0.392819169908762 0
1694772622881 0.39248801209032536 0
1694772622931 0.39229421876370907 0
1694772622981 0.39222374372184277 0
1694772623035 0.3919870052486658 0
1694772623083 0.39177060686051846 0
1694772623133 0.391676839441061 0
1694772623186 0.3915210422128439 0
1694772623235 0.3912529293447733 0
1694772623284 0.3911142908036709 0
1694772623333 0.3910530786961317 0
