1691143911939 0.6958462672848855 0
1691143912064 0.6861615104060019 0
1691143912190 0.6693277839691408 0
1691143912303 0.6325147901811907 0
1691143912430 0.5706164067791354 0
1691143912559 0.49864276666795054 0
1691143912641 0.44542821664964 0
1691143912724 0.41781741092281954 0
1691143912800 0.40699017913110797 0
1691143912883 0.400096885619625 0
1691143913010 0.39647790308921566 0
1691143913111 0.39450384243842096 0
1691143913235 0.39334329385911265 0
1691143913330 0.39301511068497935 0
1691143913435 0.39272378625408294 0
1691143913543 0.39247280455404715 0
1691143913600 0.392273651015374 0
1691143913841 0.3921692842437375 0
1691143913985 0.39202745403012923 0
1691143914132 0.3921422352713923 0
1691143914267 0.3920342335777898 0
1691143914405 0.3919435874108345 0
1691143914525 0.39173510093842784 0
1691143914619 0.3918224784635728 0
1691143914715 0.3917252517515613 0
1691143914913 0.3914676385541116 0
1691143914977 0.39154322589597396 0
1691143915036 0.39135316591109 0
1691143915094 0.3910851545872227 0
1691143915155 0.39117028636317097 0
1691143915265 0.39100140717721754 0
1691143915364 0.39109452116873955 0
1691143915585 0.39076126102478276 0
