1726827150895 0.7590953707695007 0
1726827150934 0.7718780636787415 0
1726827150972 0.7758111953735352 0
1726827151010 0.7935103178024292 0
1726827151105 0.7797443270683289 0
1726827151151 0.7807276248931885 0
1726827151191 0.7797443270683289 0
1726827151230 0.7826942205429077 0
1726827151266 0.8033431768417358 0
1726827151302 0.8003933429718018 0
1726827151340 0.823992133140564 0
1726827151380 0.8603736758232117 0
1726827151432 0.9075713157653809 0
1726827151488 0.9351032376289368 0
1726827151538 0.9262536764144897 0
1726827151587 0.98525071144104 0
1726827151636 0.9803343415260315 0
1726827151711 0.9931170344352722 0
