1726827150885 0.6847448647022247 0
1726827150925 0.6720709875226021 0
1726827150963 0.6519866585731506 0
1726827151001 0.6180097609758377 0
1726827151058 0.5645813494920731 0
1726827151141 0.4961758963763714 0
1726827151179 0.4365849979221821 0
1726827151221 0.4116111733019352 0
1726827151257 0.4054923579096794 0
1726827151292 0.3985358290374279 0
1726827151330 0.3944511152803898 0
1726827151368 0.3934221565723419 0
1726827151418 0.39264313876628876 0
1726827151473 0.39226168021559715 0
1726827151528 0.3921106606721878 0
1726827151573 0.3919418565928936 0
1726827151622 0.39182983711361885 0
1726827151701 0.39171507209539413 0
