1694167807517 0.8037189841270447 0
1694167807557 0.7799586653709412 0
1694167807596 0.7923553586006165 0
1694167807636 0.7789255976676941 0
1694167807675 0.78925621509552 0
1694167807713 0.7727272510528564 0
1694167807753 0.8119834661483765 0
1694167807793 0.8316115736961365 0
1694167807832 0.8646694421768188 0
1694167807871 0.9018595218658447 0
1694167807909 0.9070248007774353 0
1694167808068 0.942148745059967 0
1694167808108 0.9390496015548706 0
1694167808147 0.9638429880142212 0
1694167808186 0.9586777091026306 0
1694167808225 0.961776852607727 0
1694167808263 0.9834710955619812 0
