1692958243088 0.740165650844574 0
1692958243130 0.7484471797943115 0
1692958243175 0.7443064451217651 0
1692958243219 0.7971014380455017 0
1692958243259 0.8198757767677307 0
1692958243301 0.7991718649864197 0
1692958243344 0.8012422323226929 0
1692958243391 0.8530020713806152 0
1692958243431 0.8871635794639587 0
1692958243472 0.9285714030265808 0
1692958243516 0.9958592057228088 0
1692958243557 0.9668737053871155 0
1692958243600 0.9658384919166565 0
1692958243642 0.97826087474823 0
1692958243691 0.9824016690254211 0
1692958243734 1.003105640411377 0
1692958243778 1.002070426940918 0
1692958243818 1.0 0
1692958243865 1.0300207138061523 0
1692958243905 1.022774338722229 0
