1689934340316 0.6811849744089188 0
1689934340447 0.5960888881837169 0
1689934340574 0.42732041881930444 0
1689934340645 0.39530328492964467 0
1689934340752 0.392592643537829 0
1689934340881 0.3920462506432687 0
1689934341047 0.3916434395697809 0
1689934341174 0.39132335974324134 0
1689934341322 0.391043403456288 0
1689934341442 0.39069788590554266 0
1689934341595 0.3902566577157667 0
1689934341730 0.38975267256459883 0
1689934341836 0.3893814183050586 0
1689934341908 0.3889442788016412 0
1689934342067 0.38814267708409217 0
