1689934340321 0.82536381483078 0
1689934340452 0.8139293193817139 0
1689934340580 0.8461538553237915 0
1689934340649 0.9022868871688843 0
1689934340758 0.9459459185600281 0
1689934340895 1.011434555053711 0
1689934341052 0.987525999546051 0
1689934341208 1.0446985960006714 0
1689934341333 1.1081081628799438 0
1689934341447 1.080041527748108 0
1689934341651 1.1767151355743408 0
1689934341735 1.1964657306671143 0
1689934341842 1.2848232984542847 0
1689934341915 1.3513513803482056 0
1689934342072 1.3316007852554321 0
