1697796697227 0.8324768543243408 0
1697796697273 0.8221994042396545 0
1697796697449 0.826310396194458 0
1697796697491 0.817060649394989 0
1697796697538 0.8026721477508545 0
1697796697581 0.8211716413497925 0
1697796697629 0.8150051236152649 0
1697796697678 0.8119218945503235 0
1697796697731 0.8098663687705994 0
1697796697778 0.8232271075248718 0
1697796697835 0.8293936252593994 0
1697796697884 0.8324768543243408 0
1697796697934 0.8324768543243408 0
1697796697969 0.835560142993927 0
1697796698021 0.8417266011238098 0
1697796698061 0.8396711349487305 0
1697796698101 0.8550873398780823 0
1697796698146 0.8705036044120789 0
1697796698229 0.8725590705871582 0
1697796698281 0.8797533512115479 0
1697796698327 0.8879753351211548 0
1697796698375 0.8890030980110168 0
1697796698421 0.8961973190307617 0
1697796698462 0.8982528448104858 0
1697796698519 0.9239465594291687 0
1697796698570 0.9486125111579895 0
1697796698623 0.9650565385818481 0
1697796698668 0.9845837354660034 0
1697796698721 1.0041110515594482 0
1697796698773 1.0359711647033691 0
1697796698826 1.0462486743927002 0
1697796698878 1.0698869228363037 0
1697796698926 1.0770812034606934 0
1697796698975 1.091469645500183 0
1697796699024 1.128468632698059 0
1697796699080 1.1500513553619385 0
1697796699128 1.1778006553649902 0
1697796699173 1.1860226392745972 0
1697796699220 1.2158273458480835 0
1697796699269 1.218910574913025 0
1697796699316 1.2446043491363525 0
1697796699361 1.2517985105514526 0
1697796699411 1.2744090557098389 0
1697796699457 1.2774922847747803 0
1697796699520 1.3062692880630493 0
