1697796697219 0.6965394392609596 0
1697796697263 0.6876253336668015 0
1697796697366 0.6740517914295197 0
1697796697484 0.654102511703968 0
1697796697529 0.6264636069536209 0
1697796697575 0.5905509516596794 0
1697796697618 0.5484392270445824 0
1697796697672 0.5047273114323616 0
1697796697722 0.46747126057744026 0
1697796697770 0.440938301384449 0
1697796697828 0.42519399151206017 0
1697796697871 0.4153355024755001 0
1697796697926 0.4088300131261349 0
1697796697963 0.40344372391700745 0
1697796698012 0.39995649084448814 0
1697796698054 0.3974626064300537 0
1697796698095 0.3957994356751442 0
1697796698138 0.3947972431778908 0
1697796698181 0.39390697330236435 0
1697796698272 0.3932960517704487 0
1697796698319 0.39287426322698593 0
1697796698366 0.39238951727747917 0
1697796698412 0.3920867405831814 0
1697796698453 0.3919783644378185 0
1697796698512 0.3917260132730007 0
1697796698565 0.3915748558938503 0
1697796698612 0.3914187476038933 0
1697796698662 0.3911934308707714 0
1697796698711 0.3910657986998558 0
1697796698757 0.3908768445253372 0
1697796698817 0.39076225832104683 0
1697796698869 0.39061353355646133 0
1697796698918 0.3905085138976574 0
1697796698968 0.39031149074435234 0
1697796699018 0.3902050144970417 0
1697796699070 0.39004383236169815 0
1697796699117 0.38987596705555916 0
1697796699167 0.389678031206131 0
1697796699214 0.3895859643816948 0
1697796699260 0.3892749957740307 0
1697796699307 0.3891255557537079 0
1697796699355 0.3889339081943035 0
1697796699402 0.38865596801042557 0
1697796699445 0.38845890387892723 0
1697796699500 0.38829466328024864 0
