1702635036023 0.6650714605085312 0
1702635036076 0.5077829245598086 0
1702635036130 0.39687371253967285 0
1702635036182 0.39261231980016154 0
1702635036232 0.3923892936398906 0
1702635036282 0.39204418659210205 0
1702635036333 0.39164460282171926 0
1702635036384 0.3912967712648453 0
1702635036434 0.39110067871309095 0
1702635036485 0.3906480285429185 0
1702635036536 0.3903304703773991 0
1702635036588 0.38991050566396407 0
1702635036638 0.3895303780032742 0
1702635036688 0.38899375834772665 0
1702635036737 0.3884140137703188 0
1702635036790 0.3879174993884179 0
