1718964679275 0.8238806128501892 0
1718964679321 0.800000011920929 0
1718964679366 0.8089552521705627 0
1718964679411 0.8099502325057983 0
1718964679457 0.8189054727554321 0
1718964679503 0.8457711338996887 0
1718964679548 0.8805969953536987 0
1718964679594 0.902487576007843 0
1718964679640 0.9432835578918457 0
1718964679685 0.9810945391654968 0
1718964679731 0.9950248599052429 0
1718964679780 1.0099502801895142 0
1718964679826 1.0248756408691406 0
1718964679886 1.0417910814285278 0
1718964679950 1.0726368427276611 0
1718964680004 1.062686562538147 0
1718964680054 1.095522403717041 0
1718964680103 1.1452736854553223 0
1718964680151 1.1203980445861816 0
1718964680196 1.1572139263153076 0
