1718964679267 0.6842943597584963 0
1718964679313 0.6454721726477146 0
1718964679359 0.5526387477293611 0
1718964679404 0.4450799021869898 0
1718964679449 0.4041975764557719 0
1718964679495 0.3953839587047696 0
1718964679541 0.3933248231187463 0
1718964679587 0.39268285781145096 0
1718964679632 0.3922972995787859 0
1718964679677 0.392123444005847 0
1718964679723 0.3919620765373111 0
1718964679773 0.3917867410928011 0
1718964679818 0.391719663515687 0
1718964679877 0.3914853921160102 0
1718964679942 0.3913807552307844 0
1718964679996 0.3912152647972107 0
1718964680047 0.3909983318299055 0
1718964680095 0.3907785452902317 0
1718964680143 0.39064391423016787 0
1718964680189 0.39040003065019846 0
