1717150312116 0.8293412923812866 0
1717150312147 0.8502994179725647 0
1717150312177 0.8433133959770203 0
1717150312207 0.8662674427032471 0
1717150312237 0.8363273739814758 0
1717150312267 0.8073852062225342 0
1717150312297 0.8223552703857422 0
1717150312326 0.8373253345489502 0
1717150312356 0.8383233547210693 0
1717150312386 0.8592814207077026 0
1717150312416 0.8572854399681091 0
1717150312448 0.9001995921134949 0
1717150312479 0.9191616773605347 0
1717150312509 0.9600798487663269 0
1717150312538 0.9690618515014648 0
1717150312572 0.9630738496780396 0
1717150312604 0.9730538725852966 0
1717150312637 0.9710578918457031 0
1717150312671 0.9780439138412476 0
1717150312713 0.9900199770927429 0
1717150312744 1.0079840421676636 0
1717150312820 1.0269460678100586 0
1717150312896 1.0429141521453857 0
1717150312926 1.077844262123108 0
1717150312956 1.0808383226394653 0
1717150312986 1.0718562602996826 0
