1720779098777 0.6968112047761679 0
1720779098824 0.681449394673109 0
1720779098869 0.6546275094151497 0
1720779098914 0.6021891459822655 0
1720779098959 0.5219611190259457 0
1720779099003 0.44838717486709356 0
1720779099047 0.4125987906008959 0
1720779099091 0.4013465456664562 0
1720779099138 0.3966981591656804 0
1720779099183 0.3944898908957839 0
1720779099228 0.39339874126017094 0
1720779099271 0.3928997702896595 0
1720779099318 0.392598575912416 0
1720779099362 0.3924503307789564 0
1720779099406 0.39230800047516823 0
1720779099450 0.3921823054552078 0
1720779099496 0.39212548919022083 0
1720779099541 0.392007676884532 0
1720779099588 0.3919544806703925 0
1720779099633 0.3919066870585084 0
1720779099680 0.39180593006312847 0
1720779099724 0.39174180291593075 0
1720779099768 0.39164484944194555 0
1720779099814 0.39157950319349766 0
1720779099859 0.39148480352014303 0
1720779099904 0.3914004946127534 0
1720779099949 0.391317474655807 0
1720779099998 0.39123271126300097 0
1720779100048 0.39111878257244825 0
1720779100094 0.39096623845398426 0
1720779100139 0.3908994272351265 0
1720779100184 0.39082153886556625 0
