1720779098785 0.8214285969734192 0
1720779098832 0.8214285969734192 0
1720779098877 0.829365074634552 0
1720779098922 0.83432537317276 0
1720779098966 0.8184523582458496 0
1720779099011 0.8164682388305664 0
1720779099055 0.8224206566810608 0
1720779099099 0.8194444179534912 0
1720779099146 0.8134920597076416 0
1720779099191 0.8283730149269104 0
1720779099235 0.8452380895614624 0
1720779099279 0.879960298538208 0
1720779099325 0.8611111044883728 0
1720779099370 0.8948412537574768 0
1720779099414 0.903769850730896 0
1720779099458 0.913690447807312 0
1720779099504 0.9345238208770752 0
1720779099548 0.9464285969734192 0
1720779099596 0.9444444179534912 0
1720779099641 0.9652777910232544 0
1720779099688 0.95932537317276 0
1720779099731 0.9841269850730896 0
1720779099776 0.9970238208770752 0
1720779099822 1.0119047164916992 0
1720779099867 1.0029761791229248 0
1720779099912 1.0376983880996704 0
1720779099957 1.047619104385376 0
1720779100007 1.0714285373687744 0
1720779100056 1.0803571939468384 0
1720779100102 1.077380895614624 0
1720779100146 1.0823413133621216 0
1720779100192 1.0873016119003296 0
