1682678953294 0.772870659828186 0
1682678953368 0.7665615081787109 0
1682678953440 0.8044164180755615 0
1682678953513 0.7739222049713135 0
1682678953583 0.7749736905097961 0
1682678953653 0.7833859324455261 0
1682678953725 0.7939011454582214 0
1682678953793 0.7960042357444763 0
1682678953863 0.8023133277893066 0
1682678953935 0.8128286004066467 0
1682678954004 0.8170347213745117 0
1682678954074 0.8128286004066467 0
1682678954144 0.8338590860366821 0
1682678954217 0.8569926619529724 0
1682678954289 0.8885383605957031 0
1682678954360 0.8853837847709656 0
1682678954429 0.9179810881614685 0
1682678954504 0.9074658155441284 0
1682678954586 0.9116719365119934 0
1682678954659 0.9158779978752136 0
1682678954729 0.9305993914604187 0
1682678954797 0.9358569979667664 0
