1686305423201 0.6858707740902901 0
1686305423234 0.6790912225842476 0
1686305423264 0.670719675719738 0
1686305423294 0.6590529829263687 0
1686305423324 0.6420168504118919 0
1686305423355 0.6165096014738083 0
1686305423385 0.5801785588264465 0
1686305423415 0.5332607924938202 0
1686305423446 0.4815684072673321 0
1686305423476 0.43650609254837036 0
1686305423506 0.4094296805560589 0
1686305423536 0.3998258486390114 0
1686305423565 0.39760056510567665 0
1686305423595 0.3958897404372692 0
1686305423626 0.3938375897705555 0
1686305423655 0.39310718327760696 0
1686305423685 0.39272835850715637 0
1686305423714 0.39257651939988136 0
1686305423745 0.39248111471533775 0
1686305423775 0.39240873977541924 0
1686305423806 0.3923387788236141 0
1686305423838 0.39224763959646225 0
1686305423871 0.3921928070485592 0
1686305423900 0.3920970484614372 0
1686305423931 0.39208628237247467 0
1686305423961 0.3920130580663681 0
1686305423990 0.3919600211083889 0
1686305424020 0.3919307589530945 0
1686305424051 0.3917957581579685 0
1686305424080 0.3917924799025059 0
