1694772618112 0.6832530573010445 0
1694772618160 0.6465570777654648 0
1694772618206 0.5632289946079254 0
1694772618246 0.44757232442498207 0
1694772618286 0.4079605005681515 0
1694772618326 0.4035755395889282 0
1694772618368 0.3930709548294544 0
1694772618409 0.3940344676375389 0
1694772618449 0.3923013210296631 0
1694772618490 0.3920934945344925 0
1694772618530 0.3916012942790985 0
1694772618572 0.3913045898079872 0
1694772618612 0.3909622021019459 0
1694772618652 0.39073360711336136 0
1694772618691 0.3904566764831543 0
1694772618731 0.39008239284157753 0
1694772618772 0.3897542655467987 0
1694772618813 0.38942480459809303 0
1694772618854 0.3890184126794338 0
1694772618895 0.38855696842074394 0
1694772618935 0.38802529126405716 0
1694772618975 0.3874703012406826 0
1694772619016 0.38690274208784103 0
1694772619056 0.38624153286218643 0
