1711707069708 0.7927565574645996 0
1711707069774 0.8058350086212158 0
1711707069945 0.8209255337715149 0
1711707070028 0.8309859037399292 0
1711707070104 0.8661971688270569 0
1711707070172 0.8843058347702026 0
1711707070233 0.8832998275756836 0
1711707070293 0.9315895438194275 0
1711707070352 0.953722357749939 0
1711707070411 0.9607645869255066 0
1711707070473 0.9647887349128723 0
1711707070542 0.9728370308876038 0
1711707070615 0.9768611788749695 0
1711707070723 0.9758551120758057 0
1711707070850 1.0150905847549438 0
