1714731274462 0.6890210807323456 0
1714731274514 0.6848861873149872 0
1714731274564 0.6802926957607269 0
1714731274638 0.6746445372700691 0
1714731274695 0.6670698523521423 0
1714731274752 0.6567788571119308 0
1714731274806 0.6426622420549393 0
1714731274856 0.6236617341637611 0
1714731274909 0.5988694503903389 0
1714731274960 0.5682407021522522 0
1714731275010 0.5328704938292503 0
1714731275061 0.4956233873963356 0
1714731275112 0.4607597701251507 0
1714731275162 0.4326513707637787 0
1714731275214 0.41374678909778595 0
1714731275264 0.40352148562669754 0
1714731275317 0.3989497236907482 0
1714731275368 0.39673714339733124 0
1714731275422 0.3952358327805996 0
1714731275505 0.39411870762705803 0
1714731275568 0.3933486193418503 0
1714731275622 0.3928423784673214 0
1714731275684 0.3924979045987129 0
1714731275743 0.39229482784867287 0
1714731275798 0.39216189086437225 0
1714731275849 0.392030056566 0
1714731275899 0.3919530101120472 0
1714731275947 0.3918313793838024 0
1714731275996 0.39178331196308136 0
1714731276046 0.3916873522102833 0
1714731276095 0.3916419968008995 0
1714731276144 0.3915802016854286 0
1714731276193 0.39151713252067566 0
1714731276241 0.3914540633559227 0
1714731276291 0.3913624919950962 0
1714731276340 0.39130665734410286 0
1714731276390 0.39123915880918503 0
1714731276460 0.3911847732961178 0
1714731276576 0.39109407365322113 0
1714731276625 0.39102107658982277 0
1714731276676 0.39094607159495354 0
1714731276725 0.39087752252817154 0
1714731276775 0.3907852880656719 0
1714731276827 0.3907247856259346 0
1714731276879 0.3906537853181362 0
