1715335927335 0.8148148059844971 0
1715335927390 0.792792797088623 0
1715335927431 0.7877877950668335 0
1715335927474 0.7777777910232544 0
1715335927511 0.7737737894058228 0
1715335927559 0.7807807922363281 0
1715335927595 0.7727727890014648 0
1715335927755 0.7777777910232544 0
1715335927801 0.7957957983016968 0
1715335927841 0.7867867946624756 0
1715335927875 0.7767767906188965 0
1715335927906 0.7717717885971069 0
1715335927937 0.7847847938537598 0
1715335927968 0.781781792640686 0
1715335928000 0.7877877950668335 0
1715335928091 0.7907907962799072 0
1715335928158 0.7877877950668335 0
1715335928230 0.8228228092193604 0
1715335928301 0.8288288116455078 0
1715335928378 0.8318318128585815 0
1715335928412 0.8458458185195923 0
1715335928451 0.8598598837852478 0
1715335928495 0.8778778910636902 0
1715335928542 0.879879891872406 0
1715335928577 0.8878878951072693 0
1715335928723 0.9029029011726379 0
1715335928785 0.9179179072380066 0
1715335928831 0.9259259104728699 0
1715335928880 0.912912905216217 0
1715335928934 0.9179179072380066 0
1715335928982 0.9219219088554382 0
1715335929023 0.9379379153251648 0
1715335929060 0.9449449181556702 0
1715335929094 0.9289289116859436 0
1715335929129 0.935935914516449 0
1715335929160 0.9479479193687439 0
