1714126205910 0.6832323297858238 0
1714126206077 0.6469832137227058 0
1714126206112 0.568886511027813 0
1714126206147 0.45334305986762047 0
1714126206181 0.40167302265763283 0
1714126206334 0.40578044578433037 0
1714126206369 0.3936794251203537 0
1714126206403 0.39398202672600746 0
1714126206439 0.39275362342596054 0
1714126206545 0.3921331763267517 0
1714126206660 0.3919338099658489 0
1714126206711 0.39158908650279045 0
1714126206745 0.39141590893268585 0
1714126206779 0.3911643996834755 0
1714126206814 0.3909348137676716 0
