1706263834544 0.8438133597373962 0
1706263834588 0.8458417654037476 0
1706263834629 0.8326572179794312 0
1706263834671 0.8144016265869141 0
1706263834714 0.8144016265869141 0
1706263834756 0.8235294222831726 0
1706263834798 0.8945233225822449 0
1706263834840 0.9097363352775574 0
1706263834882 0.9239351153373718 0
1706263834924 0.931034505367279 0
1706263834966 0.9797160029411316 0
1706263835011 0.9888437986373901 0
1706263835054 1.0101419687271118 0
1706263835097 1.0314401388168335 0
1706263835140 1.0486814975738525 0
1706263835183 1.0831643342971802 0
1706263835224 1.0780932903289795 0
1706263835265 1.1075050830841064 0
