1706263834537 0.6857307031750679 0
1706263834581 0.65549585968256 0
1706263834622 0.5978531986474991 0
1706263834664 0.5030575171113014 0
1706263834707 0.41723331809043884 0
1706263834749 0.40451522916555405 0
1706263834790 0.4000968858599663 0
1706263834833 0.39304084703326225 0
1706263834875 0.3935853876173496 0
1706263834917 0.39254873991012573 0
1706263834959 0.392250370234251 0
1706263835003 0.3920102119445801 0
1706263835047 0.39182714745402336 0
1706263835090 0.39165568351745605 0
1706263835133 0.3914623148739338 0
1706263835176 0.39134078100323677 0
1706263835217 0.3911684788763523 0
1706263835258 0.3909476362168789 0
