1690539113427 0.6883332878351212 0
1690539113476 0.6676009967923164 0
1690539113523 0.6325752884149551 0
1690539113570 0.573134534060955 0
1690539113616 0.48979179933667183 0
1690539113663 0.4198997728526592 0
1690539113710 0.4019692540168762 0
1690539113758 0.4006290137767792 0
1690539113807 0.3939344733953476 0
1690539113855 0.392482727766037 0
1690539113900 0.3924259766936302 0
1690539113946 0.39188215509057045 0
1690539113993 0.39176807552576065 0
1690539114041 0.391561571508646 0
1690539114092 0.39140378311276436 0
1690539114140 0.3912743963301182 0
1690539114190 0.39105726405978203 0
1690539114238 0.39094239845871925 0
1690539114284 0.3907903954386711 0
