1690539113432 0.820353090763092 0
1690539113481 0.8245067596435547 0
1690539113528 0.7871235609054565 0
1690539113575 0.7850467562675476 0
1690539113621 0.7622014284133911 0
1690539113668 0.7746624946594238 0
1690539113716 0.7860851287841797 0
1690539113764 0.8026999235153198 0
1690539113812 0.8982346653938293 0
1690539113860 0.9345794320106506 0
1690539113905 0.9283488988876343 0
1690539113951 0.9470404982566833 0
1690539113998 0.9802699685096741 0
1690539114047 1.0269989967346191 0
1690539114097 1.0456905364990234 0
1690539114145 1.0508826971054077 0
1690539114196 1.0965732336044312 0
1690539114243 1.1090342998504639 0
1690539114288 1.1422637701034546 0
