1731060750245 0.8181818127632141 0
1731060750316 0.8162267804145813 0
1731060750387 0.8240469098091125 0
1731060750456 0.8914955854415894 0
1731060750528 0.9628543257713318 0
1731060750595 0.9912023544311523 0
1731060750659 1.0156402587890625 0
1731060750727 1.026392936706543 0
1731060750792 1.0811339616775513 0
1731060750857 1.114369511604309 0
1731060750922 1.13587486743927 0
1731060750989 1.2170088291168213 0
1731060751072 1.2238514423370361 0
1731060751171 1.283479928970337 0
1731060751254 1.298142671585083 0
1731060751327 1.4086021184921265 0
1731060751392 1.424242377281189 0
1731060751458 1.449657917022705 0
1731060751527 1.5366568565368652 0
1731060751594 1.6031280755996704 0
1731060751663 1.5835777521133423 0
1731060751736 1.7214076519012451 0
1731060751804 1.7448680400848389 0
1731060751890 1.7517106533050537 0
1731060751975 1.842619776725769 0
1731060752070 1.8504399061203003 0
