1731060750233 0.6731334645301104 0
1731060750305 0.5706511102616787 0
1731060750377 0.41291648615151644 0
1731060750447 0.39399631787091494 0
1731060750517 0.3925803527235985 0
1731060750585 0.39236525632441044 0
1731060750649 0.39206033758819103 0
1731060750717 0.39180753380060196 0
1731060750783 0.39154931623488665 0
1731060750847 0.3912420915439725 0
1731060750913 0.39090567734092474 0
1731060750979 0.3906187182292342 0
1731060751061 0.39020288083702326 0
1731060751159 0.38981457613408566 0
1731060751241 0.3895061770454049 0
1731060751317 0.3890861105173826 0
1731060751381 0.38864567410200834 0
1731060751447 0.3881840519607067 0
1731060751517 0.3875796077772975 0
1731060751584 0.3871148368343711 0
1731060751652 0.3864262858405709 0
1731060751727 0.38584184646606445 0
1731060751794 0.3851253194734454 0
1731060751877 0.3843048885464668 0
1731060751960 0.3834492862224579 0
1731060752058 0.38257111702114344 0
