1688119871762 0.6914177387952805 0
1688119871800 0.6770994737744331 0
1688119871837 0.6560537070035934 0
1688119871874 0.6218720301985741 0
1688119871913 0.5677481442689896 0
1688119871949 0.4968116581439972 0
1688119871985 0.4307316727936268 0
1688119872022 0.40125414729118347 0
1688119872057 0.3993257209658623 0
1688119872096 0.39656056836247444 0
1688119872140 0.39322445541620255 0
1688119872185 0.3927330859005451 0
1688119872223 0.392750546336174 0
1688119872258 0.3924124613404274 0
1688119872296 0.39232904464006424 0
1688119872334 0.3921687938272953 0
1688119872371 0.3920496478676796 0
1688119872407 0.3919416479766369 0
1688119872444 0.39189111441373825 0
1688119872482 0.39170458912849426 0
1688119872520 0.3916184641420841 0
1688119872557 0.39138053730130196 0
1688119872594 0.39136292040348053 0
