1731060762955 0.6894782111048698 0
1731060763014 0.681022921577096 0
1731060763063 0.6673519778996706 0
1731060763112 0.6445994395762682 0
1731060763161 0.609082780778408 0
1731060763210 0.5611758939921856 0
1731060763260 0.508659441024065 0
1731060763308 0.46346041187644005 0
1731060763358 0.4329416546970606 0
1731060763409 0.41601412557065487 0
1731060763461 0.40704678650945425 0
1731060763511 0.4018900180235505 0
1731060763563 0.3986704796552658 0
1731060763615 0.3965215291827917 0
1731060763666 0.39511606469750404 0
1731060763728 0.3941399259492755 0
1731060763786 0.3934724535793066 0
1731060763844 0.39300303999334574 0
1731060763904 0.39267018996179104 0
1731060763963 0.3924478264525533 0
1731060764202 0.39225245639681816 0
1731060764398 0.39212017972022295 0
1731060764548 0.39200782496482134 0
1731060764708 0.391895423643291 0
1731060764835 0.39179100561887026 0
1731060764895 0.3917095623910427 0
1731060764952 0.3916309466585517 0
1731060765008 0.39157320093363523 0
1731060765066 0.39148723520338535 0
1731060765184 0.39141333010047674 0
1731060765258 0.39133675768971443 0
1731060765315 0.3912603883072734 0
1731060765382 0.39119723811745644 0
1731060765447 0.39113001991063356 0
1731060765584 0.3910349803045392 0
1731060765727 0.39097349252551794 0
1731060765784 0.39090347569435835 0
1731060765842 0.3908214345574379 0
1731060765901 0.39071389753371477 0
1731060765959 0.39062557462602854 0
1731060766065 0.390547227114439 0
1731060766228 0.390478883869946 0
