1699611063245 0.8432376980781555 0
1699611063291 0.8206967115402222 0
1699611063335 0.8340163826942444 0
1699611063380 0.8452869057655334 0
1699611063423 0.8309426307678223 0
1699611063468 0.8360655903816223 0
1699611063515 0.8299180269241333 0
1699611063561 0.8350409865379333 0
1699611063606 0.8381147384643555 0
1699611063652 0.8657786846160889 0
1699611063698 0.8565573692321777 0
1699611063749 0.8801229596138 0
1699611063796 0.9098360538482666 0
1699611063842 0.8934426307678223 0
1699611063927 0.9262295365333557 0
1699611063971 0.943647563457489 0
