1699611063238 0.6870004419357546 0
1699611063286 0.6727695791952072 0
1699611063330 0.6432650319991573 0
1699611063374 0.5871990419203236 0
1699611063418 0.5091316353890204 0
1699611063462 0.44193869829177856 0
1699611063509 0.41025945832652433 0
1699611063556 0.39993662891849396 0
1699611063600 0.39592007187104994 0
1699611063646 0.39412456462460177 0
1699611063692 0.39324468278115793 0
1699611063740 0.39284310033244474 0
1699611063790 0.3926417221946101 0
1699611063836 0.39242564093682075 0
1699611063922 0.39230444931214853 0
1699611063965 0.3922444543530864 0
