1729851175691 0.6947729252278805 0
1729851175728 0.6885824650526047 0
1729851175763 0.6804256066679955 0
1729851175799 0.6684098616242409 0
1729851175835 0.6496011391282082 0
1729851175871 0.6206846795976162 0
1729851175906 0.5809700414538383 0
1729851175942 0.5334730818867683 0
1729851175977 0.4855855405330658 0
1729851176013 0.4467878118157387 0
1729851176048 0.42201131395995617 0
1729851176084 0.40881967172026634 0
1729851176121 0.40208770893514156 0
1729851176157 0.39839141070842743 0
1729851176192 0.39609174616634846 0
1729851176228 0.3947182148694992 0
1729851176264 0.39386647194623947 0
1729851176301 0.39334336668252945 0
1729851176338 0.3930296488106251 0
1729851176418 0.39283400401473045 0
1729851176454 0.39268249459564686 0
1729851176490 0.3925956282764673 0
1729851176525 0.39250355772674084 0
