1716545496830 0.7992007732391357 0
1716545496882 0.8251748085021973 0
1716545496933 0.8231768012046814 0
1716545496985 0.8881118893623352 0
1716545497037 0.9310689568519592 0
1716545497089 0.9550449848175049 0
1716545497140 1.0 0
1716545497191 1.060939073562622 0
1716545497244 1.075924038887024 0
1716545497295 1.0889110565185547 0
1716545497347 1.136863112449646 0
1716545497401 1.2347652912139893 0
1716545497453 1.2297701835632324 0
1716545497505 1.3366633653640747 0
1716545497557 1.377622365951538 0
1716545497609 1.4075924158096313 0
1716545497664 1.4655344486236572 0
1716545497721 1.5174825191497803 0
1716545497773 1.5674325227737427 0
