1716545496823 0.6775149218738079 0
1716545496875 0.5790841709822416 0
1716545496926 0.41828344855457544 0
1716545496978 0.3946609077975154 0
1716545497030 0.39253418054431677 0
1716545497082 0.3921044310554862 0
1716545497133 0.39178740233182907 0
1716545497184 0.3916317708790302 0
1716545497237 0.3912943797186017 0
1716545497288 0.3909563086926937 0
1716545497339 0.3906978592276573 0
1716545497394 0.3901983639225364 0
1716545497445 0.3898482285439968 0
1716545497498 0.38925235625356436 0
1716545497550 0.3888483354821801 0
1716545497601 0.3882876820862293 0
1716545497656 0.3876927690580487 0
1716545497714 0.38695100881159306 0
1716545497766 0.3862169925123453 0
