1689329546304 0.8262226581573486 0
1689329546598 0.8231009244918823 0
1689329546889 0.8231009244918823 0
1689329547266 0.8428720235824585 0
1689329547599 0.8376690745353699 0
1689329547891 0.8345473408699036 0
1689329548184 0.840790867805481 0
1689329548393 0.857440173625946 0
1689329548727 0.8428720235824585 0
1689329549019 0.8459937572479248 0
1689329549357 0.8491154909133911 0
1689329549700 0.9032257795333862 0
1689329550038 0.9386056065559387 0
1689329550080 0.9646201729774475 0
1689329550123 1.009365200996399 0
1689329550176 1.04994797706604 0
1689329550221 1.0509885549545288 0
