1698401566787 0.790554404258728 0
1698401566810 0.7895277142524719 0
1698401566831 0.802874743938446 0
1698401566853 0.7997946739196777 0
1698401566874 0.8039014339447021 0
1698401566896 0.7967146039009094 0
1698401566918 0.7997946739196777 0
1698401566939 0.7977412939071655 0
1698401566960 0.7946611642837524 0
1698401566982 0.7967146039009094 0
1698401567003 0.7977412939071655 0
1698401567025 0.8100615739822388 0
1698401567046 0.8193018436431885 0
1698401567067 0.8316221833229065 0
1698401567089 0.8285421133041382 0
1698401567110 0.8439425230026245 0
1698401567131 0.8357289433479309 0
1698401567153 0.8357289433479309 0
1698401567175 0.8449692130088806 0
1698401567196 0.8552361130714417 0
1698401567217 0.8439425230026245 0
1698401567238 0.8624230027198792 0
1698401567259 0.8870636820793152 0
1698401567281 0.8798767924308777 0
1698401567303 0.8809034824371338 0
1698401567324 0.8942505121231079 0
1698401567346 0.9106776118278503 0
1698401567367 0.9137576818466187 0
1698401567388 0.9086242318153381 0
1698401567410 0.9240246415138245 0
1698401567431 0.9404517412185669 0
1698401567453 0.9455851912498474 0
1698401567474 0.9548254609107971 0
1698401567497 0.9507187008857727 0
1698401567519 0.9568788409233093 0
1698401567541 0.975359320640564 0
1698401567563 0.9825462102890015 0
1698401567584 1.0010267496109009 0
1698401567606 1.0061601400375366 0
1698401567627 1.0123202800750732 0
1698401567648 1.045174479484558 0
1698401567669 1.0472279787063599 0
1698401567691 1.0605748891830444 0
1698401567713 1.05646812915802 0
1698401567733 1.0852155685424805 0
1698401567754 1.0893223285675049 0
