1692353426516 0.8238341808319092 0
1692353426562 0.8435233235359192 0
1692353426604 0.8373057246208191 0
1692353426646 0.8424870371818542 0
1692353426689 0.815544068813324 0
1692353426731 0.8310880661010742 0
1692353426774 0.830051839351654 0
1692353426815 0.8176165819168091 0
1692353426858 0.8248704671859741 0
1692353426899 0.8383419513702393 0
1692353426943 0.8538860082626343 0
1692353426985 0.9077720046043396 0
1692353427027 0.9336787462234497 0
1692353427070 0.9823834300041199 0
1692353427113 0.9637305736541748 0
1692353427156 0.995854914188385 0
1692353427198 1.0051813125610352 0
1692353427240 1.0259066820144653 0
1692353427282 1.0424870252609253 0
