1725012767280 0.8422091007232666 0
1725012767340 0.7998027801513672 0
1725012767401 0.807692289352417 0
1725012767461 0.8777120113372803 0
1725012767518 0.8846153616905212 0
1725012767579 0.9329388737678528 0
1725012767639 0.9792899489402771 0
1725012767701 0.9644970297813416 0
1725012767760 1.0246548652648926 0
1725012767820 1.009861946105957 0
1725012767886 1.076923131942749 0
1725012767952 1.0946745872497559 0
1725012768089 1.1410256624221802 0
1725012768149 1.2140039205551147 0
1725012768208 1.2090729475021362 0
1725012768334 1.2564102411270142 0
1725012768403 1.3727810382843018 0
1725012768468 1.4161735773086548 0
