1720174433673 0.7805362343788147 0
1720174433721 0.7547169923782349 0
1720174433770 0.794438898563385 0
1720174433819 0.7974180579185486 0
1720174433869 0.8053624629974365 0
1720174433917 0.7994041442871094 0
1720174433966 0.7984111309051514 0
1720174434015 0.8331678509712219 0
1720174434062 0.8768619894981384 0
1720174434116 0.9503475427627563 0
1720174434172 1.0039721727371216 0
1720174434226 1.0546176433563232 0
1720174434272 1.0933465957641602 0
1720174434319 1.1578947305679321 0
1720174434367 1.1698113679885864 0
1720174434414 1.2095332145690918 0
1720174434462 1.2005958557128906 0
1720174434509 1.2502483129501343 0
1720174434558 1.2830188274383545 0
1720174434606 1.3108242750167847 0
1720174434654 1.3565044403076172 0
1720174434700 1.3872889280319214 0
1720174434752 1.4160873889923096 0
1720174434803 1.4558093547821045 0
1720174434893 1.4657398462295532 0
