1720174433662 0.6794238276779652 0
1720174433711 0.6621104851365089 0
1720174433759 0.6223932430148125 0
1720174433808 0.5468390434980392 0
1720174433858 0.4638913441449404 0
1720174433906 0.41914599016308784 0
1720174433956 0.402063837274909 0
1720174434004 0.39552254043519497 0
1720174434052 0.3930027522146702 0
1720174434104 0.3920150697231293 0
1720174434161 0.39150185883045197 0
1720174434215 0.3911705482751131 0
1720174434262 0.3908214922994375 0
1720174434309 0.3905914705246687 0
1720174434356 0.3902659174054861 0
1720174434403 0.3899251129478216 0
1720174434452 0.38966596499085426 0
1720174434499 0.3893440794199705 0
1720174434548 0.388968238607049 0
1720174434595 0.38860153779387474 0
1720174434643 0.38821088150143623 0
1720174434690 0.38785693049430847 0
1720174434740 0.38735563680529594 0
1720174434791 0.3868911564350128 0
1720174434882 0.38646584562957287 0
