1695982254632 0.7806385159492493 0
1695982254692 0.78578782081604 0
1695982254769 0.809474766254425 0
1695982254845 0.8043254613876343 0
1695982254910 0.8074150085449219 0
1695982254989 0.8115345239639282 0
1695982255047 0.8753861784934998 0
1695982255115 0.8856848478317261 0
1695982255177 0.9309989809989929 0
1695982255256 0.9340885877609253 0
1695982255322 0.9618949294090271 0
1695982255397 0.9412976503372192 0
1695982255477 0.977342963218689 0
1695982255555 1.0010298490524292 0
1695982255621 1.0123584270477295 0
1695982255689 1.0195674896240234 0
1695982255754 1.0133882761001587 0
1695982255816 1.0339856147766113 0
1695982255882 1.089598298072815 0
1695982255955 1.1204943656921387 0
1695982256080 1.0854789018630981 0
1695982256190 1.1009268760681152 0
1695982256270 1.1431514024734497 0
1695982256340 1.2059732675552368 0
1695982256407 1.2492276430130005 0
1695982256477 1.2018537521362305 0
1695982256542 1.2409886121749878 0
1695982256609 1.2605561017990112 0
1695982256662 1.298661231994629 0
