1702635040463 0.6752409189939499 0
1702635040494 0.6428585648536682 0
1702635040524 0.5798609480261803 0
1702635040554 0.48375511541962624 0
1702635040584 0.41044803708791733 0
1702635040615 0.40449389815330505 0
1702635040647 0.39844777807593346 0
1702635040677 0.39289097860455513 0
1702635040708 0.3934190683066845 0
1702635040738 0.3923139236867428 0
1702635040768 0.39209724217653275 0
1702635040798 0.39187416061758995 0
1702635040828 0.39158036187291145 0
1702635040858 0.39146599918603897 0
1702635040887 0.3913009352982044 0
1702635040916 0.39105499535799026 0
