1701425470950 0.6911012716591358 0
1701425470988 0.68384800106287 0
1701425471025 0.6702241078019142 0
1701425471064 0.6445057243108749 0
1701425471101 0.5998799130320549 0
1701425471143 0.536952581256628 0
1701425471182 0.47495976090431213 0
1701425471216 0.43421448580920696 0
1701425471271 0.4148463308811188 0
1701425471319 0.4056015592068434 0
1701425471360 0.39976594783365726 0
1701425471401 0.3963750470429659 0
1701425471439 0.3946474101394415 0
1701425471475 0.39390287920832634 0
1701425471512 0.39302668161690235 0
1701425471555 0.39274488389492035 0
1701425471604 0.39244920015335083 0
1701425471641 0.39219110272824764 0
1701425471677 0.3921043463051319 0
1701425471713 0.3918731529265642 0
1701425471752 0.39176105707883835 0
1701425471787 0.3916797209531069 0
1701425471828 0.3916693702340126 0
1701425471883 0.3915778901427984 0
1701425471926 0.3914661556482315 0
