1686305411816 0.6942225456237793 0
1686305411873 0.6493280549844106 0
1686305411927 0.5395223478476207 0
1686305411981 0.4277461330095927 0
1686305412034 0.401583531498909 0
1686305412089 0.39520964622497556 0
1686305412143 0.39344364901383716 0
1686305412198 0.3926778227090836 0
1686305412253 0.3923252075910568 0
1686305412308 0.39210893015066783 0
1686305412364 0.3919087102015813 0
1686305412419 0.3917291204134623 0
1686305412474 0.39153353571891786 0
1686305412530 0.3914110839366913 0
1686305412584 0.3911339322725932 0
1686305412638 0.39096570312976836 0
1686305412693 0.3907960832118988 0
1686305412748 0.3906571010748545 0
1686305412802 0.3904030511776606 0
1686305412858 0.39017168482144676 0
