1703844644846 0.8299388885498047 0
1703844644918 0.8503054976463318 0
1703844645086 0.8574337959289551 0
1703844645141 0.8472505211830139 0
1703844645309 0.8431771993637085 0
1703844645365 0.8503054976463318 0
1703844645425 0.9439918398857117 0
1703844645488 0.9928717017173767 0
1703844645550 0.9928717017173767 0
1703844645613 1.0244399309158325 0
1703844645677 1.0723013877868652 0
1703844645757 1.0997962951660156 0
1703844645939 1.1191445589065552 0
1703844645998 1.1364562511444092 0
1703844646062 1.1904276609420776 0
1703844646118 1.2148675918579102 0
1703844646173 1.2403258085250854 0
