1687515112840 0.7755740880966187 0
1687515113003 0.7954071164131165 0
1687515113106 0.8016701340675354 0
1687515113202 0.7974947690963745 0
1687515113293 0.8048016428947449 0
1687515113384 0.8089770078659058 0
1687515113492 0.8079332113265991 0
1687515113718 0.8549060821533203 0
1687515113841 0.8956158757209778 0
1687515113959 0.9561586380004883 0
1687515114048 0.924843430519104 0
1687515114153 0.9352818131446838 0
1687515114233 0.9572024941444397 0
1687515114292 0.9572024941444397 0
1687515114349 0.9989561438560486 0
1687515114406 0.982254683971405 0
1687515114463 1.015657663345337 0
1687515114546 1.039665937423706 0
1687515114636 1.0323591232299805 0
1687515114771 1.055323600769043 0
1687515114861 1.0720250606536865 0
1687515114987 1.075156569480896 0
1687515115089 1.0939457416534424 0
1687515115195 1.1022964715957642 0
