1687515112834 0.6855538566907247 0
1687515112998 0.6638884544372559 0
1687515113096 0.6037766794363658 0
1687515113192 0.49943004151185355 0
1687515113289 0.42109547555446625 0
1687515113379 0.40100189447402956 0
1687515113487 0.39584264655907947 0
1687515113701 0.3938281734784444 0
1687515113836 0.39301076034704846 0
1687515113955 0.3926491975784302 0
1687515114043 0.3924257924159368 0
1687515114147 0.3922471970319748 0
1687515114227 0.3921304742495219 0
1687515114287 0.3920194764931997 0
1687515114345 0.3919058293104172 0
1687515114402 0.3917683998743693 0
1687515114459 0.39170107046763103 0
1687515114541 0.39161138931910194 0
1687515114632 0.3914478689432144 0
1687515114767 0.39135281344254813 0
1687515114856 0.39121904770533245 0
1687515114981 0.3911149750153224 0
1687515115083 0.39097741643587747 0
1687515115184 0.39085428218046825 0
