1714126221191 0.6840500496327877 0
1714126221234 0.6742847543209791 0
1714126221276 0.6567898076027632 0
1714126221318 0.6147750541567802 0
1714126221361 0.5380214182659984 0
1714126221403 0.45700538717210293 0
1714126221444 0.41238894686102867 0
1714126221486 0.39985667262226343 0
1714126221527 0.3959677955135703 0
1714126221570 0.3941137222573161 0
1714126221612 0.39336249604821205 0
1714126221653 0.3927334416657686 0
1714126221696 0.3926001079380512 0
1714126221738 0.3924428569152951 0
1714126221780 0.39225744642317295 0
1714126221822 0.3922298476099968 0
1714126221864 0.39213996194303036 0
1714126221906 0.3921059677377343 0
1714126221947 0.39203098602592945 0
1714126221990 0.3918621651828289 0
1714126222031 0.39188333973288536 0
1714126222073 0.39168320037424564 0
1714126222116 0.39155561849474907 0
1714126222158 0.3915432561188936 0
1714126222201 0.3915524259209633 0
1714126222244 0.3914287453517318 0
1714126222286 0.3912751227617264 0
1714126222328 0.39118085987865925 0
1714126222371 0.39120525028556585 0
1714126222416 0.39114085491746664 0
1714126222469 0.39085553772747517 0
1714126222513 0.3908188445493579 0
1714126222555 0.39074432384222746 0
1714126222599 0.3906975779682398 0
1714126222642 0.39057675655931234 0
1714126222685 0.39034066163003445 0
1714126222728 0.39032541681081057 0
1714126222771 0.39018191304057837 0
1714126222814 0.3901314279064536 0
1714126222857 0.3899214118719101 0
