1697191867111 0.6894029453396797 0
1697191867150 0.673625186085701 0
1697191867187 0.6435159742832184 0
1697191867224 0.5902179479598999 0
1697191867261 0.5139791928231716 0
1697191867298 0.4459536597132683 0
1697191867335 0.4136362038552761 0
1697191867377 0.4023318216204643 0
1697191867415 0.3968976680189371 0
1697191867453 0.3944548927247524 0
1697191867492 0.393222751095891 0
1697191867530 0.392659954726696 0
1697191867569 0.39229738153517246 0
1697191867609 0.3920529689639807 0
1697191867648 0.3918463718146086 0
1697191867687 0.3916417360305786 0
1697191867726 0.39157990738749504 0
1697191867764 0.3915526829659939 0
1697191867801 0.39117125794291496 0
1697191867839 0.3913510665297508 0
