1697191867116 0.7911522388458252 0
1697191867155 0.7870370149612427 0
1697191867192 0.7952674627304077 0
1697191867229 0.797325074672699 0
1697191867266 0.8034979701042175 0
1697191867303 0.8076131939888 0
1697191867340 0.8168724179267883 0
1697191867382 0.8230452537536621 0
1697191867420 0.8076131939888 0
1697191867458 0.8539094924926758 0
1697191867497 0.8683127760887146 0
1697191867535 0.8981481194496155 0
1697191867575 0.9156378507614136 0
1697191867615 0.9341563582420349 0
1697191867654 0.9393004179000854 0
1697191867692 0.9753086566925049 0
1697191867731 1.0030864477157593 0
1697191867769 1.008230447769165 0
1697191867806 1.0195473432540894 0
1697191867844 0.9855967164039612 0
