1712916716066 0.8072289228439331 0
1712916716115 0.7851405739784241 0
1712916716163 0.8212851285934448 0
1712916716211 0.805220901966095 0
1712916716260 0.8072289228439331 0
1712916716306 0.8022088408470154 0
1712916716352 0.814257025718689 0
1712916716400 0.8162650465965271 0
1712916716448 0.8303213119506836 0
1712916716495 0.8925702571868896 0
1712916716543 0.9166666865348816 0
1712916716591 0.9698795080184937 0
1712916716638 0.9548192620277405 0
1712916716686 0.9809237122535706 0
1712916716734 1.0 0
1712916716783 1.0170682668685913 0
1712916716833 1.0341365337371826 0
