1726222344776 0.7805117964744568 0
1726222344836 0.8169291615486145 0
1726222344891 0.8277559280395508 0
1726222344946 0.8425197005271912 0
1726222345000 0.9035432934761047 0
1726222345055 0.9350393414497375 0
1726222345108 0.9714567065238953 0
1726222345163 0.9901574850082397 0
1726222345218 1.035433053970337 0
1726222345271 1.0236220359802246 0
1726222345324 1.1072834730148315 0
1726222345379 1.1023621559143066 0
1726222345433 1.1466535329818726 0
1726222345486 1.1564960479736328 0
1726222345540 1.2490156888961792 0
1726222345593 1.260826826095581 0
