1695377450830 0.6837829601380133 0
1695377450897 0.661601314621587 0
1695377450960 0.6057527815141985 0
1695377451020 0.5106792574928652 0
1695377451080 0.43246975252705233 0
1695377451164 0.40455206459568394 0
1695377451248 0.3972706410192674 0
1695377451331 0.39437848425680594 0
1695377451411 0.39318235747275815 0
1695377451511 0.3926941579388034 0
1695377451600 0.39238528666957734 0
1695377451695 0.39213148816939325 0
1695377451784 0.39194351242434594 0
1695377451872 0.39174106332563585 0
1695377451952 0.3915597815667429 0
1695377452040 0.3913798274532441 0
1695377452128 0.39117184858168325 0
1695377452199 0.39101846083518 0
1695377452339 0.3908044791990711 0
1695377452398 0.3904976902469512 0
