1708683043999 0.7898989915847778 0
1708683044030 0.7878788113594055 0
1708683044060 0.7848485112190247 0
1708683044091 0.8030303120613098 0
1708683044120 0.8141413927078247 0
1708683044151 0.8141413927078247 0
1708683044183 0.8090909123420715 0
1708683044213 0.8181818127632141 0
1708683044247 0.8373737335205078 0
1708683044279 0.8878787755966187 0
1708683044314 0.9040403962135315 0
1708683044345 0.9171717166900635 0
1708683044377 0.9353535175323486 0
1708683044411 0.9555555582046509 0
1708683044441 0.9707070589065552 0
1708683044471 0.9777777791023254 0
1708683044501 0.991919219493866 0
1708683044531 1.0070706605911255 0
1708683044561 1.016161561012268 0
1708683044594 1.028282880783081 0
1708683044627 1.0363636016845703 0
1708683044657 1.089898943901062 0
1708683044691 1.0939394235610962 0
1708683044721 1.1030303239822388 0
1708683044751 1.1050505638122559 0
1708683044781 1.1111111640930176 0
