1726827145833 0.7964601516723633 0
1726827145867 0.8131760358810425 0
1726827145901 0.8161258697509766 0
1726827145936 0.8259587287902832 0
1726827145970 0.8259587287902832 0
1726827146006 0.8190757036209106 0
1726827146040 0.8161258697509766 0
1726827146074 0.8190757036209106 0
1726827146107 0.8220255374908447 0
1726827146141 0.8161258697509766 0
1726827146175 0.823992133140564 0
1726827146210 0.8210422992706299 0
1726827146245 0.8082596063613892 0
1726827146279 0.8062930107116699 0
1726827146312 0.8102261424064636 0
1726827146393 0.8190757036209106 0
1726827146427 0.8210422992706299 0
1726827146462 0.8161258697509766 0
1726827146497 0.8053097128868103 0
1726827146533 0.8112094402313232 0
1726827146568 0.8161258697509766 0
1726827146603 0.8190757036209106 0
1726827146639 0.8259587287902832 0
1726827146676 0.8259587287902832 0
1726827146709 0.823992133140564 0
1726827146742 0.8171091675758362 0
1726827146776 0.8230088353157043 0
1726827146813 0.823992133140564 0
1726827146852 0.8249754309654236 0
1726827146888 0.8210422992706299 0
1726827146924 0.8210422992706299 0
1726827146960 0.823992133140564 0
1726827146997 0.8259587287902832 0
1726827147033 0.8279252648353577 0
1726827147070 0.8298918604850769 0
1726827147106 0.8298918604850769 0
1726827147144 0.8308750987052917 0
1726827147182 0.8318583965301514 0
1726827147219 0.8318583965301514 0
1726827147257 0.8357915282249451 0
1726827147294 0.8456243872642517 0
1726827147396 0.8525073528289795 0
1726827147449 0.859390377998352 0
1726827147499 0.8534906506538391 0
1726827147548 0.8603736758232117 0
1726827147590 0.8623402118682861 0
1726827147634 0.8672566413879395 0
1726827147679 0.8633235096931458 0
1726827147720 0.8623402118682861 0
1726827147760 0.8741396069526672 0
1726827147798 0.8780727386474609 0
1726827147837 0.8898721933364868 0
1726827147877 0.9016715884208679 0
1726827147912 0.895771861076355 0
1726827147945 0.9085545539855957 0
1726827147979 0.9124876856803894 0
1726827148012 0.9164208173751831 0
1726827148046 0.9144542813301086 0
1726827148083 0.9213372468948364 0
1726827148150 0.9095378518104553 0
1726827148205 0.9272369742393494 0
1726827148259 0.937069833278656 0
1726827148308 0.9301868081092834 0
1726827148355 0.9301868081092834 0
1726827148404 0.9380530714988708 0
1726827148455 0.9341199398040771 0
1726827148496 0.945919394493103 0
1726827148537 0.9439527988433838 0
1726827148575 0.9587020874023438 0
1726827148612 0.9606686234474182 0
1726827148647 0.9596853256225586 0
1726827148680 0.9714847803115845 0
1726827148714 0.9901671409606934 0
1726827148748 0.9941002726554871 0
1726827148781 0.9960668683052063 0
1726827148815 0.9970501661300659 0
1726827148851 1.0009832382202148 0
