1682678936832 0.7865405082702637 0
1682678936881 0.8096740245819092 0
1682678936929 0.8296530246734619 0
1682678936977 0.8370136618614197 0
1682678937027 0.8464773893356323 0
1682678937074 0.8391166925430298 0
1682678937120 0.8370136618614197 0
1682678937168 0.8422712683677673 0
1682678937216 0.8422712683677673 0
1682678937263 0.8422712683677673 0
1682678937311 0.8580441474914551 0
1682678937358 0.8685594201087952 0
1682678937406 0.9085173606872559 0
1682678937457 0.8937960267066956 0
1682678937504 0.910620391368866 0
1682678937551 0.9232386946678162 0
1682678937598 0.9421661496162415 0
1682678937651 0.9642481803894043 0
1682678937698 0.9705573320388794 0
