1692958234421 0.6926662172040632 0
1692958234475 0.6791304580626949 0
1692958234530 0.6502591736855046 0
1692958234607 0.5913404956940682 0
1692958234677 0.5077457399137558 0
1692958234779 0.438549647408147 0
1692958234854 0.40793764398943994 0
1692958234967 0.39943689780850566 0
1692958235097 0.39598406995496443 0
1692958235191 0.3942024602044013 0
1692958235267 0.39341141331580376 0
1692958235360 0.3928814011235391 0
1692958235638 0.3927498007974317 0
1692958235729 0.3926682904843361 0
1692958235848 0.392426339849349 0
1692958235967 0.39239459749191036 0
1692958236080 0.39229442034998246 0
1692958236203 0.3921646571928455 0
1692958236330 0.3920456911287 0
1692958236437 0.39205285426109066 0
1692958236554 0.39193872770955485 0
1692958236669 0.39187092454202715 0
