1729851187205 0.6877309940755367 0
1729851187243 0.682815495878458 0
1729851187281 0.6768059581518173 0
1729851187318 0.6683750450611115 0
1729851187356 0.6555578000843525 0
1729851187395 0.6358642280101776 0
1729851187434 0.6071578748524189 0
1729851187472 0.5687451921403408 0
1729851187552 0.5228995196521282 0
1729851187672 0.4769916273653507 0
1729851187777 0.4397770129144192 0
1729851187886 0.4165228847414255 0
1729851187977 0.40534012764692307 0
1729851188016 0.40048455260694027 0
1729851188055 0.39790582470595837 0
1729851188093 0.396224794909358 0
1729851188185 0.3951564412564039 0
1729851188284 0.3943600356578827 0
1729851188359 0.39384027384221554 0
1729851188396 0.39345658197999 0
1729851188433 0.39320304431021214 0
1729851188471 0.39302090741693974 0
1729851188508 0.39288352988660336 0
1729851188546 0.3927603308111429 0
1729851188586 0.3926683459430933 0
1729851188624 0.39259558729827404 0
1729851188661 0.3925353717058897 0
1729851188699 0.3924788683652878 0
1729851188857 0.392430467531085 0
1729851188894 0.3923817090690136 0
1729851188931 0.39232699014246464 0
