1712311936364 0.6845147907733917 0
1712311936409 0.6816512644290924 0
1712311936453 0.6786127910017967 0
1712311936494 0.6751075237989426 0
1712311936534 0.6710914000868797 0
1712311936572 0.6662897020578384 0
1712311936613 0.6604949310421944 0
1712311936652 0.653577134013176 0
1712311936690 0.6451807245612144 0
1712311936730 0.6352007314562798 0
1712311936769 0.6234318688511848 0
1712311936808 0.6097189411520958 0
1712311936848 0.5940554738044739 0
1712311936887 0.5763616189360619 0
1712311936926 0.5571060180664062 0
1712311936965 0.5364792793989182 0
1712311937003 0.5151134431362152 0
1712311937041 0.4940037801861763 0
1712311937079 0.4736909680068493 0
1712311937118 0.4554886221885681 0
1712311937159 0.4399952217936516 0
1712311937196 0.42756711319088936 0
1712311937236 0.4179796688258648 0
1712311937276 0.41108427196741104 0
1712311937332 0.40605729073286057 0
1712311937373 0.402743112295866 0
1712311937412 0.40039580687880516 0
1712311937451 0.3985697329044342 0
1712311937491 0.39736855030059814 0
1712311937528 0.39630909636616707 0
1712311937565 0.3955620117485523 0
1712311937604 0.39489417523145676 0
1712311937641 0.39432990178465843 0
1712311937680 0.3939150311052799 0
1712311937718 0.3935956098139286 0
1712311937758 0.39327472448349 0
1712311937797 0.3930342495441437 0
1712311937844 0.39286428317427635 0
1712311937923 0.3927192874252796 0
1712311937961 0.3926086015999317 0
1712311937999 0.39248746633529663 0
1712311938038 0.3924286440014839 0
1712311938075 0.3923601061105728 0
1712311938113 0.3923000544309616 0
1712311938151 0.3922444321215153 0
1712311938190 0.39219947904348373 0
1712311938230 0.3921547271311283 0
1712311938269 0.39209360256791115 0
1712311938308 0.3920524939894676 0
1712311938346 0.3920070677995682 0
1712311938385 0.3920150101184845 0
1712311938424 0.39196859300136566 0
1712311938462 0.39194270595908165 0
1712311938502 0.39191966503858566 0
1712311938542 0.39185597375035286 0
1712311938580 0.3918266221880913 0
1712311938618 0.39179014787077904 0
1712311938657 0.3917721062898636 0
1712311938697 0.3917386196553707 0
1712311938736 0.3917103409767151 0
1712311938775 0.391705010086298 0
1712311938812 0.3916594982147217 0
1712311938850 0.3916197791695595 0
1712311938888 0.39156293869018555 0
1712311938927 0.39155399426817894 0
