1712311936373 0.8562813997268677 0
1712311936417 0.8613065481185913 0
1712311936462 0.8532663583755493 0
1712311936502 0.8462311625480652 0
1712311936542 0.839195966720581 0
1712311936580 0.8361809253692627 0
1712311936621 0.8341708779335022 0
1712311936660 0.8351758718490601 0
1712311936698 0.8231155872344971 0
1712311936738 0.8100502490997314 0
1712311936777 0.8170854449272156 0
1712311936816 0.8120602965354919 0
1712311936856 0.8231155872344971 0
1712311936895 0.8241205811500549 0
1712311936934 0.8190954923629761 0
1712311936973 0.808040201663971 0
1712311937010 0.8050251007080078 0
1712311937049 0.8100502490997314 0
1712311937087 0.80402010679245 0
1712311937126 0.800000011920929 0
1712311937167 0.8030150532722473 0
1712311937204 0.8130653500556946 0
1712311937244 0.8150753974914551 0
1712311937284 0.8090452551841736 0
1712311937343 0.8090452551841736 0
1712311937381 0.8251256346702576 0
1712311937420 0.8281406760215759 0
1712311937459 0.8221105337142944 0
1712311937498 0.8281406760215759 0
1712311937536 0.8281406760215759 0
1712311937573 0.8251256346702576 0
1712311937611 0.8241205811500549 0
1712311937649 0.8271356821060181 0
1712311937688 0.8271356821060181 0
1712311937726 0.8241205811500549 0
1712311937766 0.8291457295417786 0
1712311937806 0.8492462038993835 0
1712311937893 0.8653266429901123 0
1712311937931 0.8733668327331543 0
1712311937969 0.8763819336891174 0
1712311938007 0.8753768801689148 0
1712311938046 0.8783919811248779 0
1712311938083 0.8844221234321594 0
1712311938121 0.8864321708679199 0
1712311938159 0.9075376987457275 0
1712311938198 0.9105527400970459 0
1712311938238 0.9195979833602905 0
1712311938278 0.9376884698867798 0
1712311938316 0.9286432266235352 0
1712311938354 0.9417085647583008 0
1712311938393 0.929648220539093 0
1712311938431 0.9386934638023376 0
1712311938471 0.9447236061096191 0
1712311938510 0.9618090391159058 0
1712311938550 0.9587939977645874 0
1712311938588 0.9638190865516663 0
1712311938626 0.9638190865516663 0
1712311938665 0.9778894186019897 0
1712311938705 0.9758793711662292 0
1712311938745 0.987939715385437 0
1712311938783 0.9909547567367554 0
1712311938820 0.9889447093009949 0
1712311938858 0.9819095730781555 0
1712311938896 0.9788944721221924 0
1712311938934 0.9809045195579529 0
