1688119872668 0.687495157122612 0
1688119872697 0.6855576261878014 0
1688119872725 0.6835486441850662 0
1688119872753 0.6815180033445358 0
1688119872780 0.6790226176381111 0
1688119872809 0.6758854985237122 0
1688119872838 0.6719363555312157 0
1688119872870 0.6666768342256546 0
1688119872898 0.6601352468132973 0
1688119872930 0.6514269635081291 0
1688119872960 0.6409241333603859 0
1688119872987 0.6278704181313515 0
1688119873014 0.6124753206968307 0
1688119873041 0.5943120568990707 0
1688119873070 0.574132464826107 0
1688119873100 0.5511981546878815 0
1688119873130 0.527755580842495 0
1688119873160 0.5051861889660358 0
1688119873187 0.48317975923419 0
1688119873214 0.4644966684281826 0
1688119873242 0.44760530441999435 0
1688119873269 0.4350181557238102 0
1688119873295 0.425028745085001 0
1688119873323 0.41799725964665413 0
1688119873349 0.41220051795244217 0
1688119873377 0.4085466153919697 0
1688119873406 0.40507713332772255 0
1688119873433 0.40273379907011986 0
1688119873460 0.4004744067788124 0
1688119873486 0.39893822744488716 0
1688119873513 0.3974910154938698 0
1688119873546 0.3965804949402809 0
1688119873582 0.395870640873909 0
1688119873610 0.3949991874396801 0
1688119873636 0.39452196285128593 0
1688119873663 0.3940924070775509 0
1688119873690 0.3937365151941776 0
1688119873717 0.3934791125357151 0
1688119873745 0.39323533326387405 0
1688119873774 0.3931494764983654 0
1688119873804 0.3929399438202381 0
1688119873833 0.39282140880823135 0
1688119873862 0.3927242010831833 0
1688119873890 0.39256737008690834 0
1688119873920 0.3924691714346409 0
