1720174410494 0.6909742951393127 0
1720174410545 0.6818619966506958 0
1720174410594 0.6706832125782967 0
1720174410643 0.6551489010453224 0
1720174410692 0.6327288299798965 0
1720174410740 0.6009374037384987 0
1720174410785 0.5587531924247742 0
1720174410834 0.5085025727748871 0
1720174410883 0.4582751430571079 0
1720174410931 0.4202958978712559 0
1720174410978 0.402282040566206 0
1720174411027 0.39808985590934753 0
1720174411079 0.3966680206358433 0
1720174411126 0.3947729207575321 0
1720174411174 0.3933846093714237 0
1720174411221 0.3929126597940922 0
1720174411267 0.3927309364080429 0
1720174411312 0.3925750069320202 0
1720174411364 0.3924783319234848 0
1720174411409 0.3923724852502346 0
1720174411456 0.39230186492204666 0
1720174411506 0.3922179453074932 0
1720174411554 0.39217309281229973 0
1720174411603 0.3920922540128231 0
1720174411650 0.3920164965093136 0
1720174411698 0.3919353522360325 0
1720174411748 0.3918785937130451 0
1720174411798 0.39180586114525795 0
1720174411848 0.39173049852252007 0
1720174411895 0.3916577063500881 0
1720174411945 0.39158082008361816 0
1720174411998 0.3915061242878437 0
1720174412046 0.391435943543911 0
1720174412093 0.39136338606476784 0
1720174412138 0.39127179980278015 0
1720174412184 0.39121707901358604 0
1720174412231 0.39113257080316544 0
1720174412277 0.3910317234694958 0
1720174412326 0.3909513130784035 0
1720174412375 0.3908822387456894 0
1720174412425 0.39077701419591904 0
