1694167819497 0.6859441101551056 0
1694167819538 0.6626201532781124 0
1694167819577 0.6052562594413757 0
1694167819616 0.4977564066648483 0
1694167819656 0.41353827342391014 0
1694167819696 0.3993445187807083 0
1694167819736 0.39420095831155777 0
1694167819775 0.39282827265560627 0
1694167819815 0.39258973859250546 0
1694167819854 0.3924103267490864 0
1694167819892 0.39233680069446564 0
1694167819931 0.3921744339168072 0
1694167819970 0.3919323720037937 0
1694167820010 0.3920651860535145 0
1694167820050 0.39180296659469604 0
1694167820090 0.39169422909617424 0
1694167820129 0.39140685088932514 0
1694167820169 0.39135522209107876 0
1694167820208 0.3909789267927408 0
1694167820247 0.3910533133894205 0
1694167820286 0.3909373339265585 0
1694167820325 0.390599362552166 0
