1690539107643 0.7881619930267334 0
1690539107710 0.7757009267807007 0
1690539107771 0.7881619930267334 0
1690539107833 0.7943925261497498 0
1690539107896 0.8037382960319519 0
1690539107959 0.8141225576400757 0
1690539108020 0.8110072612762451 0
1690539108083 0.8110072612762451 0
1690539108148 0.8089303970336914 0
1690539108209 0.8255451917648315 0
1690539108275 0.8338525295257568 0
1690539108341 0.8566977977752686 0
1690539108403 0.8785046935081482 0
1690539108471 0.8847352266311646 0
1690539108537 0.9169262647628784 0
1690539108601 0.8971962332725525 0
1690539108702 0.930425763130188 0
1690539108763 0.9678089022636414 0
1690539108834 0.9543094635009766 0
