1728641538343 0.8302257061004639 0
1728641538392 0.8321884274482727 0
1728641538437 0.8213935494422913 0
1728641538481 0.8429833054542542 0
1728641538536 0.897939145565033 0
1728641538583 0.9028459191322327 0
1728641538632 0.9499509334564209 0
1728641538680 0.9764475226402283 0
1728641538724 0.9882237315177917 0
1728641538769 0.9950932264328003 0
1728641538814 1.0186457633972168 0
1728641538858 1.0608439445495605 0
1728641538902 1.0873404741287231 0
1728641538946 1.1246320009231567 0
1728641538991 1.1383709907531738 0
1728641539035 1.168792963027954 0
1728641539079 1.2335623502731323 0
1728641539123 1.2473012208938599 0
1728641539168 1.2904808521270752 0
1728641539212 1.3424925804138184 0
1728641539256 1.3640824556350708 0
1728641539300 1.4622178077697754 0
1728641539360 1.4946025609970093 0
1728641539407 1.5230618715286255 0
1728641539453 1.5250245332717896 0
1728641539500 1.6663395166397095 0
1728641539548 1.6123650074005127 0
1728641539592 1.6840039491653442 0
1728641539635 1.7006869316101074 0
1728641539679 1.7487733364105225 0
