1697191860617 0.6925665996968746 0
1697191860678 0.6842584498226643 0
1697191860729 0.6736891679465771 0
1697191860819 0.6574909575283527 0
1697191860867 0.6317820958793163 0
1697191860919 0.5917297638952732 0
1697191860968 0.5376558899879456 0
1697191861016 0.4769831895828247 0
1697191861064 0.4286555629223585 0
1697191861112 0.40397261641919613 0
1697191861160 0.3963642567396164 0
1697191861208 0.3945703711360693 0
1697191861257 0.3936307355761528 0
1697191861304 0.3930671736598015 0
1697191861353 0.3927558772265911 0
1697191861401 0.39279260486364365 0
1697191861448 0.39250736497342587 0
1697191861496 0.39244202710688114 0
1697191861544 0.39249744452536106 0
1697191861591 0.3922725636512041 0
1697191861641 0.3923063185065985 0
1697191861689 0.3920097127556801 0
1697191861738 0.3920854963362217 0
1697191861785 0.39191874861717224 0
1697191861832 0.39199313521385193 0
1697191861880 0.39184821024537086 0
1697191861928 0.3917729053646326 0
1697191861975 0.3917576838284731 0
1697191862023 0.39162272587418556 0
1697191862070 0.3916520457714796 0
1697191862118 0.39152578078210354 0
1697191862165 0.3916469160467386 0
1697191862212 0.3912734519690275 0
1697191862259 0.3912993539124727 0
1697191862306 0.39126202650368214 0
1697191862353 0.39110446348786354 0
1697191862400 0.39098319597542286 0
1697191862447 0.3909635301679373 0
