1684491025329 0.8102725148200989 0
1684491025359 0.8155136108398438 0
1684491025413 0.8333333134651184 0
1684491025457 0.8270440101623535 0
1684491025489 0.8228511810302734 0
1684491025521 0.8113207817077637 0
1684491025551 0.8176100850105286 0
1684491025584 0.8259958028793335 0
1684491025619 0.8270440101623535 0
1684491025686 0.8291404843330383 0
1684491025718 0.8155136108398438 0
1684491025751 0.801886796951294 0
1684491025784 0.8134171962738037 0
1684491025820 0.8134171962738037 0
1684491025868 0.8081761002540588 0
1684491025924 0.8218029141426086 0
1684491025979 0.8448637127876282 0
1684491026022 0.857442319393158 0
1684491026068 0.8731656074523926 0
1684491026111 0.8689727187156677 0
1684491026154 0.8805031180381775 0
1684491026195 0.900419294834137 0
1684491026234 0.8920335173606873 0
1684491026275 0.9129979014396667 0
1684491026320 0.9088050127029419 0
1684491026359 0.900419294834137 0
1684491026399 0.8941299915313721 0
1684491026445 0.8920335173606873 0
1684491026485 0.9088050127029419 0
1684491026523 0.9150943160057068 0
1684491026562 0.9381551146507263 0
1684491026604 0.9392033815383911 0
1684491026642 0.9360587000846863 0
1684491026682 0.9444444179534912 0
