1684491025324 0.6978873461484909 0
1684491025355 0.6919950842857361 0
1684491025403 0.684690922498703 0
1684491025452 0.6746341213583946 0
1684491025485 0.6606326475739479 0
1684491025517 0.6407967433333397 0
1684491025547 0.6138832420110703 0
1684491025580 0.5806742832064629 0
1684491025613 0.541642040014267 0
1684491025681 0.5005896985530853 0
1684491025713 0.46291273832321167 0
1684491025746 0.43309763073921204 0
1684491025779 0.4143975302577019 0
1684491025815 0.4051261432468891 0
1684491025860 0.4004538282752037 0
1684491025919 0.39772777259349823 0
1684491025971 0.39533087983727455 0
1684491026016 0.3940977081656456 0
1684491026060 0.3933713622391224 0
1684491026105 0.39299099147319794 0
1684491026147 0.39273789897561073 0
1684491026190 0.39249466732144356 0
1684491026229 0.39245373383164406 0
1684491026271 0.3924167789518833 0
1684491026316 0.392305426299572 0
1684491026354 0.39227432012557983 0
1684491026395 0.3922412395477295 0
1684491026438 0.39222562313079834 0
1684491026477 0.392050176858902 0
1684491026517 0.39213113486766815 0
1684491026557 0.3921404592692852 0
1684491026599 0.3919769674539566 0
1684491026637 0.39191845431923866 0
1684491026678 0.39199766144156456 0
