1705659052030 0.8111675381660461 0
1705659052099 0.8294416069984436 0
1705659052127 0.8365482091903687 0
1705659052199 0.8365482091903687 0
1705659052225 0.8152284026145935 0
1705659052251 0.8081218004226685 0
1705659052277 0.796954333782196 0
1705659052305 0.8010152578353882 0
1705659052331 0.8375634551048279 0
1705659052359 0.824365496635437 0
1705659052385 0.8274111747741699 0
1705659052412 0.8304568529129028 0
1705659052444 0.8395938873291016 0
1705659052477 0.8548223376274109 0
1705659052505 0.858883261680603 0
1705659052531 0.8994923830032349 0
1705659052558 0.9116751551628113 0
1705659052585 0.9218274354934692 0
1705659052611 0.930964469909668 0
1705659052636 0.9269035458564758 0
1705659052661 0.9401015043258667 0
1705659052687 0.9604060649871826 0
1705659052712 0.9583756327629089 0
1705659052737 0.9522842764854431 0
1705659052764 0.9522842764854431 0
1705659052791 0.9441624283790588 0
1705659052818 0.9593908786773682 0
1705659052844 0.9593908786773682 0
1705659052912 0.9715735912322998 0
1705659053064 1.003045678138733 0
1705659053090 0.9959390759468079 0
1705659053117 1.0050761699676514 0
1705659053143 1.0010151863098145 0
1705659053168 1.0060913562774658 0
1705659053194 1.0111675262451172 0
1705659053220 1.0010151863098145 0
