1689329509571 0.6930522248148918 0
1689329509601 0.6894357651472092 0
1689329509675 0.6852977052330971 0
1689329509707 0.6801257058978081 0
1689329509737 0.6738738566637039 0
1689329509766 0.6659712120890617 0
1689329509795 0.6560221910476685 0
1689329509825 0.6438402757048607 0
1689329509854 0.6289494410157204 0
1689329509883 0.6118424609303474 0
1689329509912 0.5923642069101334 0
1689329509941 0.5713220164179802 0
1689329509969 0.5482116192579269 0
1689329509998 0.5247925072908401 0
1689329510029 0.5021011643111706 0
1689329510057 0.48084576800465584 0
1689329510087 0.46147675812244415 0
1689329510115 0.44542142003774643 0
1689329510144 0.43269088864326477 0
1689329510173 0.42274363338947296 0
1689329510203 0.4154454544186592 0
1689329510232 0.41002748906612396 0
1689329510260 0.4060172848403454 0
1689329510292 0.4030223861336708 0
1689329510321 0.40068911761045456 0
1689329510350 0.398987103253603 0
1689329510380 0.3976636976003647 0
1689329510409 0.39653249457478523 0
1689329510438 0.3957120515406132 0
1689329510467 0.39505601674318314 0
1689329510496 0.3944139890372753 0
1689329510525 0.3939259201288223 0
1689329510555 0.3936428539454937 0
1689329510585 0.393381230533123 0
1689329510616 0.3930862173438072 0
1689329510647 0.39295459911227226 0
1689329510677 0.3927980586886406 0
1689329510706 0.3926120921969414 0
1689329510736 0.39254895597696304 0
1689329510768 0.3924466744065285 0
1689329510797 0.392345629632473 0
1689329510831 0.3922939784824848 0
1689329510860 0.3922591842710972 0
1689329510889 0.39212657511234283 0
1689329510918 0.3921109400689602 0
1689329510949 0.3920380100607872 0
1689329510978 0.3920645974576473 0
1689329511006 0.3920483738183975 0
1689329511035 0.391931414604187 0
1689329511064 0.3920074515044689 0
1689329511094 0.3919440917670727 0
1689329511123 0.3918151445686817 0
