1711707072757 0.7575452923774719 0
1711707072803 0.7957746386528015 0
1711707072932 0.8279678225517273 0
1711707072978 0.8209255337715149 0
1711707073028 0.8108651638031006 0
1711707073140 0.8098591566085815 0
1711707073210 0.8209255337715149 0
1711707073271 0.8350100517272949 0
1711707073317 0.8299798965454102 0
1711707073375 0.8792756795883179 0
1711707073436 0.9014084339141846 0
1711707073536 0.9074446558952332 0
1711707073588 0.9376257658004761 0
1711707073648 0.9255533218383789 0
1711707073777 0.9587525129318237 0
1711707073829 0.9718309640884399 0
