1717755078157 0.6966561153531075 0
1717755078188 0.6888728886842728 0
1717755078217 0.6783562079071999 0
1717755078251 0.6634183749556541 0
1717755078281 0.6424693465232849 0
1717755078311 0.6141643077135086 0
1717755078340 0.5779992043972015 0
1717755078369 0.5353937894105911 0
1717755078397 0.49134785309433937 0
1717755078427 0.4527471698820591 0
1717755078455 0.4259936213493347 0
1717755078483 0.4119701012969017 0
1717755078514 0.4050392732024193 0
1717755078546 0.40035467222332954 0
1717755078575 0.39696235954761505 0
1717755078604 0.39490846171975136 0
1717755078633 0.39384249225258827 0
1717755078662 0.3931720666587353 0
1717755078692 0.39275355264544487 0
1717755078721 0.3925214856863022 0
1717755078752 0.3923890255391598 0
1717755078780 0.3922640420496464 0
1717755078810 0.3921888917684555 0
1717755078839 0.3921349421143532 0
1717755078867 0.3920510336756706 0
1717755078897 0.3920135274529457 0
1717755078927 0.39196014404296875 0
1717755078955 0.39190414547920227 0
1717755078983 0.3918559290468693 0
