1729851173675 0.6829438954591751 0
1729851173711 0.6757469214498997 0
1729851173749 0.6644138619303703 0
1729851173786 0.6432534866034985 0
1729851173822 0.606382355093956 0
1729851173858 0.5523905828595161 0
1729851173893 0.4915140438824892 0
1729851173929 0.44192911870777607 0
1729851173965 0.41471896693110466 0
1729851174000 0.4034937918186188 0
1729851174035 0.3980798311531544 0
1729851174071 0.3954012654721737 0
1729851174107 0.394040672108531 0
1729851174143 0.3933900073170662 0
1729851174178 0.3930068761110306 0
1729851174214 0.39279817789793015 0
1729851174249 0.3926709722727537 0
1729851174285 0.3925477936863899 0
1729851174322 0.39248133823275566 0
1729851174358 0.3923986107110977 0
1729851174394 0.39233982376754284 0
1729851174429 0.3922907654196024 0
1729851174465 0.39221671037375927 0
1729851174501 0.39214923419058323 0
1729851174536 0.39208291471004486 0
1729851174572 0.39202181063592434 0
1729851174607 0.3919693436473608 0
1729851174642 0.39193057641386986 0
1729851174677 0.39183169789612293 0
1729851174713 0.3917800057679415 0
