1729851173684 0.8099902272224426 0
1729851173721 0.7982370257377625 0
1729851173758 0.7943192720413208 0
1729851173795 0.7894221544265747 0
1729851173831 0.7972576022148132 0
1729851173867 0.8090107440948486 0
1729851173902 0.8021547794342041 0
1729851173938 0.8227227926254272 0
1729851173974 0.8266405463218689 0
1729851174009 0.8119490742683411 0
1729851174044 0.8237022757530212 0
1729851174080 0.8246816992759705 0
1729851174116 0.8374143242835999 0
1729851174152 0.8393731713294983 0
1729851174187 0.8413320183753967 0
1729851174223 0.8383937478065491 0
1729851174258 0.8599412441253662 0
1729851174295 0.8638589382171631 0
1729851174331 0.858961820602417 0
1729851174367 0.8942213654518127 0
1729851174403 0.9138100147247314 0
1729851174438 0.9098922610282898 0
1729851174474 0.9333986043930054 0
1729851174510 0.9333986043930054 0
1729851174545 0.910871684551239 0
1729851174581 0.9363369345664978 0
1729851174616 0.9441723823547363 0
1729851174651 0.9314397573471069 0
1729851174686 0.9392752051353455 0
1729851174722 0.9510284066200256 0
