1696587085978 0.667489267885685 0
1696587086045 0.518618743866682 0
1696587086101 0.4058328699320555 0
1696587086156 0.3938476946204901 0
1696587086211 0.39260772056877613 0
1696587086266 0.3919467553496361 0
1696587086323 0.39151524752378464 0
1696587086385 0.3910611420869827 0
1696587086444 0.39068095572292805 0
1696587086501 0.39025319926440716 0
1696587086557 0.3895425572991371 0
1696587086612 0.3887648265808821 0
1696587086665 0.3882133811712265 0
1696587086718 0.3875299394130707 0
1696587086774 0.38623324409127235 0
1696587086830 0.38529990054666996 0
1696587086887 0.38407425582408905 0
1696587086941 0.38271074555814266 0
