1695377463709 0.8154639005661011 0
1695377463858 0.800000011920929 0
1695377463924 0.7948453426361084 0
1695377463987 0.8268041014671326 0
1695377464048 0.8886597752571106 0
1695377464112 0.9886597990989685 0
1695377464177 1.0134021043777466 0
1695377464238 1.0639175176620483 0
1695377464298 1.0701030492782593 0
1695377464358 1.0721648931503296 0
1695377464418 1.101030945777893 0
1695377464477 1.2030928134918213 0
1695377464537 1.1835051774978638 0
1695377464599 1.2247422933578491 0
1695377464661 1.3030928373336792 0
1695377464719 1.3092783689498901 0
1695377464780 1.3237113952636719 0
1695377464849 1.4041236639022827 0
1695377464917 1.4103093147277832 0
1695377464986 1.4371134042739868 0
1695377465047 1.4597938060760498 0
