1732875232325 0.6868869915153041 0
1732875232382 0.6228699178406687 0
1732875232439 0.45976420604821405 0
1732875232495 0.3983225045782147 0
1732875232551 0.393727624055111 0
1732875232608 0.3928877602924 0
1732875232664 0.39272618835622614 0
1732875232726 0.392538918690248 0
1732875232784 0.3922322699517915 0
1732875232854 0.3919509540904652 0
1732875232916 0.39200422619328357 0
1732875232983 0.39182336222041736 0
1732875233043 0.39165024052966724 0
1732875233101 0.3913830103296222 0
1732875233160 0.39130440083417023 0
1732875233221 0.39107566439744196 0
1732875233281 0.3908795994339567 0
1732875233342 0.39077961535164807 0
1732875233405 0.3907514557693944 0
1732875233491 0.390445584600622 0
