1731665633759 0.802734375 0
1731665633834 0.7705078125 0
1731665633909 0.775390625 0
1731665633984 0.79296875 0
1731665634060 0.791015625 0
1731665634242 0.818359375 0
1731665634312 0.90234375 0
1731665634381 0.9228515625 0
1731665634451 0.966796875 0
1731665634525 1.0 0
1731665634597 1.0361328125 0
1731665634667 1.0380859375 0
1731665634736 1.072265625 0
1731665634809 1.1083984375 0
1731665635004 1.14453125 0
1731665635075 1.17578125 0
1731665635144 1.208984375 0
1731665635213 1.1953125 0
1731665635385 1.22265625 0
1731665635455 1.2861328125 0
1731665635631 1.3564453125 0
1731665635700 1.3876953125 0
1731665635769 1.4755859375 0
1731665635839 1.458984375 0
1731665636008 1.458984375 0
1731665636077 1.5146484375 0
1731665636158 1.626953125 0
