1701425475020 0.6756136782707707 0
1701425475092 0.5738448817883769 0
1701425475148 0.41437897855235684 0
1701425475204 0.39431785671941694 0
1701425475260 0.3928030104406418 0
1701425475373 0.3924024951073431 0
1701425475479 0.3921466008309395 0
1701425475544 0.391982042020367 0
1701425475679 0.39167889664250033 0
1701425475756 0.3914591006694301 0
1701425475836 0.39119558661214765 0
1701425475894 0.39083493813391657 0
1701425475954 0.3905913406802762 0
1701425476011 0.3903372941478606 0
1701425476067 0.38998143134578583 0
1701425476127 0.3896011681325974 0
