1701425475030 0.7967313528060913 0
1701425475098 0.838610827922821 0
1701425475154 0.8345250487327576 0
1701425475210 0.8978549838066101 0
1701425475290 0.9254341125488281 0
1701425475382 0.9642492532730103 0
1701425475485 1.0143003463745117 0
1701425475550 1.0296220779418945 0
1701425475689 1.0296220779418945 0
1701425475765 1.0694586038589478 0
1701425475842 1.1113381385803223 0
1701425475901 1.1256383657455444 0
1701425475960 1.1276812553405762 0
1701425476017 1.141981601715088 0
1701425476073 1.1991828680038452 0
1701425476133 1.2471909523010254 0
