1706868670556 0.7487335205078125 0
1706868670599 0.7568389177322388 0
1706868670642 0.7659574747085571 0
1706868670685 0.7700101137161255 0
1706868670727 0.781154990196228 0
1706868670769 0.7659574747085571 0
1706868670811 0.7659574747085571 0
1706868670854 0.7760891318321228 0
1706868670895 0.783181369304657 0
1706868670937 0.8186423778533936 0
1706868670979 0.8611955642700195 0
1706868671021 0.9027355909347534 0
1706868671064 0.9260385036468506 0
1706868671106 0.9503546357154846 0
1706868671148 0.9706180095672607 0
1706868671190 1.021276593208313 0
1706868671231 1.0526849031448364 0
1706868671273 1.069908857345581 0
