1683281476274 0.8151260614395142 0
1683281476395 0.8077731132507324 0
1683281476477 0.8098739385604858 0
1683281476607 0.8182772994041443 0
1683281476803 0.8235294222831726 0
1683281476913 0.8476890921592712 0
1683281476973 0.8771008253097534 0
1683281477034 0.9149159789085388 0
1683281477096 0.9254201650619507 0
1683281477156 0.9453781247138977 0
1683281477216 0.9369747638702393 0
1683281477275 0.9852941036224365 0
1683281477345 0.9852941036224365 0
1683281477426 0.9957982897758484 0
1683281477491 1.0210083723068237 0
1683281477654 1.0357142686843872 0
1683281477715 1.0651260614395142 0
1683281477887 1.0514706373214722 0
1683281478024 1.0766806602478027 0
1683281478123 1.1533613204956055 0
1683281478231 1.180672287940979 0
1683281478327 1.151260495185852 0
1683281478432 1.1848739385604858 0
1683281478544 1.2184873819351196 0
1683281478693 1.2542016506195068 0
1683281478808 1.3109244108200073 0
1683281478942 1.3277311325073242 0
1683281479031 1.3560924530029297 0
1683281479095 1.3697478771209717 0
1683281479158 1.4485293626785278 0
1683281479221 1.4264706373214722 0
1683281479283 1.4684873819351196 0
1683281479345 1.5021008253097534 0
1683281479407 1.526260495185852 0
1683281479471 1.5472688674926758 0
1683281479534 1.5808823108673096 0
1683281479595 1.6197478771209717 0
