1683281476269 0.6886721432209015 0
1683281476391 0.6559454878171285 0
1683281476472 0.5674860884745916 0
1683281476596 0.44409997363885245 0
1683281476797 0.40059380829334257 0
1683281476909 0.39467907647291817 0
1683281476970 0.3930710732936859 0
1683281477031 0.3925946235656738 0
1683281477092 0.3923729052146276 0
1683281477152 0.3922472496827443 0
1683281477212 0.3920412838459015 0
1683281477271 0.39192580183347064 0
1683281477341 0.3917333781719208 0
1683281477422 0.3916181931893031 0
1683281477487 0.39149112403392794 0
1683281477650 0.391282989581426 0
1683281477711 0.3911068191130956 0
1683281477873 0.39095477759838104 0
1683281478012 0.39071199198563894 0
1683281478117 0.39054356614748637 0
1683281478215 0.39030948082606 0
1683281478322 0.3900752902030945 0
1683281478427 0.3898764729499817 0
1683281478537 0.38959717949231465 0
1683281478688 0.38938816289107003 0
1683281478800 0.38909555872281393 0
1683281478934 0.38885067105293275 0
1683281479027 0.38857106467088065 0
1683281479091 0.3882296313842138 0
1683281479154 0.38790138562520343 0
1683281479217 0.38754201531410215 0
1683281479279 0.3872354358434677 0
1683281479341 0.3868545730908712 0
1683281479403 0.386466051141421 0
1683281479468 0.3859958380460739 0
1683281479530 0.3855752338965734 0
1683281479591 0.38515348235766095 0
