1683886234410 0.7859391570091248 0
1683886234524 0.7764952778816223 0
1683886234632 0.9013640880584717 0
1683886234870 0.9265477657318115 0
1683886235003 0.9769150018692017 0
1683886235075 1.0325288772583008 0
1683886235146 1.076600193977356 0
1683886235224 1.0524659156799316 0
1683886235307 1.1479538679122925 0
1683886235379 1.157397747039795 0
1683886235541 1.2308499813079834 0
1683886235617 1.2413431406021118 0
1683886235688 1.3368310928344727 0
1683886235761 1.3022035360336304 0
1683886235861 1.4449107646942139 0
1683886235944 1.4616998434066772 0
1683886236099 1.5372507572174072 0
1683886236233 1.5519412755966187 0
1683886236373 1.657922387123108 0
1683886236512 1.6484785079956055 0
1683886236751 1.696747064590454 0
