1702635040987 0.6862217150628567 0
1702635041016 0.6623349972069263 0
1702635041045 0.6120665371417999 0
1702635041074 0.531136516481638 0
1702635041103 0.45306064933538437 0
1702635041132 0.41686540842056274 0
1702635041161 0.4037940949201584 0
1702635041190 0.3976448141038418 0
1702635041218 0.39446332678198814 0
1702635041247 0.3931836001574993 0
1702635041277 0.39264714159071445 0
1702635041306 0.3923728670924902 0
1702635041335 0.39211250469088554 0
1702635041364 0.39190442115068436 0
1702635041394 0.39180232398211956 0
1702635041423 0.39172206819057465 0
1702635041451 0.39153613708913326 0
1702635041481 0.39142002165317535 0
