1702635040993 0.785932719707489 0
1702635041021 0.7787971496582031 0
1702635041050 0.7869520783424377 0
1702635041080 0.8154944181442261 0
1702635041108 0.8185524940490723 0
1702635041137 0.8246687054634094 0
1702635041166 0.8369011282920837 0
1702635041195 0.8318042755126953 0
1702635041223 0.8369011282920837 0
1702635041253 0.8807339668273926 0
1702635041283 0.8848114013671875 0
1702635041312 0.9082568883895874 0
1702635041340 0.936799168586731 0
1702635041369 0.9480122327804565 0
1702635041400 0.9582059383392334 0
1702635041428 0.9918450713157654 0
1702635041457 0.9989806413650513 0
1702635041486 1.0061161518096924 0
