1708683041030 0.8030303120613098 0
1708683041057 0.8020201921463013 0
1708683041084 0.8040404319763184 0
1708683041112 0.7959595918655396 0
1708683041138 0.8010100722312927 0
1708683041165 0.8090909123420715 0
1708683041192 0.8333333134651184 0
1708683041220 0.8313131332397461 0
1708683041246 0.8181818127632141 0
1708683041273 0.8242424130439758 0
1708683041300 0.8050504922866821 0
1708683041327 0.8161616325378418 0
1708683041354 0.8171716928482056 0
1708683041381 0.8060606122016907 0
1708683041407 0.8050504922866821 0
1708683041435 0.8050504922866821 0
1708683041462 0.8040404319763184 0
1708683041489 0.8101010322570801 0
1708683041516 0.8121212124824524 0
1708683041544 0.8191919326782227 0
1708683041574 0.8171716928482056 0
1708683041600 0.8202019929885864 0
1708683041630 0.8404040336608887 0
1708683041659 0.8474747538566589 0
1708683041686 0.8878787755966187 0
1708683041714 0.9121212363243103 0
1708683041741 0.9111111164093018 0
1708683041767 0.9202020168304443 0
1708683041795 0.9323232173919678 0
1708683041822 0.9323232173919678 0
1708683041853 0.9272727370262146 0
1708683041880 0.9252524971961975 0
1708683041907 0.9414141178131104 0
1708683041933 0.9535353779792786 0
1708683041960 0.9565656781196594 0
1708683041988 0.9626262784004211 0
1708683042014 0.9797979593276978 0
1708683042043 0.9989898800849915 0
1708683042074 0.9949495196342468 0
1708683042102 0.9929292798042297 0
1708683042129 1.0080808401107788 0
1708683042155 1.0090909004211426 0
1708683042183 1.0222222805023193 0
1708683042209 1.021212100982666 0
