1692353421739 0.8196890950202942 0
1692353421774 0.8165802955627441 0
1692353421807 0.8196890950202942 0
1692353421840 0.7896373271942139 0
1692353421872 0.7968912124633789 0
1692353421903 0.7968912124633789 0
1692353421934 0.7968912124633789 0
1692353421965 0.800000011920929 0
1692353421996 0.7937824130058289 0
1692353422027 0.810362696647644 0
1692353422058 0.7844559550285339 0
1692353422089 0.794818639755249 0
1692353422120 0.7896373271942139 0
1692353422153 0.780310869216919 0
1692353422184 0.830051839351654 0
1692353422214 0.8808290362358093 0
1692353422245 0.8829015493392944 0
1692353422276 0.9129533767700195 0
1692353422306 0.9419689178466797 0
1692353422337 0.9575129747390747 0
1692353422368 0.9585492014884949 0
1692353422400 0.9647668600082397 0
1692353422431 0.9792746305465698 0
1692353422462 0.9979274868965149 0
1692353422494 0.99689120054245 0
1692353422526 1.007253885269165 0
1692353422560 1.0186527967453003 0
1692353422592 1.0196890830993652 0
