1702030270686 0.8153061270713806 0
1702030270723 0.8306122422218323 0
1702030270763 0.8183673620223999 0
1702030270797 0.827551007270813 0
1702030270828 0.8255102038383484 0
1702030270859 0.831632673740387 0
1702030270891 0.8306122422218323 0
1702030270923 0.8173469305038452 0
1702030270954 0.813265323638916 0
1702030270985 0.813265323638916 0
1702030271016 0.8112244606018066 0
1702030271046 0.8061224222183228 0
1702030271076 0.8142856955528259 0
1702030271107 0.813265323638916 0
1702030271139 0.8244897723197937 0
1702030271170 0.8244897723197937 0
1702030271201 0.8326530456542969 0
1702030271232 0.8295918107032776 0
1702030271264 0.827551007270813 0
1702030271295 0.8295918107032776 0
1702030271325 0.8357142806053162 0
1702030271358 0.8397959470748901 0
1702030271389 0.8387755155563354 0
1702030271423 0.8357142806053162 0
1702030271457 0.8306122422218323 0
1702030271489 0.8295918107032776 0
1702030271520 0.831632673740387 0
1702030271550 0.8346938490867615 0
1702030271581 0.8265306353569031 0
1702030271615 0.8367347121238708 0
1702030271646 0.8387755155563354 0
1702030271677 0.8520408272743225 0
1702030271709 0.8642857074737549 0
1702030271739 0.8571428656578064 0
1702030271773 0.8561224341392517 0
1702030271807 0.8755102157592773 0
1702030271840 0.8877550959587097 0
1702030271872 0.8857142925262451 0
1702030271904 0.8846938610076904 0
1702030271938 0.8795918226242065 0
1702030271970 0.8959183692932129 0
1702030272001 0.8938775658607483 0
1702030272033 0.9102040529251099 0
1702030272064 0.9153061509132385 0
1702030272099 0.9346938729286194 0
1702030272133 0.9326530694961548 0
1702030272164 0.9275510311126709 0
1702030272195 0.936734676361084 0
1702030272228 0.940816342830658 0
1702030272260 0.940816342830658 0
1702030272290 0.9622448682785034 0
1702030272322 0.9714285731315613 0
1702030272355 0.9704081416130066 0
1702030272386 0.9806122183799744 0
1702030272418 0.9877551198005676 0
1702030272448 0.9877551198005676 0
1702030272477 0.9877551198005676 0
1702030272506 0.9857142567634583 0
1702030272535 0.9908163547515869 0
1702030272566 1.0122449398040771 0
1702030272599 1.017346978187561 0
1702030272631 1.0183672904968262 0
1702030272663 1.0214285850524902 0
1702030272694 1.0397958755493164 0
1702030272725 1.045918345451355 0
1702030272758 1.0479592084884644 0
1702030272789 1.055101990699768 0
1702030272822 1.0418367385864258 0
1702030272855 1.0663264989852905 0
1702030272888 1.0673469305038452 0
1702030272920 1.0714285373687744 0
1702030272953 1.0755102634429932 0
1702030272986 1.0877550840377808 0
1702030273018 1.1163265705108643 0
1702030273056 1.1112245321273804 0
1702030273089 1.109183669090271 0
1702030273125 1.118367314338684 0
