1702030270680 0.6882520914077759 0
1702030270717 0.6854213103652 0
1702030270757 0.6821430362761021 0
1702030270792 0.6772476471960545 0
1702030270822 0.6709424890577793 0
1702030270854 0.6627067625522614 0
1702030270886 0.6515308395028114 0
1702030270918 0.6377948001027107 0
1702030270949 0.620607178658247 0
1702030270979 0.6010141409933567 0
1702030271010 0.5784017033874989 0
1702030271041 0.5531382635235786 0
1702030271071 0.526757188141346 0
1702030271102 0.5003624819219112 0
1702030271134 0.4771506730467081 0
1702030271165 0.45647580549120903 0
1702030271196 0.44015032052993774 0
1702030271227 0.42816380597651005 0
1702030271258 0.41926457919180393 0
1702030271289 0.4123349282890558 0
1702030271320 0.40801758877933025 0
1702030271352 0.4044203869998455 0
1702030271384 0.4021047353744507 0
1702030271417 0.3999174926429987 0
1702030271452 0.39867740496993065 0
1702030271484 0.39722810685634613 0
1702030271514 0.3964412100613117 0
1702030271545 0.395904878154397 0
1702030271576 0.3952699787914753 0
1702030271608 0.3946199305355549 0
1702030271640 0.3941586297005415 0
1702030271672 0.39388646744191647 0
1702030271704 0.3934493977576494 0
1702030271734 0.39321993477642536 0
1702030271768 0.39296337962150574 0
1702030271800 0.3928285762667656 0
1702030271835 0.39267750084400177 0
1702030271866 0.39259613677859306 0
1702030271899 0.392294192686677 0
1702030271932 0.3923450671136379 0
1702030271965 0.3921131156384945 0
1702030271996 0.3921348415315151 0
1702030272027 0.39203200303018093 0
1702030272059 0.39200582168996334 0
1702030272093 0.39191568456590176 0
1702030272127 0.3918712455779314 0
1702030272159 0.3917504698038101 0
1702030272190 0.39175379276275635 0
1702030272223 0.3917382340878248 0
1702030272255 0.3916010633111 0
1702030272284 0.3915812075138092 0
1702030272316 0.39159978926181793 0
1702030272350 0.3915833942592144 0
1702030272380 0.3914923872798681 0
1702030272413 0.3914567492902279 0
1702030272443 0.3912749122828245 0
1702030272472 0.3913823440670967 0
1702030272501 0.3913144003599882 0
1702030272530 0.3912387974560261 0
1702030272561 0.391240993514657 0
1702030272593 0.3912044595927 0
1702030272626 0.391256645321846 0
1702030272658 0.3910877052694559 0
1702030272688 0.3911020774394274 0
1702030272720 0.3909941613674164 0
1702030272752 0.3908910248428583 0
1702030272784 0.39103526808321476 0
1702030272816 0.3909527938812971 0
1702030272850 0.3909275662153959 0
1702030272882 0.39089990220963955 0
1702030272915 0.390817666426301 0
1702030272948 0.39080068841576576 0
1702030272981 0.39076462388038635 0
1702030273013 0.39072435535490513 0
1702030273050 0.39064491353929043 0
1702030273084 0.39050464145839214 0
1702030273119 0.39055934734642506 0
