1731060767891 0.7966764569282532 0
1731060767936 0.8025415539741516 0
1731060767981 0.8005865216255188 0
1731060768032 0.7849462628364563 0
1731060768081 0.8015640377998352 0
1731060768150 0.8054741024971008 0
1731060768241 0.8142717480659485 0
1731060768334 0.7898338437080383 0
1731060768422 0.8025415539741516 0
1731060768502 0.8142717480659485 0
1731060768545 0.8289344906806946 0
1731060768589 0.8338220715522766 0
1731060768630 0.8230693936347961 0
1731060768672 0.8455523252487183 0
1731060768720 0.8484848737716675 0
1731060768839 0.8533724546432495 0
1731060768945 0.8758553266525269 0
1731060769055 0.8924731016159058 0
1731060769128 0.8924731016159058 0
1731060769172 0.9159335494041443 0
1731060769216 0.9266862273216248 0
1731060769261 0.9540566802024841 0
1731060769306 0.9784946441650391 0
1731060769351 0.9882698059082031 0
1731060769454 0.9902248382568359 0
1731060769580 1.0009775161743164 0
1731060769637 0.9941349029541016 0
1731060769682 0.9902248382568359 0
