1731060767879 0.695075735449791 0
1731060767925 0.6880206242203712 0
1731060767970 0.6787826418876648 0
1731060768020 0.6630982011556625 0
1731060768069 0.6370919644832611 0
1731060768133 0.5999368280172348 0
1731060768227 0.5524875894188881 0
1731060768320 0.5000380016863346 0
1731060768408 0.4534218851476908 0
1731060768491 0.42278757132589817 0
1731060768535 0.4080122020095587 0
1731060768578 0.40169791877269745 0
1731060768620 0.3983721248805523 0
1731060768662 0.3961679767817259 0
1731060768710 0.3947180286049843 0
1731060768825 0.3938020374625921 0
1731060768933 0.3931755777448416 0
1731060769043 0.3927183039486408 0
1731060769117 0.39242780581116676 0
1731060769161 0.39219626784324646 0
1731060769205 0.3920346889644861 0
1731060769249 0.39190703071653843 0
1731060769294 0.39179278910160065 0
1731060769339 0.39170993119478226 0
1731060769441 0.39160909317433834 0
1731060769563 0.39152565598487854 0
1731060769626 0.3914523534476757 0
1731060769670 0.3913625758141279 0
