1715335930421 0.8198198080062866 0
1715335930458 0.8188188076019287 0
1715335930506 0.8148148059844971 0
1715335930554 0.8198198080062866 0
1715335930596 0.8148148059844971 0
1715335930648 0.792792797088623 0
1715335930695 0.8018018007278442 0
1715335930732 0.7997997999191284 0
1715335930806 0.8038038015365601 0
1715335930839 0.7887887954711914 0
1715335930873 0.793793797492981 0
1715335930907 0.7897897958755493 0
1715335930940 0.7957957983016968 0
1715335930975 0.7967967987060547 0
1715335931009 0.8018018007278442 0
1715335931044 0.8038038015365601 0
1715335931078 0.8038038015365601 0
1715335931114 0.8028028011322021 0
1715335931151 0.8008008003234863 0
1715335931188 0.793793797492981 0
1715335931223 0.7957957983016968 0
1715335931258 0.7967967987060547 0
1715335931298 0.7967967987060547 0
1715335931339 0.7987987995147705 0
1715335931395 0.7987987995147705 0
1715335931435 0.7987987995147705 0
1715335931480 0.7987987995147705 0
1715335931521 0.7987987995147705 0
1715335931571 0.7987987995147705 0
1715335931614 0.7987987995147705 0
1715335931658 0.7987987995147705 0
1715335931701 0.7987987995147705 0
1715335931738 0.7967967987060547 0
1715335932014 0.7917917966842651 0
1715335932057 0.792792797088623 0
1715335932098 0.793793797492981 0
1715335932148 0.7897897958755493 0
1715335932308 0.8068068027496338 0
1715335932343 0.8198198080062866 0
1715335932379 0.8408408164978027 0
1715335932416 0.8458458185195923 0
1715335932452 0.8648648858070374 0
1715335932487 0.8858858942985535 0
1715335932523 0.890890896320343 0
1715335932558 0.9089089035987854 0
1715335932595 0.9159159064292908 0
1715335932630 0.9209209084510803 0
1715335932664 0.923923909664154 0
1715335932699 0.9319319128990173 0
1715335932734 0.9339339137077332 0
1715335932768 0.9389389157295227 0
1715335932802 0.9349349141120911 0
1715335932837 0.9339339137077332 0
1715335932871 0.9509509801864624 0
1715335932905 0.9489489197731018 0
1715335932939 0.9649649858474731 0
1715335932975 0.9689689874649048 0
1715335933009 0.9619619846343994 0
1715335933044 0.9769769906997681 0
1715335933078 0.9729729890823364 0
