1695377475613 0.8443298935890198 0
1695377475651 0.8628866076469421 0
1695377475687 0.8608247637748718 0
1695377475724 0.8515464067459106 0
1695377475768 0.8422680497169495 0
1695377475812 0.8412371277809143 0
1695377475854 0.8742268085479736 0
1695377475892 0.9010308980941772 0
1695377475931 0.9051546454429626 0
1695377475970 0.915463924407959 0
1695377476008 0.9350515604019165 0
1695377476049 0.9731958508491516 0
1695377476088 0.9886597990989685 0
1695377476161 1.0030927658081055 0
1695377476199 1.0144330263137817 0
1695377476237 1.0432989597320557 0
1695377476275 1.0360825061798096 0
1695377476325 1.0639175176620483 0
