1703239828513 0.6858317852020264 0
1703239828561 0.6676037833094597 0
1703239828605 0.6329731196165085 0
1703239828649 0.57038664072752 0
1703239828694 0.4843904674053192 0
1703239828742 0.4191647507250309 0
1703239828786 0.404845479875803 0
1703239828827 0.39978646114468575 0
1703239828864 0.39315716177225113 0
1703239828899 0.3925883024930954 0
1703239828938 0.3922681212425232 0
1703239828976 0.3918287232518196 0
1703239829014 0.3917291760444641 0
1703239829049 0.39143773540854454 0
1703239829087 0.3912947215139866 0
1703239829125 0.3910798020660877 0
1703239829161 0.39093947410583496 0
1703239829198 0.39077796041965485 0
1703239829249 0.3905082643032074 0
