1703239828520 0.8236493468284607 0
1703239828567 0.8185524940490723 0
1703239828611 0.7991845011711121 0
1703239828656 0.7747196555137634 0
1703239828702 0.8103975653648376 0
1703239828749 0.8114169239997864 0
1703239828792 0.8165137767791748 0
1703239828833 0.8297655582427979 0
1703239828869 0.9072375297546387 0
1703239828905 0.950050950050354 0
1703239828944 0.9541284441947937 0
1703239828982 0.9959225058555603 0
1703239829019 1.0275229215621948 0
1703239829055 1.0713557004928589 0
1703239829092 1.0948011875152588 0
1703239829130 1.107033610343933 0
1703239829166 1.1049948930740356 0
1703239829204 1.1559633016586304 0
1703239829256 1.1518858671188354 0
