1711102280421 0.6956261098384857 0
1711102280492 0.6908537149429321 0
1711102280526 0.6863166838884354 0
1711102280559 0.6807167753577232 0
1711102280591 0.672514334321022 0
1711102280622 0.6600766777992249 0
1711102280656 0.6413992941379547 0
1711102280693 0.6143527776002884 0
1711102280724 0.5782945603132248 0
1711102280770 0.5350843966007233 0
1711102280811 0.49013273790478706 0
1711102280845 0.45221836492419243 0
1711102280878 0.4274002015590668 0
1711102280914 0.4143170118331909 0
1711102280949 0.40723520517349243 0
1711102280985 0.4021318405866623 0
1711102281014 0.3982723467051983 0
1711102281043 0.39573993533849716 0
1711102281074 0.3942854218184948 0
1711102281106 0.39343341439962387 0
1711102281137 0.3928787596523762 0
1711102281166 0.3925492465496063 0
1711102281194 0.3923548720777035 0
1711102281221 0.3921668082475662 0
1711102281250 0.3920398838818073 0
1711102281279 0.3919580355286598 0
1711102281309 0.3918805867433548 0
1711102281340 0.3917668052017689 0
1711102281370 0.39169471338391304 0
