1704449396942 0.7975584864616394 0
1704449396981 0.8056968450546265 0
1704449397040 0.7884028553962708 0
1704449397100 0.7863682508468628 0
1704449397145 0.8799592852592468 0
1704449397204 0.9399796724319458 0
1704449397240 0.950152575969696 0
1704449397273 0.9888097643852234 0
1704449397308 1.0050864219665527 0
1704449397343 1.0386571884155273 0
1704449397377 1.0295015573501587 0
1704449397411 1.0701932907104492 0
1704449397445 1.0701932907104492 0
1704449397478 1.0976601839065552 0
1704449397513 1.163784384727478 0
1704449397547 1.2126144170761108 0
