1708683056840 0.8363636136054993 0
1708683056876 0.8141413927078247 0
1708683056910 0.8282828330993652 0
1708683056946 0.8151515126228333 0
1708683056980 0.8242424130439758 0
1708683057014 0.8111110925674438 0
1708683057050 0.8262626528739929 0
1708683057083 0.8959596157073975 0
1708683057118 0.9232323169708252 0
1708683057154 0.9616161584854126 0
1708683057191 0.9636363387107849 0
1708683057231 0.986868679523468 0
1708683057265 1.0181818008422852 0
1708683057300 1.0484848022460938 0
1708683057333 1.0545454025268555 0
1708683057367 1.0616161823272705 0
1708683057401 1.0767676830291748 0
1708683057435 1.1101009845733643 0
1708683057470 1.1363636255264282 0
1708683057506 1.149495005607605 0
1708683057539 1.1828283071517944 0
1708683057574 1.2262625694274902 0
1708683057608 1.258585810661316 0
