1712311939047 0.7969849109649658 0
1712311939098 0.8160803914070129 0
1712311939148 0.8221105337142944 0
1712311939200 0.8201004862785339 0
1712311939254 0.8341708779335022 0
1712311939309 0.8281406760215759 0
1712311939417 0.8381909728050232 0
1712311939468 0.8180904388427734 0
1712311939522 0.8070351481437683 0
1712311939574 0.8231155872344971 0
1712311939625 0.8100502490997314 0
1712311939675 0.80402010679245 0
1712311939725 0.8100502490997314 0
1712311939775 0.8150753974914551 0
1712311939828 0.8231155872344971 0
1712311939880 0.8190954923629761 0
1712311939932 0.8291457295417786 0
1712311939982 0.8402010202407837 0
1712311940033 0.8492462038993835 0
1712311940084 0.8743718862533569 0
1712311940134 0.9165829420089722 0
1712311940185 0.9246231317520142 0
1712311940235 0.9698492288589478 0
1712311940288 0.9859296679496765 0
1712311940340 0.9939698576927185 0
1712311940405 0.9929648041725159 0
1712311940455 1.008040189743042 0
