1687515127572 0.6919201294581095 0
1687515127614 0.6857789357503256 0
1687515127654 0.6793128252029419 0
1687515127694 0.6702023426691691 0
1687515127735 0.6554444630940756 0
1687515127776 0.6315594553947449 0
1687515127816 0.5964522957801819 0
1687515127855 0.5524531046549479 0
1687515127894 0.5061947226524353 0
1687515127932 0.46632543206214905 0
1687515127976 0.437826806306839 0
1687515128015 0.42024727662404376 0
1687515128054 0.41000888546307884 0
1687515128094 0.403731232881546 0
1687515128134 0.39973554809888207 0
1687515128173 0.3970590551694234 0
1687515128213 0.3953513483206431 0
1687515128253 0.3942080279191335 0
1687515128293 0.3934648712476095 0
1687515128332 0.3929268419742584 0
1687515128372 0.39258175492286684 0
1687515128411 0.39233015378316244 0
1687515128452 0.392112668355306 0
1687515128491 0.3919712245464325 0
1687515128530 0.39185817639033 0
1687515128569 0.3917213320732117 0
1687515128609 0.39163631002108257 0
1687515128648 0.39152931372324623 0
1687515128687 0.39145079453786213 0
1687515128727 0.3913514494895935 0
1687515128765 0.391263073682785 0
1687515128804 0.3911653856436412 0
1687515128843 0.39105982383092247 0
1687515128882 0.3909712274869283 0
1687515128920 0.3908417344093323 0
1687515128960 0.3907451252142588 0
1687515128999 0.390625661611557 0
1687515129039 0.39048694372177123 0
1687515129078 0.3903695325056712 0
1687515129116 0.390252939860026 0
