1692353424426 0.8010362982749939 0
1692353424460 0.804145097732544 0
1692353424493 0.795854926109314 0
1692353424526 0.7979274392127991 0
1692353424560 0.787564754486084 0
1692353424593 0.807253897190094 0
1692353424627 0.807253897190094 0
1692353424660 0.7896373271942139 0
1692353424692 0.804145097732544 0
1692353424724 0.8248704671859741 0
1692353424756 0.8435233235359192 0
1692353424788 0.8860103487968445 0
1692353424820 0.8756476640701294 0
1692353424852 0.9129533767700195 0
1692353424884 0.9170984625816345 0
1692353424918 0.9347150325775146 0
1692353424952 0.9295336604118347 0
1692353424984 0.9367875456809998 0
1692353425015 0.9533678889274597 0
1692353425047 0.9616580605506897 0
1692353425080 0.9554404020309448 0
1692353425112 0.9854922294616699 0
1692353425144 0.9761658310890198 0
