1692353424420 0.6992755383253098 0
1692353424455 0.6923294588923454 0
1692353424488 0.6834365203976631 0
1692353424521 0.6691807955503464 0
1692353424555 0.6447302028536797 0
1692353424588 0.6044670268893242 0
1692353424621 0.546309232711792 0
1692353424655 0.47815461084246635 0
1692353424687 0.42301781848073006 0
1692353424719 0.40098201110959053 0
1692353424751 0.39897598698735237 0
1692353424783 0.3963424861431122 0
1692353424815 0.3932133615016937 0
1692353424847 0.3926006481051445 0
1692353424879 0.39246321842074394 0
1692353424913 0.3922567591071129 0
1692353424947 0.3921162523329258 0
1692353424979 0.39209797605872154 0
1692353425010 0.3919704370200634 0
1692353425042 0.39192255586385727 0
1692353425075 0.39188768342137337 0
1692353425107 0.3917601779103279 0
1692353425139 0.39162905514240265 0
