1688119869829 0.6891626477241516 0
1688119869879 0.6665850679079691 0
1688119869929 0.6188488721847534 0
1688119869979 0.5280803223450978 0
1688119870026 0.430160665512085 0
1688119870074 0.39888022740681967 0
1688119870121 0.39471163352330524 0
1688119870169 0.392519740263621 0
1688119870216 0.3922304054101308 0
1688119870262 0.39199944337209064 0
1688119870309 0.39185205499331155 0
1688119870357 0.3917204956213633 0
1688119870407 0.39154311617215476 0
1688119870456 0.39141878485679626 0
1688119870502 0.39121937155723574 0
1688119870550 0.39105098843574526 0
1688119870596 0.3908533751964569 0
1688119870643 0.3906427760918935 0
1688119870690 0.3904586096604665 0
1688119870736 0.39027981956799823 0
1688119870782 0.3900729358196259 0
1688119870829 0.3898268500963847 0
1688119870875 0.3896292448043823 0
1688119870921 0.3893766164779663 0
1688119870968 0.3891058385372162 0
1688119871016 0.3888746281464895 0
1688119871063 0.38860897620519 0
1688119871110 0.3883048335711161 0
1688119871157 0.3880213399728139 0
1688119871203 0.387752099831899 0
1688119871249 0.3874184330304464 0
1688119871300 0.38705739776293435 0
1688119871350 0.38673125505447387 0
1688119871399 0.3863532026608785 0
1688119871445 0.3859654684861501 0
1688119871494 0.38557944099108377 0
1688119871541 0.38514466881752013 0
1688119871590 0.3847267289956411 0
1688119871638 0.38430049022038776 0
1688119871686 0.3838084538777669 0
