1688119869834 0.8279457688331604 0
1688119869884 0.831074059009552 0
1688119869933 0.8206465244293213 0
1688119869983 0.8269030451774597 0
1688119870030 0.8331595659255981 0
1688119870079 0.8519290685653687 0
1688119870125 0.9040667414665222 0
1688119870173 0.9374348521232605 0
1688119870220 0.9739311933517456 0
1688119870267 0.980187714099884 0
1688119870313 0.9864442348480225 0
1688119870361 1.005213737487793 0
1688119870411 1.0177267789840698 0
1688119870460 1.0302398204803467 0
1688119870507 1.0604796409606934 0
1688119870554 1.0771636962890625 0
1688119870601 1.1084462404251099 0
1688119870648 1.1480709314346313 0
1688119870694 1.1553702354431152 0
1688119870740 1.1668404340744019 0
1688119870786 1.1699687242507935 0
1688119870833 1.188738226890564 0
1688119870879 1.252346158027649 0
1688119870925 1.2513034343719482 0
1688119870972 1.3023983240127563 0
1688119871020 1.3232533931732178 0
1688119871067 1.3190823793411255 0
1688119871115 1.3847757577896118 0
1688119871161 1.3795620203018188 0
1688119871207 1.4066736698150635 0
1688119871253 1.4462982416152954 0
1688119871304 1.5036495923995972 0
1688119871354 1.5078206062316895 0
1688119871403 1.5839415788650513 0
1688119871450 1.5610010623931885 0
1688119871499 1.579770565032959 0
1688119871546 1.6788321733474731 0
1688119871595 1.7194994688034058 0
1688119871643 1.6746611595153809 0
1688119871690 1.7226277589797974 0
