1697191865222 0.7962962985038757 0
1697191865266 0.8086419701576233 0
1697191865309 0.8333333134651184 0
1697191865354 0.8024691343307495 0
1697191865399 0.7890946269035339 0
1697191865444 0.7993826866149902 0
1697191865489 0.8240740895271301 0
1697191865532 0.8858024477958679 0
1697191865576 0.8847736716270447 0
1697191865618 0.9125514626502991 0
1697191865660 0.9537037014961243 0
1697191865703 0.9506173133850098 0
1697191865746 0.9557613134384155 0
1697191865789 0.9722222089767456 0
1697191865834 1.002057671546936 0
1697191865877 0.998971164226532 0
1697191865921 1.0174896717071533 0
1697191865964 1.0637860298156738 0
1697191866007 1.0689300298690796 0
1697191866048 1.058642029762268 0
1697191866090 1.094650149345398 0
1697191866131 1.128600835800171 0
1697191866172 1.1419752836227417 0
