1718359878473 0.7400398254394531 0
1718359878595 0.7549800872802734 0
1718359878635 0.782868504524231 0
1718359878676 0.7968127727508545 0
1718359878718 0.798804759979248 0
1718359878766 0.7878485918045044 0
1718359878810 0.7868525981903076 0
1718359878885 0.7968127727508545 0
1718359879037 0.837649405002594 0
1718359879112 0.8725099563598633 0
1718359879153 0.9133465886116028 0
1718359879193 0.9033864736557007 0
1718359879235 0.9531872272491455 0
1718359879277 0.9482071995735168 0
1718359879318 0.9711155295372009 0
1718359879391 0.9661354422569275 0
1718359879549 0.9860557913780212 0
1718359879616 0.9910358786582947 0
1718359879657 1.018924355506897 0
1718359879695 1.0368525981903076 0
