1708078286213 0.8038422465324402 0
1708078286265 0.7633973956108093 0
1708078286315 0.7532861232757568 0
1708078286378 0.7583417296409607 0
1708078286452 0.7633973956108093 0
1708078286508 0.8786653280258179 0
1708078286561 0.9140545725822449 0
1708078286612 0.9979777336120605 0
1708078286662 1.0293225049972534 0
1708078286714 1.0576339960098267 0
1708078286764 1.0798786878585815 0
1708078286849 1.0788675546646118 0
1708078286983 1.1739130020141602 0
1708078287034 1.1607685089111328 0
1708078287085 1.1951465606689453 0
1708078287135 1.2416582107543945 0
1708078287186 1.2639029026031494 0
1708078287236 1.3458038568496704 0
1708078287286 1.3852375745773315 0
1708078287340 1.4236602783203125 0
