1693563125383 0.8376421928405762 0
1693563125444 0.8355739116668701 0
1693563125482 0.8273009061813354 0
1693563125642 0.8159255385398865 0
1693563125925 0.8304033279418945 0
1693563126209 0.8045501708984375 0
1693563126343 0.7828335165977478 0
1693563126505 0.7973112463951111 0
1693563126544 0.7962771654129028 0
1693563126625 0.8148913979530334 0
1693563126869 0.8407445549964905 0
1693563127154 0.8397104740142822 0
1693563127439 0.8521199822425842 0
1693563127723 0.8479834794998169 0
1693563127896 0.8707342147827148 0
1693563127977 0.9048603773117065 0
1693563128056 0.9058945178985596 0
1693563128137 0.9131333827972412 0
1693563128297 0.9276111721992493 0
1693563128582 0.9234746694564819 0
1693563128867 0.9152016639709473 0
1693563129028 0.9400206804275513 0
1693563129146 0.9410548210144043 0
