1726827177565 0.6681836023926735 0
1726827177629 0.574373041279614 0
1726827177686 0.44869028870016336 0
1726827177740 0.40445692744106054 0
1726827177798 0.3944008778780699 0
1726827177855 0.3924629371613264 0
1726827177913 0.3918911684304476 0
1726827177969 0.39157868456095457 0
1726827178025 0.39117706660181284 0
1726827178081 0.3908451059833169 0
1726827178138 0.3904815660789609 0
1726827178196 0.3901800662279129 0
1726827178252 0.38978240359574556 0
1726827178309 0.38936263136565685 0
1726827178366 0.38885503076016903 0
1726827178423 0.388397098518908 0
1726827178478 0.38784544449299574 0
1726827178535 0.38718930818140507 0
1726827178590 0.3866473576053977 0
1726827178647 0.38588373735547066 0
1726827178704 0.3852073298767209 0
1726827178760 0.3844242366030812 0
1726827178815 0.38361466117203236 0
1726827178871 0.3827844224870205 0
