1725617572094 0.6890944838523865 0
1725617572140 0.6634865775704384 0
1725617572184 0.6109483242034912 0
1725617572228 0.5206192098557949 0
1725617572272 0.43259259313344955 0
1725617572316 0.40942198038101196 0
1725617572363 0.40174562484025955 0
1725617572407 0.3931521885097027 0
1725617572452 0.3931937702000141 0
1725617572497 0.39219098538160324 0
1725617572544 0.39185383543372154 0
1725617572591 0.39157940447330475 0
1725617572638 0.39127541333436966 0
1725617572684 0.39104995131492615 0
1725617572735 0.3908226080238819 0
1725617572783 0.3905838616192341 0
1725617572831 0.3903011940419674 0
