1725617572103 0.8354679942131042 0
1725617572149 0.8147783279418945 0
1725617572193 0.8049260973930359 0
1725617572237 0.8315271139144897 0
1725617572281 0.8305418491363525 0
1725617572326 0.8443349599838257 0
1725617572371 0.8620689511299133 0
1725617572416 0.9379310607910156 0
1725617572460 0.9192118048667908 0
1725617572507 0.9605911374092102 0
1725617572553 0.9615763425827026 0
1725617572601 1.0295566320419312 0
1725617572647 1.0433497428894043 0
1725617572695 1.0837438106536865 0
1725617572745 1.1261084079742432 0
1725617572793 1.128078818321228 0
1725617572841 1.1674877405166626 0
