1723198379537 0.6827816069126129 0
1723198379598 0.6389130316674709 0
1723198379657 0.535969939082861 0
1723198379736 0.42046133801341057 0
1723198379802 0.3997296653687954 0
1723198379859 0.3936229292303324 0
1723198379915 0.39282791689038277 0
1723198379970 0.3925122320652008 0
1723198380031 0.3923072759062052 0
1723198380126 0.3921031095087528 0
1723198380194 0.39193213917315006 0
1723198380379 0.391741456463933 0
1723198380437 0.39154476299881935 0
1723198380502 0.39134817011654377 0
1723198380561 0.39116199128329754 0
1723198380618 0.3909748662263155 0
1723198380677 0.39074486307799816 0
1723198380733 0.3905267585068941 0
1723198380798 0.3902868442237377 0
1723198380855 0.3900109399110079 0
1723198380910 0.3897884003818035 0
1723198380967 0.38952540047466755 0
1723198381026 0.3892898540943861 0
1723198381085 0.3890581112354994 0
1723198381142 0.38867061398923397 0
1723198381206 0.3883058987557888 0
1723198381292 0.3879308495670557 0
1723198381377 0.3875954616814852 0
