1693563074568 0.8376421928405762 0
1693563075054 0.8179938197135925 0
1693563075313 0.8283350467681885 0
1693563075807 0.8231644034385681 0
1693563076291 0.8086866736412048 0
1693563076743 0.8159255385398865 0
1693563077227 0.8076525330543518 0
1693563077537 0.8138573169708252 0
1693563077844 0.8459151983261108 0
1693563078327 0.9007238745689392 0
1693563078731 0.912099301815033 0
1693563078842 0.9100310206413269 0
1693563079147 0.9410548210144043 0
1693563079634 0.949327826499939 0
1693563080122 0.9689761996269226 0
1693563080608 0.9782833456993103 0
1693563081092 0.9906928539276123 0
1693563081579 1.002068281173706 0
1693563082016 1.0206825733184814 0
1693563082332 1.0351603031158447 0
1693563082648 1.0320578813552856 0
1693563082964 1.0579110383987427 0
1693563083280 1.0651499032974243 0
1693563083599 1.0682523250579834 0
1693563083959 1.0941054821014404 0
1693563084278 1.0951396226882935 0
1693563084511 1.100310206413269 0
1693563084828 1.1354705095291138 0
1693563085144 1.1551189422607422 0
1693563085460 1.166494369506836 0
1693563085776 1.1975181102752686 0
1693563086093 1.2099275588989258 0
1693563086328 1.2378489971160889 0
