1714126224051 0.8056111931800842 0
1714126224086 0.8176352977752686 0
1714126224119 0.8126252293586731 0
1714126224152 0.8136272430419922 0
1714126224185 0.7935871481895447 0
1714126224301 0.828657329082489 0
1714126224335 0.8256512880325317 0
1714126224367 0.8446893692016602 0
1714126224400 0.8537074327468872 0
1714126224432 0.8757514953613281 0
1714126224465 0.8957915902137756 0
1714126224498 0.936873733997345 0
1714126224533 0.9719439148902893 0
1714126224567 0.9989979863166809 0
1714126224602 1.0190380811691284 0
1714126224639 1.04609215259552 0
1714126224673 1.0480961799621582 0
1714126224706 1.0470942258834839 0
1714126224738 1.0811623334884644 0
1714126224771 1.0831663608551025 0
1714126224804 1.1122244596481323 0
1714126224836 1.1382765769958496 0
1714126224869 1.1823647022247314 0
1714126224902 1.1603206396102905 0
1714126224934 1.1873747110366821 0
1714126224967 1.2154308557510376 0
1714126225000 1.225450873374939 0
