1692958225016 0.827122151851654 0
1692958225067 0.8250517845153809 0
1692958225133 0.8385093212127686 0
1692958225194 0.8354037404060364 0
1692958225255 0.8240165710449219 0
1692958225322 0.8115941882133484 0
1692958225383 0.8157349824905396 0
1692958225454 0.804347813129425 0
1692958225510 0.7805383205413818 0
1692958225575 0.7795031070709229 0
1692958225642 0.8033125996589661 0
1692958225701 0.8209109902381897 0
1692958225768 0.8405796885490417 0
1692958225828 0.8623188138008118 0
1692958225898 0.8933747410774231 0
1692958225951 0.9296066164970398 0
1692958226028 0.9523809552192688 0
1692958226086 0.9513457417488098 0
1692958226147 0.9482401609420776 0
1692958226214 0.957556962966919 0
1692958226273 0.9803312420845032 0
1692958226350 0.9730848670005798 0
1692958226382 0.9834368824958801 0
1692958226414 0.977225661277771 0
1692958226477 0.9906832575798035 0
1692958226509 1.0124223232269287 0
1692958226573 1.022774338722229 0
1692958226637 1.041407823562622 0
1692958226716 1.046583890914917 0
1692958226752 1.0766046047210693 0
1692958226797 1.0817805528640747 0
1692958226844 1.085921287536621 0
1692958226908 1.10869562625885 0
1692958226960 1.1169772148132324 0
1692958227012 1.1242235898971558 0
1692958227070 1.1614906787872314 0
1692958227132 1.1666666269302368 0
1692958227183 1.1749482154846191 0
1692958227239 1.2028985023498535 0
1692958227290 1.2101448774337769 0
1692958227486 1.2122153043746948 0
1692958227567 1.2370600700378418 0
1692958227643 1.2329192161560059 0
1692958227708 1.2556935548782349 0
1692958227774 1.2639751434326172 0
1692958227849 1.2743271589279175 0
1692958227922 1.3178054094314575 0
1692958227983 1.3343685865402222 0
