1692958225009 0.6850924417376518 0
1692958225062 0.6772189885377884 0
1692958225127 0.6662814021110535 0
1692958225182 0.6495340764522552 0
1692958225249 0.6241291612386703 0
1692958225307 0.5868532657623291 0
1692958225378 0.5367331877350807 0
1692958225439 0.48008596524596214 0
1692958225496 0.4329872727394104 0
1692958225569 0.4086502194404602 0
1692958225628 0.40138158202171326 0
1692958225696 0.39807264134287834 0
1692958225754 0.39474818855524063 0
1692958225823 0.39310435950756073 0
1692958225886 0.39260702580213547 0
1692958225945 0.3923375606536865 0
1692958226005 0.3921331763267517 0
1692958226070 0.3920232206583023 0
1692958226134 0.3919012285768986 0
1692958226200 0.3918115422129631 0
1692958226267 0.3917258717119694 0
1692958226338 0.39160066470503807 0
1692958226377 0.3915005587041378 0
1692958226409 0.3913941830396652 0
1692958226470 0.39137017726898193 0
1692958226504 0.39122599735856056 0
1692958226559 0.39108067750930786 0
1692958226631 0.3909321203827858 0
1692958226700 0.39090991765260696 0
1692958226745 0.39073213562369347 0
1692958226784 0.39071493968367577 0
1692958226839 0.39050333201885223 0
1692958226899 0.39046265557408333 0
1692958226951 0.39019719511270523 0
1692958227006 0.39022210985422134 0
1692958227056 0.39003385975956917 0
1692958227118 0.3899112716317177 0
1692958227177 0.389736782759428 0
1692958227230 0.38960861414670944 0
1692958227282 0.3894861675798893 0
1692958227347 0.3893142156302929 0
1692958227561 0.38914820924401283 0
1692958227626 0.388979222625494 0
1692958227702 0.388763889670372 0
1692958227758 0.38859305530786514 0
1692958227839 0.38843008875846863 0
1692958227917 0.3882172107696533 0
1692958227970 0.38809528201818466 0
