1686305407702 0.7771966457366943 0
1686305407738 0.7719665169715881 0
1686305407776 0.8043932914733887 0
1686305407813 0.8211296796798706 0
1686305407849 0.8253138065338135 0
1686305407885 0.8179916143417358 0
1686305407921 0.8096234202384949 0
1686305407957 0.8169456124305725 0
1686305407994 0.8357740640640259 0
1686305408034 0.8797070980072021 0
1686305408072 0.9330543875694275 0
1686305408110 0.9476987719535828 0
1686305408147 0.9529288411140442 0
1686305408185 0.9675732254981995 0
1686305408222 0.9958158731460571 0
1686305408259 1.0073221921920776 0
1686305408296 1.016736388206482 0
1686305408334 1.01778244972229 0
1686305408370 1.0428869724273682 0
1686305408407 1.0585774183273315 0
1686305408443 1.0627615451812744 0
