1686305407697 0.6876109997431438 0
1686305407734 0.6752577662467957 0
1686305407772 0.6473119219144186 0
1686305407809 0.5925491213798523 0
1686305407845 0.5115888734658559 0
1686305407881 0.4380215009053548 0
1686305407916 0.4072636286417643 0
1686305407953 0.399223393201828 0
1686305407990 0.3950794498125712 0
1686305408030 0.39342772761980693 0
1686305408068 0.39276647369066875 0
1686305408106 0.3924376924832662 0
1686305408143 0.39224858283996583 0
1686305408180 0.3920929630597432 0
1686305408218 0.39198468923568724 0
1686305408255 0.3918506344159444 0
1686305408292 0.39175573786099754 0
1686305408330 0.391606334845225 0
1686305408366 0.39147682388623556 0
1686305408403 0.39132999380429584 0
1686305408439 0.3912077367305756 0
