1719569445971 0.6796295419335365 0
1719569446018 0.6720355655997992 0
1719569446064 0.6607723385095596 0
1719569446161 0.6426750924438238 0
1719569446237 0.6144240647554398 0
1719569446284 0.574108986184001 0
1719569446330 0.5265917107462883 0
1719569446377 0.48048453871160746 0
1719569446425 0.44488424248993397 0
1719569446497 0.42256942205131054 0
1719569446678 0.4100493500009179 0
1719569446810 0.4035522462800145 0
1719569446870 0.39972944278270006 0
1719569446917 0.39703017473220825 0
1719569446964 0.39561514649540186 0
1719569447011 0.39434867072850466 0
1719569447058 0.3936138181015849 0
1719569447149 0.39314953424036503 0
1719569447235 0.39272940810769796 0
1719569447282 0.39243378676474094 0
1719569447328 0.3922627465799451 0
1719569447375 0.3921397663652897 0
1719569447423 0.3919354993849993 0
1719569447470 0.39181863237172365 0
1719569447517 0.3917095586657524 0
1719569447565 0.391711532138288 0
1719569447613 0.3915616935119033 0
1719569447663 0.391480035148561 0
1719569447711 0.3914346247911453 0
1719569447759 0.391350818797946 0
1719569447807 0.39134708885103464 0
1719569447864 0.39119086787104607 0
1719569447928 0.3911819299682975 0
1719569447980 0.3910695184022188 0
1719569448028 0.39098399691283703 0
1719569448078 0.39096564427018166 0
1719569448126 0.39092026837170124 0
1719569448174 0.3908105632290244 0
1719569448256 0.3907029880210757 0
1719569448404 0.3906478127464652 0
1719569448483 0.390572072006762 0
1719569448530 0.3905202178284526 0
