1719569445979 0.8409543037414551 0
1719569446026 0.8339959979057312 0
1719569446072 0.8320079445838928 0
1719569446170 0.8270377516746521 0
1719569446245 0.8439363837242126 0
1719569446292 0.8359841108322144 0
1719569446338 0.8320079445838928 0
1719569446385 0.8290258646011353 0
1719569446433 0.8300198912620544 0
1719569446515 0.8280318379402161 0
1719569446688 0.8310139179229736 0
1719569446819 0.833001971244812 0
1719569446878 0.8349900841712952 0
1719569446925 0.8419483304023743 0
1719569446972 0.8658051490783691 0
1719569447019 0.8578528761863708 0
1719569447067 0.8727633953094482 0
1719569447158 0.8896620273590088 0
1719569447243 0.8936381936073303 0
1719569447290 0.9065606594085693 0
1719569447337 0.916500985622406 0
1719569447384 0.9333996176719666 0
1719569447431 0.9383698105812073 0
1719569447478 0.9413518905639648 0
1719569447525 0.9681908488273621 0
1719569447573 0.9821073412895203 0
1719569447621 0.9910537004470825 0
1719569447672 1.0059641599655151 0
1719569447719 0.9990059733390808 0
1719569447768 1.0129224061965942 0
1719569447815 1.0099403858184814 0
1719569447874 1.026839017868042 0
1719569447937 1.033797264099121 0
1719569447988 1.0397614240646362 0
1719569448036 1.0477137565612793 0
1719569448086 1.044731616973877 0
1719569448134 1.0854871273040771 0
1719569448182 1.0636183023452759 0
1719569448269 1.071570634841919 0
1719569448414 1.077534794807434 0
1719569448492 1.0745526552200317 0
1719569448538 1.0815109014511108 0
