1732270434428 0.8078048825263977 0
1732270434490 0.8234146237373352 0
1732270434549 0.826341450214386 0
1732270434610 0.8507317304611206 0
1732270434679 0.9219512343406677 0
1732270434748 0.973658561706543 0
1732270434807 0.9248780608177185 0
1732270434864 0.9336585402488708 0
1732270434921 1.0321950912475586 0
1732270435011 1.0790244340896606 0
1732270435103 1.0117073059082031 0
1732270435180 1.0565853118896484 0
1732270435238 1.097561001777649 0
1732270435302 1.1297560930252075 0
1732270435368 1.097561001777649 0
1732270435429 1.2195122241973877 0
1732270435487 1.2556097507476807 0
