1715940652684 0.7689999938011169 0
1715940652718 0.7889999747276306 0
1715940652747 0.7929999828338623 0
1715940652775 0.7929999828338623 0
1715940652804 0.7929999828338623 0
1715940652834 0.7960000038146973 0
1715940652905 0.8029999732971191 0
1715940652931 0.7960000038146973 0
1715940652958 0.796999990940094 0
1715940652984 0.7900000214576721 0
1715940653011 0.7919999957084656 0
1715940653037 0.7829999923706055 0
1715940653063 0.7950000166893005 0
1715940653090 0.796999990940094 0
1715940653116 0.8040000200271606 0
1715940653143 0.7950000166893005 0
1715940653169 0.800000011920929 0
1715940653196 0.8019999861717224 0
1715940653222 0.8050000071525574 0
1715940653249 0.8090000152587891 0
1715940653276 0.8069999814033508 0
1715940653303 0.8119999766349792 0
1715940653329 0.843999981880188 0
1715940653356 0.8870000243186951 0
1715940653382 0.925000011920929 0
1715940653409 0.9229999780654907 0
1715940653435 0.9419999718666077 0
1715940653462 0.9390000104904175 0
1715940653489 0.949999988079071 0
1715940653516 0.9570000171661377 0
1715940653544 0.968999981880188 0
1715940653574 0.9950000047683716 0
1715940653602 1.0019999742507935 0
1715940653631 1.0329999923706055 0
1715940653660 1.0490000247955322 0
1715940653688 1.0709999799728394 0
1715940653715 1.0880000591278076 0
1715940653742 1.0920000076293945 0
1715940653769 1.1100000143051147 0
1715940653795 1.1360000371932983 0
1715940653822 1.1339999437332153 0
