1715940652674 0.6850101202726364 0
1715940652711 0.6778512075543404 0
1715940652740 0.6684399545192719 0
1715940652768 0.6557399854063988 0
1715940652796 0.6383277177810669 0
1715940652826 0.6157380193471909 0
1715940652898 0.5880199819803238 0
1715940652924 0.5563872307538986 0
1715940652951 0.5228820815682411 0
1715940652977 0.4911396950483322 0
1715940653004 0.4644857719540596 0
1715940653030 0.44425851479172707 0
1715940653056 0.42988406494259834 0
1715940653083 0.41981033608317375 0
1715940653109 0.4122158773243427 0
1715940653136 0.4067307151854038 0
1715940653162 0.4028092287480831 0
1715940653189 0.3998549282550812 0
1715940653215 0.3977448157966137 0
1715940653242 0.3961350992321968 0
1715940653269 0.3949740640819073 0
1715940653296 0.3940313346683979 0
1715940653322 0.39338115975260735 0
1715940653349 0.3928925506770611 0
1715940653375 0.3925197347998619 0
1715940653402 0.3922029212117195 0
1715940653428 0.39197883754968643 0
1715940653455 0.3918076157569885 0
1715940653481 0.3916534297168255 0
1715940653509 0.3915128894150257 0
1715940653537 0.39138443022966385 0
1715940653566 0.3912600874900818 0
1715940653595 0.391177449375391 0
1715940653624 0.39106933772563934 0
1715940653653 0.390957310795784 0
1715940653681 0.3908763714134693 0
1715940653708 0.3907744660973549 0
1715940653735 0.39066455885767937 0
1715940653762 0.3905704505741596 0
1715940653788 0.39049504324793816 0
1715940653815 0.39040669798851013 0
