1713521471853 0.7693079113960266 0
1713521471895 0.7833500504493713 0
1713521471936 0.7572718262672424 0
1713521471980 0.7703109383583069 0
1713521472024 0.7773320078849792 0
1713521472067 0.80842524766922 0
1713521472111 0.7953861355781555 0
1713521472155 0.8164493441581726 0
1713521472197 0.8194583654403687 0
1713521472240 0.8405215740203857 0
1713521472283 0.870611846446991 0
1713521472327 0.8716148734092712 0
1713521472367 0.8986960649490356 0
1713521472407 0.9167502522468567 0
1713521472448 0.9438315033912659 0
1713521472491 0.9759277701377869 0
1713521472536 0.9869608879089355 0
1713521472580 1.0070210695266724 0
1713521472628 1.017051100730896 0
1713521472677 1.0250751972198486 0
