1725617572959 0.7862069010734558 0
1725617573012 0.8009852170944214 0
1725617573060 0.8137931227684021 0
1725617573105 0.834482729434967 0
1725617573153 0.8167487978935242 0
1725617573202 0.8226600885391235 0
1725617573246 0.8206896781921387 0
1725617573285 0.826600968837738 0
1725617573327 0.8128078579902649 0
1725617573370 0.8837438225746155 0
1725617573412 0.920197069644928 0
1725617573455 0.931034505367279 0
1725617573497 0.9576354622840881 0
1725617573542 0.9694581031799316 0
1725617573584 0.9694581031799316 0
1725617573620 0.9763546586036682 0
1725617573656 1.0147783756256104 0
1725617573694 1.002955675125122 0
1725617573732 1.0256158113479614 0
1725617573770 1.0295566320419312 0
1725617573810 1.042364478111267 0
1725617573851 1.0738916397094727 0
1725617573897 1.0817734003067017 0
1725617573937 1.0778324604034424 0
