1725617572944 0.681784488260746 0
1725617572998 0.6679129600524902 0
1725617573050 0.6459446400403976 0
1725617573093 0.6063728928565979 0
1725617573139 0.5428006052970886 0
1725617573190 0.4671719968318939 0
1725617573235 0.4174533896148205 0
1725617573275 0.40632301568984985 0
1725617573315 0.4003385491669178 0
1725617573359 0.3942514546215534 0
1725617573401 0.39290332049131393 0
1725617573445 0.3924299031496048 0
1725617573486 0.39199866726994514 0
1725617573531 0.3918831832706928 0
1725617573574 0.39174919947981834 0
1725617573611 0.3916276656091213 0
1725617573646 0.39150282368063927 0
1725617573684 0.39136986061930656 0
1725617573723 0.3912421129643917 0
1725617573761 0.3911621570587158 0
1725617573800 0.39097336307168007 0
1725617573838 0.3908221274614334 0
1725617573887 0.3906649872660637 0
1725617573927 0.39048491790890694 0
