1724407937686 0.8567193746566772 0
1724407937740 0.8053359389305115 0
1724407937792 0.812252938747406 0
1724407937848 0.8073122501373291 0
1724407937895 0.7924901247024536 0
1724407937943 0.7994071245193481 0
1724407937992 0.8221343755722046 0
1724407938043 0.8349802494049072 0
1724407938091 0.8794466257095337 0
1724407938137 0.9555336236953735 0
1724407938191 0.9911067485809326 0
1724407938241 1.04347825050354 0
1724407938294 1.0326087474822998 0
1724407938355 1.0405138731002808 0
1724407938495 1.0741106271743774 0
1724407938560 1.088932752609253 0
1724407938625 1.1047431230545044 0
1724407938682 1.1225296258926392 0
1724407938842 1.1660078763961792 0
1724407938932 1.155138373374939 0
1724407939004 1.1709486246109009 0
1724407939068 1.2134387493133545 0
1724407939125 1.2223320007324219 0
