1724407937676 0.6835400555282831 0
1724407937731 0.6707965098321438 0
1724407937782 0.6390755735337734 0
1724407937840 0.5721120778471231 0
1724407937887 0.4834614833816886 0
1724407937934 0.42157560028135777 0
1724407937982 0.4010861860588193 0
1724407938035 0.3954343320801854 0
1724407938082 0.39332787971943617 0
1724407938129 0.39248765259981155 0
1724407938182 0.39210585225373507 0
1724407938232 0.3918449766933918 0
1724407938286 0.39166016783565283 0
1724407938346 0.3915300304070115 0
1724407938484 0.39133954886347055 0
1724407938548 0.391202125698328 0
1724407938614 0.39100306853652 0
1724407938672 0.3908883510157466 0
1724407938830 0.39073130395263433 0
1724407938920 0.3905243091285229 0
1724407938990 0.3903179746121168 0
1724407939058 0.39014007337391376 0
1724407939115 0.38990049809217453 0
