1683886227173 0.7932843565940857 0
1683886227202 0.7943336963653564 0
1683886227230 0.8184679746627808 0
1683886227258 0.8237146139144897 0
1683886227286 0.8300104737281799 0
1683886227315 0.8247638940811157 0
1683886227344 0.8048268556594849 0
1683886227373 0.8247638940811157 0
1683886227401 0.8016788959503174 0
1683886227429 0.8090241551399231 0
1683886227459 0.8111227750778198 0
1683886227487 0.8132213950157166 0
1683886227516 0.8090241551399231 0
1683886227545 0.8037775158882141 0
1683886227574 0.822665274143219 0
1683886227603 0.8184679746627808 0
1683886227636 0.8195173144340515 0
1683886227681 0.8069254755973816 0
1683886227725 0.8016788959503174 0
1683886227760 0.7995802760124207 0
1683886227827 0.8048268556594849 0
1683886227884 0.8184679746627808 0
1683886227951 0.8205666542053223 0
1683886228011 0.8216159343719482 0
1683886228072 0.822665274143219 0
1683886228127 0.8300104737281799 0
1683886228186 0.8352570533752441 0
1683886228236 0.8488982319831848 0
1683886228314 0.8646379709243774 0
1683886228375 0.8751311898231506 0
1683886228434 0.8730325102806091 0
1683886228535 0.8835257291793823 0
1683886228623 0.8898215889930725 0
1683886228697 0.898216187953949 0
1683886228790 0.9066107273101807 0
1683886228872 0.9275970458984375 0
1683886228953 0.9349423050880432 0
1683886229036 0.9664218425750732 0
1683886229122 0.9758656620979309 0
1683886229211 0.9727177619934082 0
1683886229296 0.9821615815162659 0
1683886229365 0.9790136218070984 0
1683886229426 0.9926548004150391 0
1683886229482 1.0 0
1683886229533 1.013641119003296 0
1683886229590 1.0188877582550049 0
1683886229649 1.0325288772583008 0
1683886229700 1.0314795970916748 0
1683886229759 1.0346274375915527 0
