1683886227169 0.6870008856058121 0
1683886227198 0.6834797188639641 0
1683886227226 0.6795631721615791 0
1683886227255 0.6751405745744705 0
1683886227283 0.6696293652057648 0
1683886227311 0.6628215909004211 0
1683886227340 0.6542530357837677 0
1683886227369 0.6431671753525734 0
1683886227397 0.629722461104393 0
1683886227426 0.6130934804677963 0
1683886227455 0.5934980735182762 0
1683886227483 0.5710118561983109 0
1683886227512 0.5463513061404228 0
1683886227541 0.5206180661916733 0
1683886227570 0.4953028969466686 0
1683886227599 0.4722610339522362 0
1683886227632 0.45275410264730453 0
1683886227661 0.4367215670645237 0
1683886227721 0.42458953708410263 0
1683886227755 0.41620687395334244 0
1683886227822 0.41021863743662834 0
1683886227880 0.4062117971479893 0
1683886227938 0.4035266935825348 0
1683886227997 0.4008093550801277 0
1683886228068 0.39912188425660133 0
1683886228122 0.39759647101163864 0
1683886228182 0.39655059576034546 0
1683886228231 0.3956020437180996 0
1683886228295 0.39476247876882553 0
1683886228371 0.394250001758337 0
1683886228430 0.39373743161559105 0
1683886228517 0.3932231180369854 0
1683886228618 0.3929574638605118 0
1683886228691 0.3927510119974613 0
1683886228771 0.3925008662045002 0
1683886228865 0.39237963780760765 0
1683886228945 0.39215200394392014 0
1683886229010 0.3920336440205574 0
1683886229115 0.39201803132891655 0
1683886229184 0.39181696251034737 0
1683886229279 0.39175011962652206 0
1683886229361 0.3915795274078846 0
1683886229422 0.39143699407577515 0
1683886229478 0.39147763699293137 0
1683886229529 0.39134466648101807 0
1683886229586 0.3911678418517113 0
1683886229644 0.3911839872598648 0
1683886229696 0.39107613638043404 0
1683886229755 0.3909687474370003 0
