1701425486774 0.7977527976036072 0
1701425486819 0.7885597348213196 0
1701425486864 0.8008171319961548 0
1701425486904 0.82533198595047 0
1701425486950 0.838610827922821 0
1701425486993 0.8345250487327576 0
1701425487047 0.8079673051834106 0
1701425487114 0.8273748755455017 0
1701425487204 0.8345250487327576 0
1701425487314 0.8345250487327576 0
1701425487581 0.8273748755455017 0
1701425487634 0.8345250487327576 0
1701425487680 0.8232890963554382 0
1701425487738 0.8212461471557617 0
1701425487799 0.8243105411529541 0
1701425487860 0.81920325756073 0
1701425487913 0.8181818127632141 0
1701425487971 0.8263534307479858 0
1701425488060 0.8314606547355652 0
1701425488232 0.8304392099380493 0
1701425488293 0.8478038907051086 0
1701425488368 0.8610827326774597 0
1701425488439 0.8733401298522949 0
1701425488608 0.8753830194473267 0
1701425488667 0.8815117478370667 0
1701425488773 0.912155270576477 0
1701425488836 0.9182839393615723 0
1701425488879 0.9315628409385681 0
1701425488918 0.9448416829109192 0
1701425488957 0.9366700649261475 0
1701425488995 0.9560776352882385 0
1701425489032 0.9509703516960144 0
1701425489071 0.9560776352882385 0
1701425489108 0.9693564772605896 0
1701425489148 0.9805924296379089 0
1701425489185 0.9754852056503296 0
1701425489226 0.9897854924201965 0
1701425489263 0.9897854924201965 0
1701425489301 0.9918283820152283 0
1701425489341 0.99387127161026 0
1701425489381 0.9836567640304565 0
1701425489464 0.9948927760124207 0
1701425489615 0.9948927760124207 0
1701425489662 1.0091930627822876 0
1701425489753 1.0091930627822876 0
1701425489842 1.0224719047546387 0
1701425489933 1.0296220779418945 0
1701425490008 1.0367722511291504 0
1701425490053 1.0388151407241821 0
