1701425486767 0.6974396407604218 0
1701425486810 0.6936550512909889 0
1701425486857 0.6897043511271477 0
1701425486898 0.6851367652416229 0
1701425486942 0.6793648153543472 0
1701425486986 0.6715607717633247 0
1701425487038 0.6610134094953537 0
1701425487097 0.6465720981359482 0
1701425487186 0.626943975687027 0
1701425487303 0.6015271618962288 0
1701425487573 0.5696715041995049 0
1701425487624 0.5329200401902199 0
1701425487674 0.49427124857902527 0
1701425487727 0.4580680578947067 0
1701425487788 0.4289621338248253 0
1701425487850 0.40980053320527077 0
1701425487903 0.399753924459219 0
1701425487962 0.3957958482205868 0
1701425488013 0.3948124013841152 0
1701425488221 0.394228920340538 0
1701425488284 0.3936822861433029 0
1701425488357 0.39320026710629463 0
1701425488427 0.39290420338511467 0
1701425488598 0.39269524067640305 0
1701425488659 0.39257967472076416 0
1701425488761 0.39251453801989555 0
1701425488825 0.3924063816666603 0
1701425488873 0.39233316481113434 0
1701425488912 0.3922569192945957 0
1701425488951 0.3922245129942894 0
1701425488988 0.3921399191021919 0
1701425489026 0.3921375498175621 0
1701425489064 0.39202236756682396 0
1701425489102 0.3919719234108925 0
1701425489141 0.3919872157275677 0
1701425489179 0.3918815739452839 0
1701425489219 0.39187484234571457 0
1701425489257 0.39181437343358994 0
1701425489295 0.39173175022006035 0
1701425489334 0.3917279802262783 0
1701425489373 0.39166057109832764 0
1701425489455 0.3916133977472782 0
1701425489564 0.39159952104091644 0
1701425489654 0.3914879113435745 0
1701425489698 0.3914644941687584 0
1701425489793 0.3914063982665539 0
1701425489885 0.39136233925819397 0
1701425490001 0.3913068659603596 0
1701425490046 0.39125199243426323 0
