1705054261408 0.6900671906769276 0
1705054261480 0.6794032119214535 0
1705054261525 0.659102413803339 0
1705054261569 0.616797924041748 0
1705054261615 0.5442156866192818 0
1705054261667 0.4617443270981312 0
1705054261751 0.41213892586529255 0
1705054261851 0.3993821069598198 0
1705054261906 0.39513287134468555 0
1705054261951 0.3932865932583809 0
1705054262187 0.39257023110985756 0
1705054262241 0.39213342405855656 0
1705054262290 0.3919519744813442 0
1705054262345 0.39174703881144524 0
1705054262390 0.3916025720536709 0
1705054262436 0.3914992865175009 0
1705054262484 0.3913392685353756 0
1705054262535 0.39120321720838547 0
1705054262745 0.3910179119557142 0
1705054262846 0.3909139595925808 0
