1705054261416 0.815040647983551 0
1705054261486 0.8170731663703918 0
1705054261532 0.8160569071769714 0
1705054261576 0.8373983502388 0
1705054261622 0.8130081295967102 0
1705054261674 0.8018292784690857 0
1705054261760 0.7987805008888245 0
1705054261861 0.8252032399177551 0
1705054261913 0.8373983502388 0
1705054261961 0.8648374080657959 0
1705054262198 0.8861788511276245 0
1705054262249 0.8993902206420898 0
1705054262301 0.9674796462059021 0
1705054262352 1.0162601470947266 0
1705054262397 1.029471516609192 0
1705054262443 1.0325202941894531 0
1705054262493 1.0741870403289795 0
1705054262555 1.1006097793579102 0
1705054262755 1.112804889678955 0
1705054262853 1.114837408065796 0
