1702635033395 0.7951070070266724 0
1702635033452 0.7798165082931519 0
1702635033516 0.7849133610725403 0
1702635033662 0.7645260095596313 0
1702635033750 0.7920489311218262 0
1702635033799 0.7920489311218262 0
1702635033845 0.7951070070266724 0
1702635033891 0.7981651425361633 0
1702635033938 0.8277267813682556 0
1702635033984 0.8216106295585632 0
1702635034031 0.8165137767791748 0
1702635034081 0.8236493468284607 0
1702635034130 0.8399592041969299 0
1702635034179 0.8797145485877991 0
1702635034229 0.8786951899528503 0
1702635034280 0.903160035610199 0
1702635034329 0.932721734046936 0
1702635034380 0.9490315914154053 0
1702635034430 0.966360867023468 0
1702635034487 0.9806320071220398 0
1702635034537 0.9796126484870911 0
1702635034591 0.9826707243919373 0
1702635034639 1.0 0
