1717150315797 0.6893909499049187 0
1717150315868 0.6710694581270218 0
1717150315921 0.6404627710580826 0
1717150315968 0.5855285823345184 0
1717150316008 0.5029891952872276 0
1717150316065 0.4239652380347252 0
1717150316102 0.39969445392489433 0
1717150316139 0.4013276621699333 0
1717150316176 0.39438988640904427 0
1717150316214 0.39279936626553535 0
1717150316264 0.3928796462714672 0
1717150316303 0.3922256976366043 0
1717150316342 0.3921003118157387 0
1717150316381 0.3919156342744827 0
1717150316417 0.39174726605415344 0
1717150316469 0.3916483446955681 0
1717150316512 0.39147859439253807 0
