1717150315806 0.7904191613197327 0
1717150315878 0.7784430980682373 0
1717150315932 0.7884231805801392 0
1717150315976 0.8223552703857422 0
1717150316018 0.8073852062225342 0
1717150316073 0.8093812465667725 0
1717150316110 0.8183632493019104 0
1717150316147 0.8463073968887329 0
1717150316184 0.9141716361045837 0
1717150316222 0.9491018056869507 0
1717150316272 0.9680638909339905 0
1717150316311 0.9650698900222778 0
1717150316349 1.0049899816513062 0
1717150316388 1.033932089805603 0
1717150316435 1.0099800825119019 0
1717150316476 1.0269460678100586 0
1717150316522 1.0259480476379395 0
