1703239833373 0.6998756006360054 0
1703239833400 0.6962309181690216 0
1703239833424 0.6922903433442116 0
1703239833448 0.6869999095797539 0
1703239833471 0.679419033229351 0
1703239833494 0.6682537347078323 0
1703239833517 0.6527619808912277 0
1703239833540 0.63221076130867 0
1703239833563 0.6063858270645142 0
1703239833586 0.5755487084388733 0
1703239833609 0.5413415059447289 0
1703239833633 0.5061426535248756 0
1703239833656 0.4736013524234295 0
1703239833679 0.447103314101696 0
1703239833705 0.4277542382478714 0
1703239833732 0.4151211939752102 0
1703239833755 0.40754441171884537 0
1703239833780 0.40283817052841187 0
1703239833804 0.3996844030916691 0
1703239833828 0.3973197527229786 0
1703239833851 0.3956315852701664 0
1703239833874 0.39444074779748917 0
1703239833897 0.3936436288058758 0
1703239833920 0.3931662030518055 0
1703239833943 0.39284587651491165 0
1703239833972 0.39251091331243515 0
1703239834002 0.39242253080010414 0
1703239834029 0.3923279605805874 0
1703239834053 0.3922131918370724 0
1703239834078 0.39214051887393 0
1703239834101 0.39208389446139336 0
1703239834125 0.39202213287353516 0
1703239834150 0.3919835016131401 0
1703239834176 0.3919128142297268 0
1703239834204 0.39189157634973526 0
1703239834229 0.3918047957122326 0
1703239834254 0.39176464825868607 0
1703239834279 0.39172273501753807 0
1703239834302 0.39164886251091957 0
1703239834328 0.39161456003785133 0
1703239834353 0.3915461264550686 0
1703239834376 0.3915029652416706 0
1703239834401 0.3914598412811756 0
1703239834430 0.39136188849806786 0
1703239834460 0.39128875732421875 0
1703239834485 0.39124593883752823 0
1703239834511 0.39118508622050285 0
1703239834536 0.3911326341331005 0
1703239834561 0.39103827252984047 0
1703239834587 0.3910009078681469 0
1703239834614 0.39091407135128975 0
1703239834637 0.3908156380057335 0
1703239834677 0.3907643295824528 0
