1691143908936 0.7943925261497498 0
1691143908972 0.7995846271514893 0
1691143909007 0.7912772297859192 0
1691143909042 0.792315661907196 0
1691143909076 0.7933540940284729 0
1691143909111 0.773624062538147 0
1691143909177 0.7663551568984985 0
1691143909244 0.7860851287841797 0
1691143909325 0.7829698920249939 0
1691143909383 0.7725856900215149 0
1691143909457 0.8006230592727661 0
1691143909523 0.9013499617576599 0
1691143909594 0.920041561126709 0
1691143909658 0.9418483972549438 0
1691143909731 0.9553478956222534 0
1691143909791 0.9750778675079346 0
1691143909852 0.9823468327522278 0
