1691143908930 0.6955878436565399 0
1691143908967 0.6847545355558395 0
1691143909002 0.6681832373142242 0
1691143909036 0.6395317316055298 0
1691143909071 0.5945225283503532 0
1691143909106 0.5327641069889069 0
1691143909171 0.46852653473615646 0
1691143909230 0.42474450916051865 0
1691143909308 0.40911009535193443 0
1691143909378 0.4030221328139305 0
1691143909451 0.3967840448021889 0
1691143909509 0.3936702460050583 0
1691143909580 0.3927689976990223 0
1691143909653 0.39226745441555977 0
1691143909721 0.3918708972632885 0
1691143909785 0.3916908800601959 0
1691143909845 0.391640979796648 0
