1689329517899 0.6855246943812217 0
1689329517969 0.6706464636710382 0
1689329518037 0.6415853750321173 0
1689329518103 0.5911175166406939 0
1689329518170 0.5170698983054007 0
1689329518236 0.4489652129911607 0
1689329518302 0.4140808303509989 0
1689329518369 0.4016391654168406 0
1689329518436 0.39625940015239103 0
1689329518502 0.3947343989726036 0
1689329518569 0.39364843214711837 0
1689329518636 0.39290265306349725 0
1689329518703 0.3924473956707985 0
1689329518767 0.39243918849575904 0
1689329518836 0.3927651576457485 0
1689329518903 0.3923186804017713 0
1689329518972 0.39189287635587877 0
1689329519039 0.391869495953283 0
1689329519106 0.3915409907217949 0
1689329519174 0.39143270830954274 0
1689329519240 0.39160065304848457 0
1689329519306 0.39121706831839775 0
1689329519376 0.39119971375311574 0
1689329519506 0.3911276815399047 0
1689329519621 0.3910952095062502 0
1689329519734 0.39072027321784725 0
1689329519807 0.39059451606965834 0
1689329519879 0.39081190286144135 0
1689329519995 0.390638284144863 0
1689329520084 0.3902812388635451 0
1689329520160 0.3900926036219443 0
