1686305404768 0.6867407282193502 0
1686305404835 0.6227496763070425 0
1686305404894 0.4806853155295054 0
1686305404953 0.4093137522538503 0
1686305405011 0.39558767080307006 0
1686305405069 0.3929204632838567 0
1686305405127 0.39217071831226347 0
1686305405184 0.3918610473473867 0
1686305405243 0.391523144642512 0
1686305405299 0.3912678380807241 0
1686305405356 0.3908977786699931 0
1686305405413 0.390559912721316 0
1686305405470 0.3901386102040609 0
1686305405527 0.3897247205177943 0
1686305405583 0.3893734961748123 0
1686305405641 0.38891140520572665 0
