1683886229915 0.6927871783574422 0
1683886229981 0.6848215103149414 0
1683886230016 0.673464818795522 0
1683886230066 0.6548848549524943 0
1683886230146 0.6241795698801677 0
1683886230215 0.576698633035024 0
1683886230290 0.5165693501631419 0
1683886230356 0.459401535987854 0
1683886230418 0.4218813955783844 0
1683886230505 0.40556917786598207 0
1683886230556 0.39959533015886944 0
1683886230615 0.3965692361195882 0
1683886230670 0.3948100725809733 0
1683886230737 0.39373491406440736 0
1683886230786 0.39319562911987305 0
1683886230837 0.39284796118736265 0
1683886230877 0.392602668205897 0
1683886230917 0.39246166944503785 0
1683886230954 0.39233259558677674 0
1683886231195 0.39224348664283754 0
1683886231253 0.39216869870821636 0
1683886231327 0.392093292872111 0
1683886231387 0.3920257826646169 0
1683886231465 0.39194649855295816 0
1683886231536 0.3918946484724681 0
1683886231627 0.3918102045853933 0
1683886231785 0.3917669773101807 0
1683886231834 0.39169409275054934 0
1683886231917 0.3916255156199137 0
1683886232000 0.39156974156697594 0
1683886232067 0.39148655732472737 0
1683886232135 0.39141818284988406 0
1683886232200 0.39132978320121764 0
1683886232352 0.39125882387161254 0
1683886232429 0.39118382732073465 0
1683886232493 0.39112021724383034 0
1683886232530 0.39106454451878864 0
1683886232572 0.39096435308456423 0
1683886232664 0.3908843775590261 0
1683886232717 0.3908006131649017 0
1683886232754 0.39072559475898744 0
1683886232829 0.3906295339266459 0
1683886232948 0.3905608634154002 0
1683886232992 0.390452915430069 0
1683886233044 0.3903668224811554 0
