1683886229920 0.8142707347869873 0
1683886229984 0.8111227750778198 0
1683886230024 0.7964323163032532 0
1683886230081 0.7922350764274597 0
1683886230157 0.7733473181724548 0
1683886230231 0.7701993584632874 0
1683886230294 0.7869884371757507 0
1683886230360 0.7722979784011841 0
1683886230424 0.7796432375907898 0
1683886230509 0.7701993584632874 0
1683886230569 0.7932843565940857 0
1683886230626 0.7859391570091248 0
1683886230674 0.8027282357215881 0
1683886230741 0.8258132338523865 0
1683886230793 0.8405036926269531 0
1683886230841 0.8845750093460083 0
1683886230881 0.899265468120575 0
1683886230921 0.8814270496368408 0
1683886230957 0.9045120477676392 0
1683886231200 0.9118573069572449 0
1683886231257 0.92444908618927 0
1683886231332 0.9275970458984375 0
1683886231398 0.92444908618927 0
1683886231477 0.9317943453788757 0
1683886231550 0.9338929653167725 0
1683886231726 0.9580273032188416 0
1683886231789 0.9748163819313049 0
1683886231843 0.9580273032188416 0
1683886231930 0.9758656620979309 0
1683886232004 0.9737670421600342 0
1683886232073 0.9748163819313049 0
1683886232140 0.9884575009346008 0
1683886232204 0.9989506602287292 0
1683886232368 1.007345199584961 0
1683886232441 1.0031479597091675 0
1683886232497 1.0167890787124634 0
1683886232534 1.0178383588790894 0
1683886232576 1.0377753973007202 0
1683886232669 1.0461699962615967 0
1683886232721 1.0398740768432617 0
1683886232758 1.0503672361373901 0
1683886232834 1.0650577545166016 0
1683886232954 1.064008355140686 0
1683886232995 1.0745015144348145 0
1683886233052 1.0870933532714844 0
