1704449407402 0.695434108376503 0
1704449407428 0.6936425268650055 0
1704449407453 0.6918431967496872 0
1704449407478 0.6899537071585655 0
1704449407503 0.6878657788038254 0
1704449407529 0.6854323595762253 0
1704449407557 0.6825000420212746 0
1704449407584 0.6791700273752213 0
1704449407611 0.6752301305532455 0
1704449407637 0.6705804616212845 0
1704449407663 0.6651324555277824 0
1704449407689 0.6590348556637764 0
1704449407715 0.6517770737409592 0
1704449407742 0.6438609063625336 0
1704449407770 0.6349816396832466 0
1704449407796 0.625244490802288 0
1704449407822 0.6145981624722481 0
1704449407848 0.603153370320797 0
1704449407875 0.5908693969249725 0
1704449407901 0.5777884051203728 0
1704449407928 0.5639978870749474 0
1704449407960 0.5496242791414261 0
1704449407987 0.5351165980100632 0
1704449408016 0.5205083787441254 0
1704449408042 0.5062776282429695 0
1704449408067 0.49251341819763184 0
1704449408093 0.47948119416832924 0
1704449408118 0.46728337556123734 0
1704449408147 0.45654695108532906 0
1704449408174 0.4469098597764969 0
1704449408199 0.4385037049651146 0
1704449408227 0.4313388802111149 0
1704449408252 0.425334632396698 0
1704449408277 0.4207049049437046 0
1704449408303 0.4164751470088959 0
1704449408329 0.4133359231054783 0
1704449408354 0.4103894978761673 0
1704449408378 0.4082777537405491 0
1704449408406 0.40643221139907837 0
1704449408431 0.4045949876308441 0
1704449408456 0.4032333046197891 0
1704449408480 0.4019551984965801 0
1704449408504 0.40095826610922813 0
1704449408529 0.4000059738755226 0
1704449408553 0.3990340307354927 0
1704449408577 0.3982687219977379 0
1704449408602 0.3976951278746128 0
1704449408626 0.3969404697418213 0
1704449408652 0.3965403474867344 0
1704449408676 0.39588069170713425 0
1704449408701 0.39554230868816376 0
1704449408726 0.3951500430703163 0
1704449408751 0.39479443058371544 0
1704449408777 0.39445923268795013 0
1704449408802 0.3941446393728256 0
1704449408829 0.393910251557827 0
1704449408854 0.39368267729878426 0
1704449408885 0.39348361268639565 0
1704449408923 0.39325496926903725 0
1704449408955 0.3931010328233242 0
1704449408985 0.3929777927696705 0
1704449409102 0.3928479999303818 0
1704449409412 0.3927544169127941 0
1704449409581 0.39256618171930313 0
1704449409608 0.39250215888023376 0
1704449409635 0.3923622593283653 0
1704449409665 0.3923366256058216 0
1704449409709 0.39226511493325233 0
1704449409747 0.3921360783278942 0
1704449409784 0.39206118881702423 0
1704449409815 0.3920288607478142 0
1704449409847 0.3919556960463524 0
1704449409875 0.3919046111404896 0
1704449409903 0.3918723240494728 0
1704449409930 0.39180611819028854 0
1704449409957 0.39178260415792465 0
1704449409982 0.39178965240716934 0
