1694167815802 0.6890076249837875 0
1694167815832 0.6847995594143867 0
1694167815861 0.680002249777317 0
1694167815890 0.6742763519287109 0
1694167815921 0.667352557182312 0
1694167815950 0.658762589097023 0
1694167815979 0.6484061032533646 0
1694167816008 0.63609329611063 0
1694167816036 0.6217630580067635 0
1694167816064 0.6051836609840393 0
1694167816092 0.5861707925796509 0
1694167816121 0.564866915345192 0
1694167816149 0.5419366136193275 0
1694167816178 0.5185970142483711 0
1694167816206 0.49585995078086853 0
1694167816235 0.4756815917789936 0
1694167816262 0.4581444002687931 0
1694167816290 0.4437971003353596 0
1694167816319 0.43228597193956375 0
1694167816347 0.42394213005900383 0
1694167816376 0.41737909615039825 0
1694167816405 0.41216037794947624 0
1694167816433 0.40829743444919586 0
1694167816461 0.4051029682159424 0
1694167816490 0.4026440680027008 0
1694167816520 0.4008352644741535 0
1694167816549 0.39890602976083755 0
1694167816577 0.39754771813750267 0
1694167816605 0.39650827273726463 0
1694167816634 0.39570198580622673 0
1694167816662 0.3948173336684704 0
1694167816690 0.3941848613321781 0
1694167816719 0.3937760032713413 0
1694167816748 0.3934015892446041 0
1694167816776 0.39309948310256004 0
1694167816805 0.3926796466112137 0
1694167816834 0.39240938425064087 0
1694167816862 0.3922000490128994 0
1694167816891 0.39203760027885437 0
1694167816919 0.3919375538825989 0
1694167816948 0.3917575590312481 0
1694167816977 0.3915965333580971 0
1694167817005 0.39154041558504105 0
1694167817034 0.3914022892713547 0
1694167817063 0.3913215361535549 0
1694167817092 0.3911604471504688 0
1694167817121 0.39105891063809395 0
1694167817150 0.3910098560154438 0
1694167817179 0.390880286693573 0
