1694167815808 0.7706611752510071 0
1694167815837 0.7654958963394165 0
1694167815866 0.7675619721412659 0
1694167815895 0.7644628286361694 0
1694167815926 0.7665289044380188 0
1694167815955 0.7634297609329224 0
1694167815984 0.7665289044380188 0
1694167816012 0.7913222908973694 0
1694167816041 0.7716942429542542 0
1694167816069 0.7861570119857788 0
1694167816097 0.7923553586006165 0
1694167816126 0.7778925895690918 0
1694167816154 0.7623966932296753 0
1694167816183 0.7737603187561035 0
1694167816211 0.7706611752510071 0
1694167816240 0.7706611752510071 0
1694167816267 0.7706611752510071 0
1694167816295 0.7706611752510071 0
1694167816324 0.7706611752510071 0
1694167816352 0.7727272510528564 0
1694167816381 0.7830578684806824 0
1694167816410 0.7954545617103577 0
1694167816438 0.8006198406219482 0
1694167816466 0.8057851195335388 0
1694167816495 0.8140496015548706 0
1694167816524 0.8140496015548706 0
1694167816554 0.8130165338516235 0
1694167816581 0.8192148804664612 0
1694167816610 0.8264462947845459 0
1694167816639 0.8316115736961365 0
1694167816667 0.8398760557174683 0
1694167816695 0.8388429880142212 0
1694167816724 0.8419421315193176 0
1694167816753 0.8409090638160706 0
1694167816781 0.8512396812438965 0
1694167816810 0.8615702390670776 0
1694167816839 0.8770661354064941 0
1694167816867 0.8966942429542542 0
1694167816896 0.9080578684806824 0
1694167816924 0.932851254940033 0
1694167816953 0.9483470916748047 0
1694167816981 0.96074378490448 0
1694167817010 0.9834710955619812 0
1694167817039 0.9938016533851624 0
1694167817068 1.0175620317459106 0
1694167817097 1.038223147392273 0
1694167817126 1.0537190437316895 0
1694167817155 1.0423554182052612 0
1694167817184 1.0588842630386353 0
