1697191866260 0.7664608955383301 0
1697191866302 0.7757201790809631 0
1697191866342 0.7911522388458252 0
1697191866383 0.806584358215332 0
1697191866424 0.8148148059844971 0
1697191866465 0.838477373123169 0
1697191866507 0.911522626876831 0
1697191866549 0.9156378507614136 0
1697191866589 0.9609053730964661 0
1697191866630 0.9639917612075806 0
1697191866670 0.9650205969810486 0
1697191866711 0.9701645970344543 0
1697191866751 0.9814814925193787 0
1697191866790 0.9948559403419495 0
1697191866831 1.0 0
1697191866873 1.0545268058776855 0
1697191866913 1.0812757015228271 0
1697191866953 1.0823044776916504 0
1697191866993 1.0792181491851807 0
1697191867034 1.0843621492385864 0
