1709287850789 0.8070707321166992 0
1709287850823 0.7686868906021118 0
1709287850857 0.7989898920059204 0
1709287850890 0.7838383913040161 0
1709287850923 0.7828282713890076 0
1709287850959 0.7828282713890076 0
1709287851034 0.7979797720909119 0
1709287851068 0.8252525329589844 0
1709287851102 0.8848484754562378 0
1709287851137 0.9272727370262146 0
1709287851170 0.9575757384300232 0
1709287851204 0.9626262784004211 0
1709287851242 0.9858585596084595 0
1709287851276 1.0 0
1709287851309 1.0242424011230469 0
1709287851345 1.016161561012268 0
1709287851381 1.0505050420761108 0
1709287851418 1.0545454025268555 0
1709287851455 1.0404040813446045 0
1709287851489 1.0646464824676514 0
1709287851522 1.09494948387146 0
1709287851557 1.1151515245437622 0
1709287851592 1.1080808639526367 0
1709287851626 1.1141414642333984 0
1709287851662 1.1555556058883667 0
1709287851697 1.1767677068710327 0
