1709287850783 0.6889654062688351 0
1709287850816 0.6682571843266487 0
1709287850850 0.6243619062006474 0
1709287850884 0.5482818372547626 0
1709287850917 0.4679288174957037 0
1709287850951 0.4230310805141926 0
1709287851027 0.40536013431847095 0
1709287851062 0.39725844003260136 0
1709287851096 0.394134609028697 0
1709287851130 0.39283646643161774 0
1709287851164 0.3923617713153362 0
1709287851197 0.3919889237731695 0
1709287851235 0.39178522303700447 0
1709287851269 0.3916087616235018 0
1709287851303 0.3915443904697895 0
1709287851338 0.3913699518889189 0
1709287851374 0.3912407848984003 0
1709287851411 0.3910744749009609 0
1709287851448 0.39102692529559135 0
1709287851482 0.39074577018618584 0
1709287851515 0.3906572759151459 0
1709287851550 0.39047571271657944 0
1709287851585 0.3902831804007292 0
1709287851620 0.3901085965335369 0
1709287851655 0.3899045027792454 0
1709287851691 0.38970298133790493 0
