1700215816914 0.6821043972046145 0
1700215816955 0.6155474993490404 0
1700215816994 0.4718769452264232 0
1700215817035 0.40543501223287276 0
1700215817080 0.3947900841313024 0
1700215817120 0.39253987804535895 0
1700215817159 0.39186356048430165 0
1700215817199 0.3914794220078376 0
1700215817238 0.39114401321257314 0
1700215817277 0.3907670292162126 0
1700215817316 0.39040322649863457 0
1700215817354 0.38994482736433705 0
1700215817393 0.38949369038304976 0
1700215817432 0.3890572036466291 0
1700215817471 0.38858835543355635 0
1700215817508 0.38801798320585684 0
1700215817547 0.3874055820126687 0
