1713521469735 0.6984517201781273 0
1713521469770 0.6937901452183723 0
1713521469806 0.6884178519248962 0
1713521469842 0.6810368075966835 0
1713521469904 0.6703650653362274 0
1713521469939 0.6552926078438759 0
1713521469973 0.6339610815048218 0
1713521470010 0.6041704788804054 0
1713521470055 0.5646480396389961 0
1713521470217 0.5185803957283497 0
1713521470257 0.4735809862613678 0
1713521470292 0.4383758082985878 0
1713521470354 0.4183146022260189 0
1713521470440 0.408827256411314 0
1713521470535 0.40377965569496155 0
1713521470717 0.39975063875317574 0
1713521470761 0.3968908227980137 0
1713521470801 0.39513202011585236 0
1713521470845 0.3940155394375324 0
1713521470888 0.39330901950597763 0
1713521470928 0.3927936665713787 0
1713521470971 0.39245135709643364 0
1713521471009 0.3922182507812977 0
1713521471046 0.39203571900725365 0
1713521471143 0.3918805941939354 0
1713521471213 0.3917406462132931 0
1713521471249 0.3916316106915474 0
1713521471284 0.3914824426174164 0
1713521471320 0.39137331768870354 0
1713521471418 0.3912794254720211 0
1713521471508 0.3911593072116375 0
1713521471600 0.3910702131688595 0
1713521471676 0.3909100070595741 0
1713521471721 0.3908041790127754 0
