1704449411101 0.6877334453165531 0
1704449411132 0.67483289539814 0
1704449411163 0.6532232314348221 0
1704449411194 0.6093964204192162 0
1704449411225 0.5379558727145195 0
1704449411255 0.46151966229081154 0
1704449411286 0.4165734890848398 0
1704449411315 0.4030472431331873 0
1704449411345 0.39733837358653545 0
1704449411375 0.3946887906640768 0
1704449411404 0.39347018674016 0
1704449411434 0.39286338724195957 0
1704449411464 0.39256314747035503 0
1704449411495 0.3924674428999424 0
1704449411524 0.392314575612545 0
1704449411555 0.39221546053886414 0
1704449411585 0.3920437581837177 0
1704449411615 0.39206172712147236 0
1704449411646 0.3919729944318533 0
1704449411675 0.3918879646807909 0
1704449411709 0.39182149060070515 0
1704449411739 0.3916962444782257 0
1704449411770 0.3915779870003462 0
1704449411799 0.39150514639914036 0
1704449411830 0.3913889080286026 0
1704449411859 0.39128358103334904 0
1704449411893 0.3911644145846367 0
1704449411928 0.39115728065371513 0
1704449411961 0.39106423407793045 0
1704449411995 0.3909574877470732 0
1704449412025 0.3908422105014324 0
1704449412056 0.3906669747084379 0
1704449412087 0.39061819575726986 0
1704449412122 0.3904907703399658 0
1704449412156 0.39034345000982285 0
1704449412188 0.39019800536334515 0
1704449412217 0.3899926133453846 0
1704449412249 0.3900336120277643 0
1704449412279 0.3898302949965 0
1704449412309 0.3896331377327442 0
1704449412341 0.389458104968071 0
1704449412372 0.38931624591350555 0
1704449412404 0.38913111947476864 0
1704449412433 0.3888682462275028 0
1704449412463 0.38886773586273193 0
1704449412494 0.38865900598466396 0
1704449412525 0.3883849009871483 0
1704449412555 0.3882203120738268 0
1704449412585 0.38805560767650604 0
