1704449411107 0.7731434106826782 0
1704449411138 0.7884028553962708 0
1704449411169 0.7904374599456787 0
1704449411200 0.7955238819122314 0
1704449411231 0.7914547324180603 0
1704449411261 0.7975584864616394 0
1704449411291 0.8067141175270081 0
1704449411321 0.7995930910110474 0
1704449411351 0.8128179311752319 0
1704449411381 0.8260427117347717 0
1704449411410 0.8758901357650757 0
1704449411440 0.8992878794670105 0
1704449411470 0.8982706069946289 0
1704449411501 0.9155645966529846 0
1704449411530 0.9226856827735901 0
1704449411560 0.9359104633331299 0
1704449411590 0.9796541333198547 0
1704449411621 0.9532044529914856 0
1704449411652 0.9928789138793945 0
1704449411680 0.9786368012428284 0
1704449411714 0.9918616414070129 0
1704449411744 0.9918616414070129 0
1704449411775 1.010172963142395 0
1704449411805 1.0081382989883423 0
1704449411835 1.0132248401641846 0
1704449411865 1.014242172241211 0
1704449411899 1.0356053113937378 0
1704449411934 1.0315361022949219 0
1704449411966 1.041709065437317 0
1704449412001 1.0783315896987915 0
1704449412032 1.0701932907104492 0
1704449412062 1.0712106227874756 0
1704449412093 1.0864700078964233 0
1704449412128 1.0874873399734497 0
1704449412163 1.091556429862976 0
1704449412193 1.1037639379501343 0
1704449412223 1.1353001594543457 0
1704449412255 1.1546286344528198 0
1704449412285 1.1525940895080566 0
1704449412315 1.1678534746170044 0
1704449412346 1.1688708066940308 0
1704449412378 1.2004069089889526 0
1704449412410 1.1841301918029785 0
1704449412439 1.207527995109558 0
1704449412468 1.1780264377593994 0
1704449412499 1.224821925163269 0
1704449412530 1.2614445686340332 0
1704449412560 1.2695828676223755 0
1704449412590 1.2838250398635864 0
