1705659047893 0.7939086556434631 0
1705659047937 0.8213198184967041 0
1705659047977 0.8304568529129028 0
1705659048017 0.8335025310516357 0
1705659048056 0.8274111747741699 0
1705659048096 0.8213198184967041 0
1705659048135 0.8487309813499451 0
1705659048176 0.8852791786193848 0
1705659048215 0.9167512655258179 0
1705659048255 0.9847715497016907 0
1705659048294 0.9979695677757263 0
1705659048333 1.0111675262451172 0
1705659048372 1.0304569005966187 0
1705659048411 1.0487309694290161 0
1705659048450 1.1025381088256836 0
1705659048493 1.1126903295516968 0
1705659048538 1.1390862464904785 0
