1728641535441 0.7625122666358948 0
1728641535472 0.7841020822525024 0
1728641535504 0.8076545596122742 0
1728641535535 0.7968596816062927 0
1728641535566 0.7968596816062927 0
1728641535597 0.8007850646972656 0
1728641535628 0.8027477860450745 0
1728641535659 0.7978410124778748 0
1728641535691 0.8037291169166565 0
1728641535722 0.791952908039093 0
1728641535753 0.7939156293869019 0
1728641535784 0.8086358904838562 0
1728641535815 0.8213935494422913 0
1728641535847 0.862610399723053 0
1728641535878 0.8714426159858704 0
1728641535909 0.8900883197784424 0
1728641535949 0.9165849089622498 0
1728641535980 0.9273797869682312 0
1728641536011 0.9460254907608032 0
1728641536042 0.9499509334564209 0
1728641536074 0.94700688123703 0
1728641536106 0.9597644805908203 0
1728641536137 0.9715407490730286 0
1728641536168 0.9872424006462097 0
1728641536198 0.9862610697746277 0
1728641536229 0.999018669128418 0
1728641536259 1.012757658958435 0
1728641536291 1.033366084098816 0
1728641536322 1.0471049547195435 0
1728641536353 1.050049066543579 0
1728641536383 1.0785083770751953 0
1728641536413 1.071638822555542 0
1728641536443 1.0814523696899414 0
1728641536473 1.0824337005615234 0
1728641536503 1.120706558227539 0
1728641536534 1.1383709907531738 0
1728641536565 1.1697742938995361 0
1728641536596 1.1707556247711182 0
1728641536643 1.1933268308639526 0
1728641536676 1.2188420295715332 0
1728641536708 1.225711464881897 0
1728641536742 1.2325810194015503 0
1728641536775 1.261040210723877 0
1728641536815 1.2679097652435303 0
1728641536849 1.2944062948226929 0
1728641536882 1.30814528465271 0
1728641536913 1.3258095979690552 0
1728641536945 1.331697702407837 0
