1728641535432 0.6863007321953773 0
1728641535463 0.6788126155734062 0
1728641535495 0.6667420715093613 0
1728641535526 0.6467440277338028 0
1728641535557 0.6156410500407219 0
1728641535588 0.5719660818576813 0
1728641535619 0.5180547162890434 0
1728641535650 0.4639952667057514 0
1728641535682 0.4246332049369812 0
1728641535713 0.40698232129216194 0
1728641535744 0.401655875146389 0
1728641535775 0.3977586515247822 0
1728641535806 0.3946394920349121 0
1728641535838 0.39321500062942505 0
1728641535869 0.392709843814373 0
1728641535900 0.39240099117159843 0
1728641535940 0.3921816498041153 0
1728641535971 0.39208031445741653 0
1728641536002 0.3919801376760006 0
1728641536033 0.3918915055692196 0
1728641536065 0.39180058613419533 0
1728641536097 0.3917120061814785 0
1728641536128 0.39160480722784996 0
1728641536159 0.39151516556739807 0
1728641536189 0.3914192505180836 0
1728641536220 0.39131050184369087 0
1728641536250 0.39120808616280556 0
1728641536282 0.3910911940038204 0
1728641536313 0.39097487553954124 0
1728641536343 0.3908638656139374 0
1728641536374 0.3907318450510502 0
1728641536404 0.390585470944643 0
1728641536434 0.3904424272477627 0
1728641536464 0.39030803740024567 0
1728641536495 0.39015568047761917 0
1728641536525 0.3900100588798523 0
1728641536556 0.38979458808898926 0
1728641536587 0.38962043449282646 0
1728641536622 0.38940688967704773 0
1728641536667 0.3892243206501007 0
1728641536699 0.38902978226542473 0
1728641536732 0.3887901306152344 0
1728641536766 0.38855360448360443 0
1728641536805 0.3883138485252857 0
1728641536840 0.38805729523301125 0
1728641536872 0.38778960704803467 0
1728641536904 0.3875146917998791 0
1728641536935 0.3872273117303848 0
