1694167802865 0.6902119815349579 0
1694167802905 0.6809851005673409 0
1694167802946 0.6692335307598114 0
1694167802984 0.6520949751138687 0
1694167803023 0.6256041005253792 0
1694167803062 0.5856242999434471 0
1694167803100 0.5305812656879425 0
1694167803138 0.4697622023522854 0
1694167803177 0.4221327193081379 0
1694167803214 0.40202145278453827 0
1694167803253 0.39883267506957054 0
1694167803291 0.3962092250585556 0
1694167803335 0.39344729483127594 0
1694167803373 0.3926691524684429 0
1694167803411 0.3925092928111553 0
1694167803449 0.39235489070415497 0
1694167803488 0.3921848088502884 0
1694167803526 0.39215799421072006 0
1694167803564 0.3920062556862831 0
1694167803602 0.391918882727623 0
1694167803640 0.3918374516069889 0
1694167803677 0.39174067601561546 0
1694167803715 0.3916783519089222 0
1694167803754 0.39154236391186714 0
1694167803793 0.3915690556168556 0
1694167803831 0.39133157953619957 0
1694167803868 0.3912689574062824 0
1694167803908 0.3911963291466236 0
1694167803946 0.3910585790872574 0
1694167803985 0.3909609615802765 0
1694167804023 0.3908507116138935 0
1694167804061 0.3907022289931774 0
1694167804099 0.39058615267276764 0
1694167804137 0.3904925100505352 0
1694167804175 0.3903595171868801 0
1694167804218 0.3902220129966736 0
1694167804255 0.3900716155767441 0
