1686910215847 0.6790547490119934 0
1686910215888 0.6720858017603556 0
1686910215928 0.6618333419164022 0
1686910215969 0.6458124041557312 0
1686910216007 0.6214791735013326 0
1686910216046 0.5864652514457702 0
1686910216084 0.5409207503000896 0
1686910216121 0.4932645459969838 0
1686910216159 0.4531172196070353 0
1686910216199 0.42642823259035745 0
1686910216239 0.4119046827157338 0
1686910216277 0.4043495615323385 0
1686910216317 0.39995510975519816 0
1686910216355 0.3972738782564799 0
1686910216394 0.39552119970321653 0
1686910216434 0.39437294403711953 0
1686910216472 0.393543541431427 0
1686910216509 0.3930297036965688 0
1686910216548 0.39264140725135804 0
1686910216586 0.39233975410461425 0
1686910216625 0.3921105722586314 0
1686910216664 0.39192129373550416 0
1686910216705 0.39175581336021426 0
1686910216745 0.39161906838417054 0
1686910216784 0.3914876659711202 0
1686910216822 0.3913720488548279 0
1686910216860 0.3912544926007589 0
1686910216899 0.39114753405253094 0
1686910216937 0.39103251695632935 0
1686910216976 0.3909246504306793 0
1686910217015 0.3908180117607117 0
1686910217052 0.3906976302464803 0
1686910217091 0.39059169093767804 0
1686910217129 0.39048969944318135 0
1686910217166 0.390348623196284 0
1686910217205 0.3902396361033122 0
1686910217246 0.39011046290397644 0
1686910217285 0.3900051752726237 0
1686910217323 0.3898462692896525 0
1686910217362 0.38970409830411273 0
1686910217401 0.3895764768123627 0
1686910217441 0.38942495187123616 0
1686910217480 0.3892655392487844 0
1686910217520 0.38910844127337135 0
1686910217562 0.38896188934644066 0
1686910217602 0.3888083159923553 0
