1719569439646 0.6987075209617615 0
1719569439679 0.6968254372477531 0
1719569439716 0.6948736310005188 0
1719569439760 0.692675769329071 0
1719569439789 0.6900445967912674 0
1719569439817 0.6868459805846214 0
1719569439846 0.6826561614871025 0
1719569439874 0.6772714108228683 0
1719569439903 0.6702908873558044 0
1719569439932 0.6612779721617699 0
1719569439964 0.6498954445123672 0
1719569439999 0.6358175873756409 0
1719569440071 0.618612565100193 0
1719569440101 0.5979965627193451 0
1719569440130 0.574375294148922 0
1719569440161 0.5486683398485184 0
1719569440189 0.5223661810159683 0
1719569440218 0.4968594200909138 0
1719569440247 0.47377603128552437 0
1719569440276 0.4543241709470749 0
1719569440305 0.43931666016578674 0
1719569440452 0.42800935730338097 0
1719569440482 0.42022546008229256 0
1719569440512 0.41474852338433266 0
1719569440542 0.4106738604605198 0
1719569440573 0.4076186455786228 0
1719569440602 0.4051562510430813 0
1719569440632 0.4030764326453209 0
1719569440661 0.4013744741678238 0
1719569440690 0.3999348282814026 0
1719569440720 0.39873525500297546 0
1719569440751 0.39772845432162285 0
1719569440780 0.39687754586338997 0
1719569440810 0.39610251039266586 0
1719569440861 0.3955330587923527 0
1719569440924 0.39502131566405296 0
1719569440964 0.3946071192622185 0
1719569440994 0.3942282423377037 0
1719569441023 0.39398030936717987 0
1719569441052 0.3936617411673069 0
1719569441081 0.39345744624733925 0
1719569441150 0.3932790122926235 0
1719569441209 0.39311520755290985 0
1719569441238 0.39298225194215775 0
1719569441267 0.3928634114563465 0
1719569441296 0.39273911342024803 0
1719569441325 0.3926587663590908 0
1719569441400 0.39256979525089264 0
1719569441459 0.39252082258462906 0
1719569441488 0.3924366235733032 0
1719569441517 0.39239777624607086 0
1719569441546 0.39233090728521347 0
1719569441578 0.39228712394833565 0
1719569441651 0.3922323137521744 0
1719569441710 0.3921892046928406 0
1719569441738 0.39216217026114464 0
1719569441766 0.39212124794721603 0
