1720174408646 0.7974180579185486 0
1720174408731 0.8043693900108337 0
1720174408791 0.7914597988128662 0
1720174408849 0.7914597988128662 0
1720174408908 0.8272095322608948 0
1720174408967 0.9275074601173401 0
1720174409029 0.9235352277755737 0
1720174409088 0.935451865196228 0
1720174409147 0.9602780342102051 0
1720174409208 0.9582919478416443 0
1720174409269 0.9811320900917053 0
1720174409368 1.0119166374206543 0
1720174409427 1.0208539962768555 0
1720174409483 1.0506454706192017 0
1720174409539 1.0685203075408936 0
1720174409601 1.0943396091461182 0
1720174409660 1.1012909412384033 0
1720174409717 1.1539225578308105 0
1720174409776 1.1588877439498901 0
1720174409835 1.197616696357727 0
1720174409893 1.2045680284500122 0
1720174409950 1.2413108348846436 0
1720174410023 1.285997986793518 0
1720174410089 1.2929493188858032 0
1720174410148 1.371400237083435 0
1720174410207 1.3435947895050049 0
1720174410264 1.412115216255188 0
1720174410321 1.4061568975448608 0
1720174410378 1.477656364440918 0
