1721988719438 0.6998645812273026 0
1721988719473 0.6920770816504955 0
1721988719508 0.6783462539315224 0
1721988719543 0.6501976735889912 0
1721988719577 0.5997863076627254 0
1721988719611 0.5292425192892551 0
1721988719646 0.4622626956552267 0
1721988719680 0.42285206727683544 0
1721988719715 0.4064090121537447 0
1721988719749 0.39895390905439854 0
1721988719783 0.3953686077147722 0
1721988719819 0.39374033734202385 0
1721988719856 0.39296504110097885 0
1721988719894 0.3925726097077131 0
1721988719928 0.39229379408061504 0
1721988719963 0.39213893190026283 0
1721988719999 0.39197542890906334 0
1721988720045 0.39190777763724327 0
1721988720084 0.39178544096648693 0
1721988720119 0.39169982820749283 0
1721988720154 0.39159344509243965 0
1721988720190 0.39147384092211723 0
1721988720224 0.3914039023220539 0
1721988720258 0.3913094699382782 0
1721988720292 0.3911547288298607 0
1721988720326 0.3910444490611553 0
1721988720360 0.3909115716814995 0
