1721988719446 0.7879087924957275 0
1721988719481 0.7948463559150696 0
1721988719516 0.8017839193344116 0
1721988719551 0.7938553094863892 0
1721988719585 0.7888998985290527 0
1721988719620 0.773042619228363 0
1721988719654 0.7789890766143799 0
1721988719688 0.7750247716903687 0
1721988719723 0.7760158777236938 0
1721988719757 0.7839444875717163 0
1721988719791 0.7958374619483948 0
1721988719828 0.8265609741210938 0
1721988719865 0.8681862950325012 0
1721988719902 0.9058473706245422 0
1721988719936 0.9365708827972412 0
1721988719971 0.9494549036026001 0
1721988720009 0.9365708827972412 0
1721988720055 0.959365725517273 0
1721988720092 0.9563924670219421 0
1721988720127 0.9781962633132935 0
1721988720163 0.966303288936615 0
1721988720198 1.0089197158813477 0
1721988720232 1.0019822120666504 0
1721988720266 1.0069375038146973 0
1721988720300 1.0317145586013794 0
1721988720334 1.043607473373413 0
1721988720368 1.0693756341934204 0
