1728641537043 0.687316544353962 0
1728641537085 0.6675248891115189 0
1728641537127 0.6333744451403618 0
1728641537206 0.5736468359827995 0
1728641537247 0.48850400373339653 0
1728641537286 0.4169202968478203 0
1728641537447 0.40241502970457077 0
1728641537565 0.4004187472164631 0
1728641537604 0.3934897221624851 0
1728641537643 0.39321979507803917 0
1728641537776 0.3928496725857258 0
1728641537824 0.39232365787029266 0
1728641537903 0.39223143458366394 0
1728641537942 0.3920164965093136 0
1728641537984 0.3918740041553974 0
1728641538022 0.3917147181928158 0
1728641538130 0.39156555756926537 0
1728641538177 0.3914383798837662 0
1728641538216 0.391329575330019 0
