1730456042186 0.6841388680040836 0
1730456042238 0.6419683955609798 0
1730456042291 0.5446750428527594 0
1730456042344 0.4232830721884966 0
1730456042397 0.39746846072375774 0
1730456042453 0.3933195397257805 0
1730456042506 0.3925597444176674 0
1730456042556 0.39219278655946255 0
1730456042609 0.3920401129871607 0
1730456042657 0.39185005985200405 0
1730456042704 0.39168396033346653 0
1730456042751 0.39149746112525463 0
1730456042798 0.39132580906152725 0
1730456042846 0.39105754531919956 0
1730456042892 0.39089537039399147 0
1730456042938 0.3906852938234806 0
1730456042984 0.39047326147556305 0
1730456043043 0.39020457305014133 0
1730456043087 0.3899680692702532 0
1730456043177 0.3897450156509876 0
1730456043225 0.3894628304988146 0
1730456043274 0.3892495073378086 0
1730456043326 0.3889298178255558 0
1730456043374 0.38867427222430706 0
1730456043421 0.3882840722799301 0
1730456043467 0.3879381213337183 0
1730456043514 0.38761388324201107 0
1730456043560 0.38724277168512344 0
1730456043606 0.38685853593051434 0
