1696587075597 0.6892236024141312 0
1696587075642 0.6742108315229416 0
1696587075686 0.6505564451217651 0
1696587075730 0.6104838028550148 0
1696587075771 0.5481233298778534 0
1696587075812 0.47261855006217957 0
1696587075854 0.4163489118218422 0
1696587075895 0.40176985412836075 0
1696587075936 0.39929160848259926 0
1696587075977 0.39388785883784294 0
1696587076018 0.3925570510327816 0
1696587076058 0.3925320655107498 0
1696587076100 0.39220455288887024 0
1696587076144 0.39196475595235825 0
1696587076204 0.39188533648848534 0
1696587076245 0.391722209751606 0
1696587076285 0.39163072034716606 0
1696587076326 0.3915119282901287 0
1696587076367 0.39136645197868347 0
1696587076407 0.39121440798044205 0
1696587076448 0.39110129699110985 0
1696587076490 0.39095116406679153 0
1696587076530 0.39076271653175354 0
1696587076574 0.3906986266374588 0
1696587076617 0.39050181210041046 0
1696587076663 0.3903670646250248 0
1696587076704 0.39014173671603203 0
