1700820633064 0.6876397709692678 0
1700820633102 0.673023646877658 0
1700820633141 0.6451215282563241 0
1700820633181 0.5879815105468996 0
1700820633219 0.5030656976084555 0
1700820633257 0.4355901508562027 0
1700820633294 0.4085105696032124 0
1700820633332 0.4001253054988 0
1700820633369 0.39661944681598293 0
1700820633407 0.39472703106941714 0
1700820633448 0.3937564915226352 0
1700820633488 0.3931943812677937 0
1700820633526 0.3928815722465515 0
1700820633564 0.3926469376010279 0
1700820633602 0.39256335170038287 0
1700820633640 0.3924548539423173 0
1700820633678 0.3924005829518841 0
1700820633715 0.392303757129177 0
1700820633754 0.3921830365734716 0
1700820633791 0.392125936285142 0
1700820633829 0.3921170917249495 0
1700820633868 0.39203896734022325 0
1700820633906 0.3919356051952608 0
1700820633944 0.391874760389328 0
1700820633982 0.39183530595994764 0
1700820634020 0.3917355893119689 0
1700820634061 0.39167185368076446 0
1700820634101 0.39161395449792186 0
1700820634139 0.3914915842394675 0
1700820634180 0.39141013353101667 0
1700820634220 0.39133375979238944 0
1700820634258 0.39129365740283845 0
1700820634296 0.39123390182372064 0
1700820634334 0.39110516732738865 0
1700820634373 0.39104422542356676 0
1700820634411 0.39090091086203055 0
1700820634450 0.3908177556530122 0
1700820634487 0.39071146711226434 0
1700820634527 0.3906340627901016 0
1700820634567 0.390548397456446 0
1700820634605 0.3904418695357538 0
