1685095953659 0.6886957963307698 0
1685095953693 0.6712177952130636 0
1685095953727 0.6359575470288594 0
1685095953761 0.5692142923672994 0
1685095953794 0.4807178835074107 0
1685095953829 0.4190793395042419 0
1685095953863 0.40154797832171124 0
1685095953897 0.3958135704199473 0
1685095953932 0.3934613009293874 0
1685095953975 0.39279100894927976 0
1685095954128 0.3924565235773722 0
1685095954248 0.3922348062197367 0
1685095954283 0.3921207586924235 0
1685095954317 0.3920089105765025 0
1685095954453 0.391864538192749 0
1685095954489 0.39174389839172363 0
1685095954536 0.39164474805196126 0
1685095954571 0.3915113270282745 0
1685095954609 0.3913837472597758 0
1685095954737 0.39125542442003886 0
1685095954770 0.3911181370417277 0
1685095954870 0.39095640182495117 0
