1685095953663 0.8113207817077637 0
1685095953697 0.7987421154975891 0
1685095953731 0.7610062956809998 0
1685095953765 0.7599580883979797 0
1685095953798 0.7714884877204895 0
1685095953833 0.7714884877204895 0
1685095953867 0.7683438062667847 0
1685095953901 0.7914046049118042 0
1685095953936 0.8385744094848633 0
1685095953979 0.8888888955116272 0
1685095954176 0.9287211894989014 0
1685095954252 0.9392033815383911 0
1685095954286 0.945492684841156 0
1685095954418 0.9769392013549805 0
1685095954457 0.9580712914466858 0
1685095954493 0.9874213933944702 0
1685095954540 0.9884696006774902 0
1685095954577 1.0146750211715698 0
1685095954613 1.0188679695129395 0
1685095954741 1.0335429906845093 0
1685095954786 1.062893033027649 0
1685095954874 1.0712788105010986 0
