1725012756846 0.7928994297981262 0
1725012756930 0.7899408340454102 0
1725012757032 0.7830374836921692 0
1725012757100 0.790926992893219 0
1725012757139 0.7662721872329712 0
1725012757177 0.7652859687805176 0
1725012757219 0.7741617560386658 0
1725012757266 0.7790927290916443 0
1725012757312 0.7889546155929565 0
1725012757362 0.790926992893219 0
1725012757409 0.7889546155929565 0
1725012757451 0.7830374836921692 0
1725012757519 0.7850098609924316 0
1725012757586 0.7859960794448853 0
1725012757624 0.7869822382926941 0
1725012757665 0.7899408340454102 0
1725012757707 0.7889546155929565 0
1725012757777 0.7879684567451477 0
1725012757848 0.784023642539978 0
1725012757888 0.7859960794448853 0
1725012757931 0.7879684567451477 0
1725012758118 0.790926992893219 0
1725012758345 0.7919132113456726 0
1725012758507 0.7859960794448853 0
1725012758546 0.7859960794448853 0
1725012758587 0.7869822382926941 0
1725012758627 0.7820512652397156 0
1725012758787 0.7830374836921692 0
1725012758826 0.7938855886459351 0
1725012758974 0.8057199120521545 0
1725012759017 0.8047337532043457 0
1725012759055 0.814595639705658 0
1725012759137 0.831360936164856 0
1725012759328 0.8392505049705505 0
1725012759403 0.8500986099243164 0
1725012759447 0.844181478023529 0
1725012759558 0.8471400141716003 0
1725012759639 0.8362919092178345 0
1725012759710 0.8402366638183594 0
1725012759749 0.844181478023529 0
1725012759789 0.8668639063835144 0
1725012759827 0.8836292028427124 0
1725012759866 0.8786982297897339 0
1725012759906 0.8915187120437622 0
1725012759946 0.9201183319091797 0
1725012759998 0.9378698468208313 0
1725012760049 0.9358974099159241 0
1725012760106 0.9684418439865112 0
1725012760195 0.9536489248275757 0
1725012760287 0.966469407081604 0
