1696587068971 0.6867291480302811 0
1696587069001 0.6823683232069016 0
1696587069031 0.6774636656045914 0
1696587069062 0.6715141087770462 0
1696587069098 0.6636936068534851 0
1696587069130 0.653139017522335 0
1696587069161 0.6389522179961205 0
1696587069191 0.6200806051492691 0
1696587069222 0.5954393297433853 0
1696587069252 0.5655446797609329 0
1696587069281 0.5308708548545837 0
1696587069312 0.4948789030313492 0
1696587069341 0.46226998791098595 0
1696587069371 0.4362111799418926 0
1696587069400 0.4200093485414982 0
1696587069429 0.41043807193636894 0
1696587069458 0.40543317794799805 0
1696587069489 0.40196797624230385 0
1696587069519 0.39940450340509415 0
1696587069550 0.3975701443850994 0
1696587069582 0.39608868584036827 0
1696587069613 0.39517368376255035 0
1696587069644 0.394579753279686 0
1696587069674 0.39388182386755943 0
1696587069707 0.3935883268713951 0
1696587069736 0.39329664409160614 0
1696587069766 0.39310184493660927 0
1696587069795 0.3929554335772991 0
1696587069825 0.3928108364343643 0
1696587069854 0.39270851761102676 0
1696587069883 0.3925611674785614 0
1696587069912 0.39253707975149155 0
1696587069941 0.39246172830462456 0
1696587069970 0.39238980412483215 0
1696587069999 0.3923678509891033 0
1696587070029 0.3922456279397011 0
1696587070060 0.39221489429473877 0
1696587070090 0.39215707406401634 0
1696587070119 0.3921027109026909 0
1696587070149 0.3920871801674366 0
1696587070177 0.3920283578336239 0
1696587070206 0.39195843786001205 0
1696587070235 0.39197802916169167 0
1696587070264 0.391932588070631 0
1696587070293 0.3918951712548733 0
1696587070323 0.39184022694826126 0
1696587070352 0.3917781598865986 0
1696587070381 0.39175017178058624 0
1696587070409 0.39167677983641624 0
1696587070438 0.3916783258318901 0
1696587070467 0.3915679566562176 0
1696587070498 0.3915777951478958 0
1696587070527 0.39151833951473236 0
1696587070557 0.39142879471182823 0
1696587070588 0.3914668820798397 0
1696587070620 0.39138493314385414 0
1696587070691 0.3913812041282654 0
1696587070719 0.3913460858166218 0
