1696587068977 0.8158436417579651 0
1696587069007 0.8158436417579651 0
1696587069037 0.7942386865615845 0
1696587069071 0.7921810746192932 0
1696587069104 0.7962962985038757 0
1696587069136 0.8117284178733826 0
1696587069167 0.8055555820465088 0
1696587069197 0.8106995820999146 0
1696587069228 0.8168724179267883 0
1696587069257 0.7993826866149902 0
1696587069287 0.798353910446167 0
1696587069318 0.7962962985038757 0
1696587069347 0.7942386865615845 0
1696587069376 0.7849794030189514 0
1696587069405 0.7818930149078369 0
1696587069435 0.7839506268501282 0
1696587069464 0.7880658507347107 0
1696587069495 0.7942386865615845 0
1696587069525 0.797325074672699 0
1696587069556 0.8004115223884583 0
1696587069588 0.797325074672699 0
1696587069618 0.8292180895805359 0
1696587069650 0.8343621492385864 0
1696587069679 0.845678985118866 0
1696587069712 0.8621399402618408 0
1696587069742 0.8703703880310059 0
1696587069771 0.8631687164306641 0
1696587069801 0.8683127760887146 0
1696587069830 0.9002057909965515 0
1696587069859 0.903292179107666 0
1696587069889 0.9166666865348816 0
1696587069918 0.9135802388191223 0
1696587069947 0.9002057909965515 0
1696587069975 0.9156378507614136 0
1696587070005 0.9084362387657166 0
1696587070035 0.911522626876831 0
1696587070065 0.9218106865882874 0
1696587070095 0.9341563582420349 0
1696587070125 0.9423868060112 0
1696587070154 0.9454732537269592 0
1696587070183 0.9444444179534912 0
1696587070212 0.9372428059577942 0
1696587070240 0.9331275820732117 0
1696587070269 0.9454732537269592 0
1696587070299 0.9454732537269592 0
1696587070329 0.9423868060112 0
1696587070358 0.9578189253807068 0
1696587070386 0.9609053730964661 0
1696587070415 0.9609053730964661 0
1696587070443 0.951646089553833 0
1696587070473 0.9609053730964661 0
1696587070503 0.9578189253807068 0
1696587070533 0.9722222089767456 0
1696587070563 0.9927983283996582 0
1696587070594 1.0010287761688232 0
1696587070627 0.998971164226532 0
1696587070696 1.0010287761688232 0
1696587070725 1.0030864477157593 0
