1712916714741 0.8313252925872803 0
1712916714916 0.827309250831604 0
1712916714978 0.8473895788192749 0
1712916715044 0.9618473649024963 0
1712916715107 1.0100401639938354 0
1712916715198 1.0783132314682007 0
1712916715308 1.126505970954895 0
1712916715376 1.174698829650879 0
1712916715443 1.1787148714065552 0
1712916715512 1.3313252925872803 0
1712916715592 1.376505970954895 0
1712916715699 1.4457831382751465 0
1712916715763 1.5150601863861084 0
1712916715825 1.641566276550293 0
1712916715888 1.807228922843933 0
1712916715953 1.8413654565811157 0
