1725617575860 0.6118019418790936 0
1725617576034 0.4073942583054304 0
1725617576107 0.39348261430859566 0
1725617576184 0.39253475703299046 0
1725617576256 0.3921045549213886 0
1725617576328 0.3915889048948884 0
1725617576402 0.3910222351551056 0
1725617576475 0.3905197773128748 0
1725617576547 0.3898762250319123 0
1725617576623 0.38914051465690136 0
1725617576696 0.3880790648981929 0
1725617576878 0.38708545826375484 0
1725617576949 0.385886506177485 0
1725617577034 0.384426761418581 0
1725617577101 0.38288506120443344 0
