1725617575870 0.8049260973930359 0
1725617576045 0.9261083602905273 0
1725617576119 0.984236478805542 0
1725617576193 0.9812808036804199 0
1725617576266 1.0374383926391602 0
1725617576339 1.0985221862792969 0
1725617576413 1.1162561178207397 0
1725617576485 1.210837483406067 0
1725617576557 1.1960591077804565 0
1725617576633 1.2945812940597534 0
1725617576706 1.399999976158142 0
1725617576888 1.501477837562561 0
1725617576959 1.5162562131881714 0
1725617577044 1.6463054418563843 0
1725617577111 1.6876847743988037 0
