1720174435097 0.8103277087211609 0
1720174435176 0.8152929544448853 0
1720174435255 0.794438898563385 0
1720174435333 0.8093346357345581 0
1720174435412 0.9076464772224426 0
1720174435489 0.9294935464859009 0
1720174435566 0.9503475427627563 0
1720174435640 1.0089374780654907 0
1720174435719 1.0258193016052246 0
1720174435796 1.0536246299743652 0
1720174435873 1.0506454706192017 0
1720174435951 1.1161867380142212 0
1720174436029 1.1569017171859741 0
1720174436107 1.2293941974639893 0
1720174436185 1.300893783569336 0
1720174436266 1.3684210777282715 0
1720174436348 1.4339622259140015 0
1720174436429 1.4101290702819824 0
1720174436506 1.5441906452178955 0
1720174436583 1.5978152751922607 0
1720174436661 1.6583912372589111 0
1720174436737 1.7467726469039917 0
1720174436816 1.7249255180358887 0
1720174436892 1.8202581405639648 0
1720174436968 1.9086395502090454 0
1720174437048 1.9275074005126953 0
1720174437125 1.9692155122756958 0
1720174437199 2.0635550022125244 0
1720174437276 2.04667329788208 0
1720174437351 2.1191658973693848 0
