1722593526973 0.6913611087948084 0
1722593527022 0.68004310131073 0
1722593527069 0.6469201780855656 0
1722593527116 0.5623612739145756 0
1722593527163 0.4562869109213352 0
1722593527210 0.4089488200843334 0
1722593527257 0.3983490075916052 0
1722593527303 0.39462265744805336 0
1722593527351 0.3931140825152397 0
1722593527397 0.39245152100920677 0
1722593527444 0.39201651979237795 0
1722593527490 0.39174246694892645 0
1722593527537 0.3916108077391982 0
1722593527585 0.39138410706073046 0
1722593527632 0.39123206213116646 0
1722593527678 0.3910114858299494 0
1722593527725 0.39081418607383966 0
1722593527771 0.3906114371493459 0
