1690539102140 0.6226567337589879 0
1690539102226 0.40607143794336625 0
1690539102310 0.39346191383177237 0
1690539102401 0.3924228097161939 0
1690539102489 0.39201155785591374 0
1690539102576 0.39111431087217025 0
1690539102661 0.3901612950909522 0
1690539102744 0.38936409450346426 0
1690539102830 0.3882275781323833 0
1690539102917 0.38703268477993624 0
1690539103007 0.3854637982383851 0
1690539103117 0.3838471616468122 0
1690539103210 0.38152009152596994 0
1690539103298 0.37952893876260324 0
1690539103401 0.3772002573936216 0
1690539103485 0.3742503033530328 0
1690539103567 0.37186100694441027 0
