1712916722351 0.8162650465965271 0
1712916722388 0.8152610659599304 0
1712916722423 0.8112449645996094 0
1712916722459 0.8072289228439331 0
1712916722589 0.8102409839630127 0
1712916722626 0.8042168617248535 0
1712916722664 0.8032128810882568 0
1712916722701 0.805220901966095 0
1712916722737 0.7931727170944214 0
1712916722774 0.8042168617248535 0
1712916722811 0.8072289228439331 0
1712916722847 0.8022088408470154 0
1712916722883 0.7991967797279358 0
1712916722918 0.8002008199691772 0
1712916722953 0.8042168617248535 0
1712916722989 0.7971887588500977 0
1712916723024 0.7991967797279358 0
1712916723063 0.7871485948562622 0
1712916723104 0.7871485948562622 0
1712916723151 0.7791164517402649 0
1712916723192 0.7961847186088562 0
1712916723228 0.8102409839630127 0
1712916723264 0.8072289228439331 0
1712916723343 0.8062248826026917 0
1712916723378 0.8102409839630127 0
1712916723413 0.8072289228439331 0
1712916723448 0.814257025718689 0
1712916723483 0.8112449645996094 0
1712916723519 0.814257025718689 0
1712916723556 0.8182730674743652 0
1712916723627 0.8162650465965271 0
1712916723668 0.8172690868377686 0
1712916723704 0.8172690868377686 0
1712916723749 0.8192771077156067 0
1712916723853 0.8192771077156067 0
1712916723888 0.8182730674743652 0
1712916723922 0.8293172717094421 0
1712916723958 0.8212851285934448 0
1712916723995 0.8162650465965271 0
1712916724032 0.8172690868377686 0
1712916724130 0.8152610659599304 0
1712916724168 0.8132529854774475 0
1712916724204 0.8092369437217712 0
1712916724241 0.8062248826026917 0
1712916724276 0.8062248826026917 0
1712916724311 0.805220901966095 0
1712916724346 0.8072289228439331 0
1712916724482 0.805220901966095 0
1712916724518 0.8032128810882568 0
1712916724555 0.8062248826026917 0
1712916724592 0.8032128810882568 0
1712916724628 0.8042168617248535 0
1712916724744 0.8082329034805298 0
1712916724856 0.8092369437217712 0
1712916724892 0.8012048006057739 0
1712916724928 0.8022088408470154 0
1712916724965 0.7961847186088562 0
1712916725002 0.7961847186088562 0
1712916725038 0.7961847186088562 0
1712916725075 0.7951807379722595 0
1712916725113 0.8042168617248535 0
1712916725150 0.8122490048408508 0
1712916725186 0.8112449645996094 0
1712916725239 0.8082329034805298 0
1712916725276 0.8102409839630127 0
1712916725315 0.8082329034805298 0
1712916725353 0.8112449645996094 0
1712916725419 0.8162650465965271 0
1712916725501 0.8192771077156067 0
1712916725609 0.8222891688346863 0
1712916725645 0.8182730674743652 0
1712916725680 0.8212851285934448 0
1712916725716 0.8222891688346863 0
1712916725752 0.8242971897125244 0
1712916725788 0.823293149471283 0
1712916725827 0.8293172717094421 0
1712916725864 0.8383533954620361 0
