1722593512943 0.6893198564648628 0
1722593512980 0.6704452708363533 0
1722593513020 0.6379365473985672 0
1722593513061 0.5795320570468903 0
1722593513098 0.4934629946947098 0
1722593513136 0.41774798929691315 0
1722593513179 0.4005076065659523 0
1722593513216 0.40081216767430305 0
1722593513252 0.3937611095607281 0
1722593513289 0.39306359738111496 0
1722593513326 0.39297671616077423 0
1722593513362 0.3923802673816681 0
1722593513399 0.39231015741825104 0
1722593513436 0.3921257518231869 0
1722593513472 0.39197585731744766 0
1722593513509 0.39187704026699066 0
1722593513545 0.3917464092373848 0
1722593513582 0.3916059248149395 0
1722593513618 0.3914719931781292 0
1722593513654 0.3913872092962265 0
1722593513690 0.3912252187728882 0
1722593513727 0.3910807892680168 0
1722593513763 0.390926118940115 0
1722593513801 0.3907919079065323 0
1722593513838 0.39063941314816475 0
1722593513873 0.39046311378479004 0
1722593513908 0.3902932070195675 0
1722593513945 0.3901382349431515 0
