1722593512951 0.805940568447113 0
1722593512989 0.7990099191665649 0
1722593513029 0.8168317079544067 0
1722593513069 0.7970296740531921 0
1722593513107 0.802970290184021 0
1722593513144 0.803960382938385 0
1722593513188 0.7980198264122009 0
1722593513224 0.8287128806114197 0
1722593513261 0.8861386179924011 0
1722593513297 0.9158415794372559 0
1722593513334 0.9049504995346069 0
1722593513371 0.9039604067802429 0
1722593513407 0.9554455280303955 0
1722593513444 0.9762375950813293 0
1722593513481 0.9792079329490662 0
1722593513517 0.9881188273429871 0
1722593513553 1.010891079902649 0
1722593513591 1.0207921266555786 0
1722593513626 1.0287128686904907 0
1722593513662 1.0247524976730347 0
1722593513699 1.0336633920669556 0
1722593513735 1.0524752140045166 0
1722593513772 1.07821786403656 0
1722593513810 1.1049505472183228 0
1722593513846 1.1346534490585327 0
1722593513881 1.1435643434524536 0
1722593513918 1.1524752378463745 0
1722593513954 1.1811881065368652 0
