1685700604519 0.6940885623296101 0
1685700604578 0.66927343805631 0
1685700604636 0.6082331418991089 0
1685700604695 0.4958685209353765 0
1685700604754 0.4154062569141388 0
1685700604810 0.3982410003741582 0
1685700604865 0.39425589740276334 0
1685700604920 0.39302085638046264 0
1685700604977 0.39262398779392244 0
1685700605034 0.39237888852755226 0
1685700605090 0.3922348548968633 0
1685700605146 0.39212539891401926 0
1685700605208 0.39199667374293007 0
1685700605266 0.39185965756575264 0
1685700605324 0.39173164665699006 0
1685700605384 0.3916307200988134 0
1685700605458 0.3915285587310791 0
1685700605527 0.39139237304528557 0
1685700605599 0.3912569413582484 0
