1685700604523 0.8240837454795837 0
1685700604582 0.8314136266708374 0
1685700604641 0.8178010582923889 0
1685700604699 0.8240837454795837 0
1685700604758 0.8240837454795837 0
1685700604814 0.8397905826568604 0
1685700604869 0.8617801070213318 0
1685700604924 0.8931937217712402 0
1685700604982 0.9089004993438721 0
1685700605038 0.9287958145141602 0
1685700605094 0.9287958145141602 0
1685700605150 0.9403141140937805 0
1685700605212 0.9675392508506775 0
1685700605270 0.9874345660209656 0
1685700605329 0.9895287752151489 0
1685700605390 1.0157067775726318 0
1685700605471 1.0230365991592407 0
1685700605532 1.03560209274292 0
1685700605604 1.0314135551452637 0
