1683886236927 0.7964323163032532 0
1683886236970 0.8258132338523865 0
1683886237025 0.7932843565940857 0
1683886237070 0.8016788959503174 0
1683886237113 0.8132213950157166 0
1683886237156 0.8111227750778198 0
1683886237197 0.8037775158882141 0
1683886237234 0.7964323163032532 0
1683886237270 0.7943336963653564 0
1683886237300 0.8048268556594849 0
1683886237331 0.8174186944961548 0
1683886237618 0.8195173144340515 0
1683886237649 0.8174186944961548 0
1683886237705 0.8205666542053223 0
1683886237747 0.822665274143219 0
1683886237905 0.8216159343719482 0
1683886237947 0.8247638940811157 0
1683886237990 0.8237146139144897 0
1683886238025 0.8331584334373474 0
1683886238055 0.8342077732086182 0
1683886238085 0.8321091532707214 0
1683886238117 0.8331584334373474 0
1683886238269 0.860440731048584 0
1683886238302 0.8740818500518799 0
1683886238331 0.8656873106956482 0
1683886238360 0.8688352704048157 0
1683886238522 0.8709338903427124 0
1683886238554 0.8772298097610474 0
1683886238588 0.8824763894081116 0
1683886238618 0.8940188884735107 0
1683886238645 0.89296954870224 0
1683886238673 0.9181532263755798 0
1683886238703 0.9422875046730042 0
1683886238746 0.930745005607605 0
1683886238773 0.9464848041534424 0
1683886238800 0.9674711227416992 0
1683886238828 0.9716684222221375 0
1683886238856 0.9884575009346008 0
1683886238883 0.993704080581665 0
1683886238910 0.9832109212875366 0
1683886238938 0.9821615815162659 0
1683886238972 1.0188877582550049 0
1683886239001 1.0146903991699219 0
1683886239038 1.0272822380065918 0
1683886239068 1.0398740768432617 0
1683886239095 1.0430220365524292 0
1683886239123 1.0671563148498535 0
1683886239170 1.070304274559021 0
1683886239219 1.068205714225769 0
1683886239266 1.069254994392395 0
1683886239302 1.0745015144348145 0
1683886239334 1.0891920328140259 0
1683886239373 1.1028331518173218 0
1683886239585 1.1217209100723267 0
1683886239665 1.139559268951416 0
