1701425481058 0.7640449404716492 0
1701425481093 0.7834525108337402 0
1701425481129 0.791624128818512 0
1701425481164 0.7946884632110596 0
1701425481203 0.7906026840209961 0
1701425481238 0.8018386363983154 0
1701425481275 0.7967313528060913 0
1701425481309 0.7834525108337402 0
1701425481343 0.785495400428772 0
1701425481380 0.8110316395759583 0
1701425481416 0.8038815259933472 0
1701425481480 0.8059244155883789 0
1701425481528 0.8406537175178528 0
1701425481575 0.8549540638923645 0
1701425481627 0.852911114692688 0
1701425481674 0.8835546374320984 0
1701425481719 0.898876428604126 0
1701425481755 0.9101123809814453 0
1701425481790 0.9284984469413757 0
1701425481826 0.9427987933158875 0
1701425481862 0.932584285736084 0
1701425481896 0.9540347456932068 0
1701425481931 0.9622063040733337 0
1701425481971 0.9570990800857544 0
1701425482006 0.9918283820152283 0
1701425482040 0.9846782684326172 0
1701425482075 0.9826353192329407 0
1701425482111 1.0194075107574463 0
1701425482146 0.9816138744354248 0
1701425482184 1.0 0
1701425482220 1.0020428895950317 0
