1692958236903 0.6917985305190086 0
1692958237052 0.6818108409643173 0
1692958237197 0.6662506274878979 0
1692958237297 0.6391143500804901 0
1692958237388 0.5939926579594612 0
1692958237476 0.5322693884372711 0
1692958237556 0.4655576143413782 0
1692958237613 0.42208101600408554 0
1692958237712 0.40295353159308434 0
1692958237813 0.39770110696554184 0
1692958237912 0.39461834728717804 0
1692958237967 0.3932590987533331 0
1692958238144 0.3926259558647871 0
1692958238248 0.3923372756689787 0
1692958238351 0.3920954428613186 0
1692958238449 0.39175634272396564 0
1692958238577 0.3916171472519636 0
1692958238655 0.3917634040117264 0
1692958238715 0.3914673216640949 0
1692958238790 0.39156327582895756 0
1692958238857 0.39146503433585167 0
1692958238930 0.39122897759079933 0
1692958238998 0.39117254316806793 0
1692958239285 0.39109609834849834 0
1692958239353 0.3906313516199589 0
1692958239470 0.3909002095460892 0
1692958239555 0.3907457944005728 0
