1707473411816 0.8016194105148315 0
1707473411847 0.8087044358253479 0
1707473411877 0.8087044358253479 0
1707473411907 0.8259109258651733 0
1707473411936 0.8218623399734497 0
1707473411965 0.8370445370674133 0
1707473411995 0.8917003870010376 0
1707473412026 0.9170040488243103 0
1707473412059 0.9068825840950012 0
1707473412089 0.9261133670806885 0
1707473412122 0.9271255135536194 0
1707473412154 0.9554656147956848 0
1707473412184 0.9493927359580994 0
1707473412213 0.9939271211624146 0
1707473412244 1.0060728788375854 0
1707473412275 1.0313764810562134 0
1707473412307 1.0556679964065552 0
1707473412336 1.0748988389968872 0
1707473412368 1.0921052694320679 0
1707473412401 1.1002024412155151 0
