1700215809432 0.8239508867263794 0
1700215809477 0.8024564981460571 0
1700215809521 0.8045035600662231 0
1700215809562 0.8085977435112 0
1700215809604 0.8474923372268677 0
1700215809672 0.9191402196884155 0
1700215809739 0.9539406299591064 0
1700215809784 0.9651995897293091 0
1700215809822 1.0491299629211426 0
1700215809861 1.0808597803115845 0
1700215809900 1.1218013763427734 0
1700215809940 1.1443192958831787 0
1700215809982 1.1903786659240723 0
1700215810021 1.2456499338150024 0
1700215810060 1.3029682636260986 0
1700215810099 1.3459570407867432 0
1700215810138 1.4094165563583374 0
1700215810178 1.44831120967865 0
1700215810217 1.452405333518982 0
1700215810256 1.5537359714508057 0
1700215810297 1.576253890991211 0
1700215810342 1.57932448387146 0
