1700215809425 0.6904542253863427 0
1700215809471 0.6368573865582866 0
1700215809516 0.5065966479239925 0
1700215809557 0.41975253628146264 0
1700215809598 0.3974166214466095 0
1700215809666 0.3930326286823519 0
1700215809733 0.39214884561877095 0
1700215809779 0.39177148572860226 0
1700215809817 0.39147006888543406 0
1700215809856 0.3911704565248182 0
1700215809895 0.3907839944285731 0
1700215809935 0.3904793800846223 0
1700215809977 0.3900361734051858 0
1700215810017 0.3896785868752387 0
1700215810055 0.3891072609732228 0
1700215810094 0.3886035450043217 0
1700215810133 0.38798495742582506 0
1700215810173 0.38738265921992643 0
1700215810212 0.38665121216927806 0
1700215810251 0.38591103688363104 0
1700215810291 0.38509468782332634 0
1700215810337 0.38418905485060906 0
