1728641543559 0.7909715175628662 0
1728641543649 0.9263984560966492 0
1728641543732 0.9941118955612183 0
1728641543815 1.0402355194091797 0
1728641543899 1.1315014362335205 0
1728641543987 1.1805691719055176 0
1728641544073 1.3552502393722534 0
1728641544176 1.4121687412261963 0
1728641544275 1.6643768548965454 0
1728641544365 1.7193326950073242 0
1728641544448 1.7801766395568848 0
1728641544551 1.8665357828140259 0
1728641544666 2.051030397415161 0
1728641544790 2.122669219970703 0
1728641544897 2.1530911922454834 0
1728641545126 2.2463200092315674 0
