1688724760959 0.8020833134651184 0
1688724760989 0.8145833611488342 0
1688724761017 0.8364583253860474 0
1688724761045 0.8270833492279053 0
1688724761072 0.8197916746139526 0
1688724761099 0.8270833492279053 0
1688724761127 0.828125 0
1688724761154 0.8125 0
1688724761182 0.8072916865348816 0
1688724761209 0.8114583492279053 0
1688724761237 0.8208333253860474 0
1688724761264 0.8187500238418579 0
1688724761291 0.8218749761581421 0
1688724761318 0.824999988079071 0
1688724761346 0.8218749761581421 0
1688724761373 0.8218749761581421 0
1688724761400 0.8218749761581421 0
1688724761427 0.8260416388511658 0
1688724761455 0.828125 0
1688724761482 0.8333333134651184 0
1688724761510 0.8270833492279053 0
1688724761538 0.824999988079071 0
1688724761565 0.824999988079071 0
1688724761594 0.8364583253860474 0
1688724761621 0.8427083492279053 0
1688724761649 0.8520833253860474 0
1688724761677 0.8552083373069763 0
1688724761704 0.8520833253860474 0
1688724761732 0.8635416626930237 0
1688724761760 0.8708333373069763 0
1688724761787 0.9041666388511658 0
1688724761815 0.8947916626930237 0
1688724761842 0.9302083253860474 0
1688724761871 0.949999988079071 0
1688724761899 0.965624988079071 0
1688724761927 0.965624988079071 0
1688724761955 0.984375 0
1688724761983 0.9864583611488342 0
1688724762013 0.9979166388511658 0
1688724762041 1.0395833253860474 0
1688724762068 1.0416666269302368 0
1688724762096 1.0604166984558105 0
1688724762124 1.0947916507720947 0
1688724762152 1.100000023841858 0
1688724762179 1.1062500476837158 0
1688724762207 1.1072916984558105 0
1688724762234 1.1427083015441895 0
1688724762262 1.15625 0
