1688724760955 0.6967526897788048 0
1688724760984 0.6900941431522369 0
1688724761012 0.6826178357005119 0
1688724761041 0.6736228615045547 0
1688724761068 0.6622481569647789 0
1688724761095 0.6479673460125923 0
1688724761123 0.6305662542581558 0
1688724761150 0.6092232093214989 0
1688724761178 0.584134116768837 0
1688724761205 0.5557805821299553 0
1688724761233 0.5260430499911308 0
1688724761259 0.49722593650221825 0
1688724761287 0.4711603410542011 0
1688724761314 0.45111314952373505 0
1688724761341 0.4354748763144016 0
1688724761368 0.42523695155978203 0
1688724761396 0.4175086170434952 0
1688724761423 0.4121553860604763 0
1688724761450 0.4073130413889885 0
1688724761478 0.40376632288098335 0
1688724761506 0.4008892774581909 0
1688724761534 0.39898258075118065 0
1688724761561 0.39748838543891907 0
1688724761589 0.39601268246769905 0
1688724761617 0.3951017037034035 0
1688724761645 0.39442053809762 0
1688724761673 0.3937562294304371 0
1688724761700 0.39327623322606087 0
1688724761728 0.3930494301021099 0
1688724761756 0.39281050115823746 0
1688724761783 0.3924918808043003 0
1688724761811 0.39227211847901344 0
1688724761838 0.3919937200844288 0
1688724761867 0.3919818438589573 0
1688724761894 0.3918413668870926 0
1688724761923 0.39161965623497963 0
1688724761951 0.391571756452322 0
1688724761979 0.3915029838681221 0
1688724762009 0.39133598282933235 0
1688724762036 0.3913058750331402 0
1688724762064 0.3910783492028713 0
1688724762092 0.3910878375172615 0
1688724762119 0.39094091579318047 0
1688724762148 0.3908795304596424 0
1688724762175 0.39078542962670326 0
1688724762203 0.3907405324280262 0
1688724762230 0.3905896209180355 0
1688724762257 0.3904094062745571 0
