1720174421398 0.7805362343788147 0
1720174421497 0.784508466720581 0
1720174421578 0.7904667258262634 0
1720174421641 0.7785501480102539 0
1720174421697 0.7745779752731323 0
1720174421750 0.7874875664710999 0
1720174421806 0.7835153937339783 0
1720174421859 0.8053624629974365 0
1720174421915 0.8341608643531799 0
1720174421970 0.8371400237083435 0
1720174422021 0.8798410892486572 0
1720174422128 0.8867924809455872 0
1720174422189 0.9086395502090454 0
1720174422254 0.9255213737487793 0
1720174422307 0.9553127884864807 0
1720174422362 0.9652432799339294 0
1720174422414 0.9702085256576538 0
1720174422468 0.9860973358154297 0
1720174422522 0.9920555949211121 0
1720174422576 1.0347566604614258 0
1720174422632 1.0139026641845703 0
1720174422684 1.021847128868103 0
1720174422738 1.04667329788208 0
