1726827149649 0.6581314820796251 0
1726827149712 0.45353791397064924 0
1726827149772 0.3947281241416931 0
1726827149830 0.39243649784475565 0
1726827149888 0.39192679431289434 0
1726827149946 0.3914714241400361 0
1726827150014 0.3908642204478383 0
1726827150073 0.390241258777678 0
1726827150160 0.3895453820005059 0
1726827150237 0.38861492741853 0
1726827150314 0.38767790514975786 0
1726827150396 0.38647904340177774 0
1726827150461 0.38510694820433855 0
1726827150523 0.38350022956728935 0
1726827150584 0.3817899711430073 0
1726827150646 0.3797252494841814 0
1726827150710 0.3777272840961814 0
1726827150774 0.3754340838640928 0
