1732875221670 0.691197395324707 0
1732875221787 0.6859137349658542 0
1732875221823 0.6805436015129089 0
1732875221856 0.6719418300522698 0
1732875221890 0.6640628245141771 0
1732875221923 0.6524355543984307 0
1732875221957 0.6354255941179063 0
1732875221991 0.6171367234653897 0
1732875222024 0.5889644225438436 0
1732875222057 0.5581730339262221 0
1732875222095 0.5223854515287611 0
1732875222130 0.4860350588957469 0
1732875222164 0.45578930113050675 0
1732875222198 0.43179507388008964 0
1732875222233 0.4223873151673211 0
1732875222267 0.41156962845060563 0
1732875222302 0.4045204884476132 0
1732875222337 0.4014139705234104 0
1732875222371 0.3990527225865258 0
1732875222406 0.39773378438419765 0
1732875222440 0.3991316987408532 0
1732875222481 0.3948516978157891 0
1732875222517 0.3960517843564351 0
1732875222551 0.3933752179145813 0
1732875222587 0.39482983615663314 0
1732875222623 0.39354467391967773 0
1732875222658 0.39339641067716813 0
1732875222694 0.3928598231739468 0
1732875222728 0.39265041218863594 0
1732875222764 0.3934898442692227 0
1732875222800 0.393545001745224 0
1732875222835 0.3925639059808519 0
1732875223024 0.3932362761762407 0
1732875223072 0.3925013674630059 0
1732875223107 0.3914799789587657 0
1732875223151 0.39257486330138314 0
1732875223189 0.39205747842788696 0
1732875223228 0.3917006121741401 0
1732875223264 0.3924243814415402 0
1732875223298 0.3926488624678718 0
