1732875221721 0.8001949191093445 0
1732875221797 0.8109161853790283 0
1732875221832 0.8255360722541809 0
1732875221866 0.8323586583137512 0
1732875221900 0.8401559591293335 0
1732875221933 0.8235867619514465 0
1732875221967 0.8060429096221924 0
1732875222000 0.7904483675956726 0
1732875222033 0.7816764116287231 0
1732875222070 0.7943469882011414 0
1732875222105 0.7943469882011414 0
1732875222139 0.7884989976882935 0
1732875222174 0.7894737124443054 0
1732875222208 0.7768031358718872 0
1732875222243 0.780701756477356 0
1732875222278 0.7826510667800903 0
1732875222313 0.7914230227470398 0
1732875222347 0.7933723330497742 0
1732875222381 0.8001949191093445 0
1732875222416 0.7982456088066101 0
1732875222450 0.8177387714385986 0
1732875222491 0.820662796497345 0
1732875222527 0.8382066488265991 0
1732875222561 0.8343079686164856 0
1732875222598 0.8411306142807007 0
1732875222633 0.8460038900375366 0
1732875222668 0.8284600377082825 0
1732875222704 0.8323586583137512 0
1732875222739 0.8489278554916382 0
1732875222775 0.8635477423667908 0
1732875222810 0.8742690086364746 0
1732875222845 0.8684210777282715 0
1732875223036 0.871345043182373 0
1732875223082 0.8898635506629944 0
1732875223118 0.899610161781311 0
1732875223163 0.899610161781311 0
1732875223201 0.9025341272354126 0
1732875223239 0.8791422843933105 0
1732875223274 0.8840156197547913 0
1732875223308 0.899610161781311 0
