1713521486017 0.8104313015937805 0
1713521486090 0.8345035314559937 0
1713521486160 0.8154463171958923 0
1713521486269 0.8355064988136292 0
1713521486340 0.8124372959136963 0
1713521486461 0.8164493441581726 0
1713521486527 0.8214644193649292 0
1713521486593 0.8194583654403687 0
1713521486662 0.8425275683403015 0
1713521486730 0.8545637130737305 0
1713521486799 0.8836509585380554 0
1713521486868 0.9107322096824646 0
1713521486932 0.905717134475708 0
1713521486997 0.9368104338645935 0
1713521487061 0.9568706154823303 0
1713521487141 0.9438315033912659 0
1713521487206 0.9518555402755737 0
1713521487273 0.9959879517555237 0
1713521487338 0.9929789304733276 0
1713521487518 0.9939819574356079 0
1713521487596 1.009027123451233 0
1713521487803 1.026078224182129 0
1713521487882 1.0391173362731934 0
1713521487969 1.062186598777771 0
1713521488161 1.0712136030197144 0
