1713521486008 0.6973498556762934 0
1713521486081 0.6822353228926659 0
1713521486151 0.6487067267298698 0
1713521486224 0.5815715808421373 0
1713521486330 0.4907133160158992 0
1713521486452 0.4262245148420334 0
1713521486518 0.4035610519349575 0
1713521486584 0.3973299292847514 0
1713521486653 0.3948163129389286 0
1713521486722 0.39361496455967426 0
1713521486791 0.3928820351138711 0
1713521486860 0.3925097035244107 0
1713521486923 0.3922073058784008 0
1713521486988 0.39206588454544544 0
1713521487053 0.3918224014341831 0
1713521487132 0.39183180686086416 0
1713521487198 0.3917956119403243 0
1713521487265 0.391703630797565 0
1713521487329 0.3915015449747443 0
1713521487510 0.39142842311412096 0
1713521487584 0.3912514792755246 0
1713521487793 0.3911642571911216 0
1713521487873 0.39108903240412474 0
1713521487961 0.39091708697378635 0
1713521488149 0.39079367741942406 0
