1688724759422 0.6889025345444679 0
1688724759463 0.672097697854042 0
1688724759500 0.6435595229268074 0
1688724759536 0.5937610268592834 0
1688724759573 0.5195781998336315 0
1688724759609 0.44208381325006485 0
1688724759646 0.40355409309268 0
1688724759682 0.40156276524066925 0
1688724759718 0.3970358446240425 0
1688724759755 0.39290081337094307 0
1688724759793 0.39267435669898987 0
1688724759830 0.39241936802864075 0
1688724759866 0.39196501672267914 0
1688724759902 0.39201807230710983 0
1688724759940 0.39184822887182236 0
1688724759976 0.3916546627879143 0
1688724760011 0.3914938233792782 0
1688724760047 0.3913341425359249 0
1688724760082 0.3911978676915169 0
1688724760118 0.39102060347795486 0
