1688724759426 0.8291666507720947 0
1688724759467 0.8354166746139526 0
1688724759504 0.815625011920929 0
1688724759541 0.8218749761581421 0
1688724759577 0.8270833492279053 0
1688724759613 0.828125 0
1688724759650 0.8239583373069763 0
1688724759686 0.8302083611488342 0
1688724759722 0.8697916865348816 0
1688724759759 0.9270833134651184 0
1688724759797 0.9468749761581421 0
1688724759834 0.965624988079071 0
1688724759870 0.9822916388511658 0
1688724759906 0.9822916388511658 0
1688724759944 1.0114582777023315 0
1688724759980 1.0239583253860474 0
1688724760015 1.0520833730697632 0
1688724760051 1.0770833492279053 0
1688724760086 1.0802083015441895 0
1688724760122 1.1104166507720947 0
