1691748863270 0.692842997610569 0
1691748863371 0.6817638128995895 0
1691748863438 0.667727991938591 0
1691748863510 0.6474787443876266 0
1691748863571 0.6165167540311813 0
1691748863633 0.5709372311830521 0
1691748863696 0.511725127696991 0
1691748863776 0.45195871591567993 0
1691748863850 0.41274627670645714 0
1691748863910 0.4009636603295803 0
1691748863990 0.3987119719386101 0
1691748864098 0.3950866162776947 0
1691748864177 0.3929973728954792 0
1691748864244 0.392695602029562 0
1691748864311 0.39233290031552315 0
1691748864395 0.39218614995479584 0
1691748864464 0.3921206183731556 0
1691748864522 0.3920610882341862 0
1691748864569 0.3920357674360275 0
1691748864610 0.3918687403202057 0
1691748864645 0.39181916788220406 0
1691748864678 0.39176178723573685 0
1691748864713 0.39163913205266 0
1691748864751 0.3915882371366024 0
1691748864782 0.3915015235543251 0
1691748864814 0.39143088832497597 0
1691748864846 0.39130837842822075 0
1691748864877 0.39121922478079796 0
1691748864908 0.3911810591816902 0
1691748864950 0.39101171493530273 0
