1686910206251 0.6910403887430827 0
1686910206288 0.6890733202298482 0
1686910206324 0.6869415640830994 0
1686910206360 0.6843890508015951 0
1686910206396 0.6810602863629659 0
1686910206432 0.6764825264612834 0
1686910206470 0.6702660163243611 0
1686910206506 0.6620142738024394 0
1686910206541 0.6513586719830831 0
1686910206582 0.6379766543706258 0
1686910206618 0.6215305010477702 0
1686910206654 0.6020381569862365 0
1686910206691 0.5796301285425822 0
1686910206727 0.5550644238789876 0
1686910206764 0.5295513312021891 0
1686910206801 0.5044616599877675 0
1686910206837 0.4812897284825643 0
1686910206873 0.46119126280148826 0
1686910206909 0.4448070824146271 0
1686910206945 0.4320855617523193 0
1686910206984 0.4226002176602682 0
1686910207021 0.4156182050704956 0
1686910207059 0.41051798264185585 0
1686910207095 0.40675631165504456 0
1686910207131 0.40387985706329343 0
1686910207168 0.4016661246617635 0
1686910207207 0.3998992999394735 0
1686910207244 0.398502258459727 0
1686910207282 0.3973339438438416 0
1686910207320 0.3963793416817983 0
1686910207355 0.39562819004058836 0
1686910207392 0.39499764442443847 0
1686910207428 0.3944747507572174 0
1686910207464 0.3940503537654877 0
1686910207500 0.39369598428408303 0
1686910207536 0.3934063732624054 0
1686910207572 0.3931589146455129 0
1686910207609 0.39294050534566244 0
1686910207650 0.3927743156750997 0
1686910207687 0.39263243873914083 0
1686910207723 0.392501304546992 0
1686910207759 0.39239039619763694 0
1686910207795 0.3922914246718089 0
1686910207832 0.39221282601356505 0
1686910207872 0.39212705890337624 0
1686910207916 0.39206162095069885 0
1686910207964 0.3919891019662221 0
1686910208005 0.39193193515141805 0
1686910208049 0.3918798665205638 0
1686910208092 0.39182650446891787 0
1686910208133 0.3917642374833425 0
1686910208177 0.391722172498703 0
1686910208219 0.39167596300443014 0
1686910208258 0.39162575602531435 0
1686910208295 0.39158349434534706 0
1686910208334 0.39153998096783954 0
1686910208373 0.39149235089619955 0
1686910208409 0.3914421697457631 0
1686910208446 0.3914043406645457 0
1686910208484 0.3913639227549235 0
1686910208523 0.391311921676 0
1686910208560 0.39127479394276937 0
