1715940661936 0.8330000042915344 0
1715940661966 0.8230000138282776 0
1715940661996 0.8220000267028809 0
1715940662027 0.8220000267028809 0
1715940662057 0.8159999847412109 0
1715940662087 0.8270000219345093 0
1715940662117 0.828000009059906 0
1715940662150 0.7990000247955322 0
1715940662212 0.800000011920929 0
1715940662242 0.8069999814033508 0
1715940662273 0.8330000042915344 0
1715940662305 0.8610000014305115 0
1715940662336 0.8849999904632568 0
1715940662367 0.8899999856948853 0
1715940662397 0.9150000214576721 0
1715940662427 0.9629999995231628 0
1715940662457 0.9779999852180481 0
1715940662488 0.9779999852180481 0
1715940662517 0.9779999852180481 0
1715940662547 0.9829999804496765 0
1715940662577 0.9959999918937683 0
1715940662607 1.003000020980835 0
1715940662640 1.0119999647140503 0
1715940662673 1.0099999904632568 0
1715940662707 1.0069999694824219 0
1715940662741 1.0219999551773071 0
1715940662774 1.0369999408721924 0
1715940662808 1.0440000295639038 0
1715940662841 1.0440000295639038 0
1715940662875 1.059000015258789 0
1715940662908 1.0759999752044678 0
1715940662940 1.0800000429153442 0
1715940662981 1.0859999656677246 0
1715940663016 1.0750000476837158 0
1715940663049 1.0809999704360962 0
1715940663082 1.1080000400543213 0
1715940663115 1.1080000400543213 0
1715940663148 1.1410000324249268 0
1715940663183 1.1349999904632568 0
1715940663328 1.1469999551773071 0
1715940663361 1.1540000438690186 0
1715940663394 1.1540000438690186 0
1715940663425 1.1629999876022339 0
1715940663456 1.1920000314712524 0
1715940663488 1.1710000038146973 0
1715940663521 1.2039999961853027 0
1715940663555 1.2039999961853027 0
