1715940661929 0.6912328153848648 0
1715940661959 0.681805282831192 0
1715940661989 0.6681811287999153 0
1715940662019 0.6464992538094521 0
1715940662049 0.6118464544415474 0
1715940662080 0.5601955652236938 0
1715940662110 0.49599917978048325 0
1715940662142 0.43820536509156227 0
1715940662205 0.4085642881691456 0
1715940662235 0.4022686816751957 0
1715940662265 0.3989444673061371 0
1715940662298 0.3947964496910572 0
1715940662329 0.3932435177266598 0
1715940662359 0.392887931317091 0
1715940662390 0.3926016017794609 0
1715940662420 0.3923919126391411 0
1715940662450 0.3922981508076191 0
1715940662480 0.39223333448171616 0
1715940662510 0.3921237625181675 0
1715940662540 0.3920862451195717 0
1715940662570 0.3919748514890671 0
1715940662600 0.39186813682317734 0
1715940662633 0.3917955681681633 0
1715940662665 0.3917039819061756 0
1715940662699 0.3916115276515484 0
1715940662732 0.3915138505399227 0
1715940662766 0.3914394974708557 0
1715940662800 0.3913559243083 0
1715940662833 0.3912285156548023 0
1715940662867 0.39111579954624176 0
1715940662900 0.39104684442281723 0
1715940662932 0.3909287415444851 0
1715940662971 0.39082108810544014 0
1715940663008 0.3907189704477787 0
1715940663040 0.39069392159581184 0
1715940663074 0.3905298560857773 0
1715940663107 0.39040762931108475 0
1715940663140 0.3903161734342575 0
1715940663175 0.39017314836382866 0
1715940663320 0.3900323919951916 0
1715940663353 0.38989853113889694 0
1715940663385 0.389785997569561 0
1715940663417 0.3896872289478779 0
1715940663449 0.38951393589377403 0
1715940663480 0.3893902152776718 0
1715940663513 0.38921119272708893 0
1715940663547 0.3890468701720238 0
