1699006272684 0.7037908285856247 0
1699006272718 0.7023385912179947 0
1699006272750 0.7007765844464302 0
1699006272785 0.6992599070072174 0
1699006272818 0.6976646557450294 0
1699006272856 0.6958838328719139 0
1699006272889 0.6938509494066238 0
1699006272920 0.6914596706628799 0
1699006272952 0.6886986568570137 0
1699006272984 0.685492143034935 0
1699006273016 0.6817546710371971 0
1699006273049 0.6776541769504547 0
1699006273081 0.6729435697197914 0
1699006273112 0.6675002798438072 0
1699006273144 0.6614479050040245 0
1699006273176 0.6545167043805122 0
1699006273211 0.6468267291784286 0
1699006273252 0.638357512652874 0
1699006273292 0.6288468241691589 0
1699006273330 0.6183818578720093 0
1699006273362 0.606929823756218 0
1699006273399 0.5944408178329468 0
1699006273432 0.5813211277127266 0
1699006273468 0.5674714222550392 0
1699006273503 0.5528427064418793 0
1699006273536 0.5382785424590111 0
1699006273567 0.5235919579863548 0
1699006273598 0.5092989206314087 0
1699006273632 0.49526409804821014 0
1699006273667 0.4820360355079174 0
1699006273702 0.4696851223707199 0
1699006273739 0.4585203528404236 0
1699006273772 0.44850466400384903 0
1699006273805 0.439817875623703 0
1699006273838 0.4322255253791809 0
1699006273871 0.4258944094181061 0
1699006273912 0.42083386704325676 0
1699006273953 0.4162661135196686 0
1699006273986 0.41257210075855255 0
1699006274033 0.4093453995883465 0
1699006274071 0.4070763438940048 0
1699006274117 0.4051768630743027 0
1699006274157 0.40321706607937813 0
1699006274219 0.40183698013424873 0
1699006274263 0.40069298818707466 0
1699006274308 0.39950717985630035 0
1699006274359 0.3986177146434784 0
1699006274442 0.3978431671857834 0
1699006274484 0.39706962183117867 0
1699006274531 0.3965444825589657 0
1699006274567 0.39605046063661575 0
1699006274599 0.39543189853429794 0
1699006274637 0.3951791785657406 0
1699006274674 0.39467697963118553 0
1699006274715 0.3944294899702072 0
1699006274748 0.394158486276865 0
1699006274793 0.39388536661863327 0
1699006274828 0.3937130570411682 0
1699006274863 0.3935660608112812 0
1699006274897 0.39333075284957886 0
1699006274930 0.39316583052277565 0
1699006274975 0.3930233120918274 0
1699006275009 0.392924964427948 0
1699006275046 0.3928656168282032 0
1699006275079 0.39277657493948936 0
1699006275114 0.3926464840769768 0
1699006275147 0.39261263981461525 0
1699006275182 0.39246951416134834 0
1699006275216 0.3924696147441864 0
1699006275255 0.3924400135874748 0
1699006275290 0.3923550993204117 0
1699006275329 0.3923436105251312 0
1699006275364 0.39232369512319565 0
1699006275399 0.39219139516353607 0
1699006275437 0.39225542172789574 0
1699006275471 0.39219052717089653 0
1699006275506 0.3921489380300045 0
