1699006272690 0.7815384864807129 0
1699006272724 0.7969231009483337 0
1699006272757 0.7835897207260132 0
1699006272791 0.7764102816581726 0
1699006272824 0.7743589878082275 0
1699006272862 0.7784615159034729 0
1699006272895 0.780512809753418 0
1699006272926 0.7907692193984985 0
1699006272958 0.7907692193984985 0
1699006272990 0.8010256290435791 0
1699006273023 0.8041025400161743 0
1699006273055 0.8266666531562805 0
1699006273087 0.8399999737739563 0
1699006273118 0.8399999737739563 0
1699006273150 0.8328205347061157 0
1699006273182 0.8307692408561707 0
1699006273221 0.8410256505012512 0
1699006273260 0.8317948579788208 0
1699006273301 0.8441025614738464 0
1699006273336 0.8441025614738464 0
1699006273369 0.8338461518287659 0
1699006273405 0.837948739528656 0
1699006273439 0.8420512676239014 0
1699006273474 0.8451281785964966 0
1699006273509 0.8420512676239014 0
1699006273541 0.8358974456787109 0
1699006273573 0.8328205347061157 0
1699006273604 0.8328205347061157 0
1699006273638 0.8389743566513062 0
1699006273674 0.8317948579788208 0
1699006273708 0.8358974456787109 0
1699006273745 0.8266666531562805 0
1699006273778 0.8358974456787109 0
1699006273812 0.837948739528656 0
1699006273844 0.8328205347061157 0
1699006273877 0.8358974456787109 0
1699006273923 0.8307692408561707 0
1699006273959 0.8317948579788208 0
1699006273992 0.8317948579788208 0
1699006274040 0.8235897421836853 0
1699006274081 0.8276923298835754 0
1699006274126 0.8358974456787109 0
1699006274169 0.8358974456787109 0
1699006274227 0.837948739528656 0
1699006274270 0.8369230628013611 0
1699006274316 0.8338461518287659 0
1699006274411 0.8328205347061157 0
1699006274448 0.8297435641288757 0
1699006274494 0.8328205347061157 0
1699006274538 0.837948739528656 0
1699006274573 0.8441025614738464 0
1699006274607 0.8420512676239014 0
1699006274644 0.8389743566513062 0
1699006274680 0.8492307662963867 0
1699006274721 0.8482051491737366 0
1699006274758 0.8410256505012512 0
1699006274799 0.8482051491737366 0
1699006274834 0.8574358820915222 0
1699006274869 0.854358971118927 0
1699006274903 0.8717948794364929 0
1699006274937 0.870769202709198 0
1699006274982 0.8697435855865479 0
1699006275016 0.8687179684638977 0
1699006275052 0.8748717904090881 0
1699006275085 0.8789743781089783 0
1699006275120 0.8964102268218994 0
1699006275153 0.9025641083717346 0
1699006275188 0.9005128145217896 0
1699006275225 0.9035897254943848 0
1699006275262 0.911794900894165 0
1699006275296 0.9292307496070862 0
1699006275336 0.9343589544296265 0
1699006275371 0.9497435688972473 0
1699006275405 0.9661538600921631 0
1699006275444 0.962051272392273 0
1699006275478 0.9712820649147034 0
1699006275512 0.964102566242218 0
