1704449413177 0.8097659945487976 0
1704449413208 0.7975584864616394 0
1704449413235 0.798575758934021 0
1704449413263 0.7965412139892578 0
1704449413292 0.7772126197814941 0
1704449413319 0.7884028553962708 0
1704449413345 0.800610363483429 0
1704449413373 0.7833163738250732 0
1704449413399 0.7904374599456787 0
1704449413426 0.7924720048904419 0
1704449413451 0.800610363483429 0
1704449413477 0.800610363483429 0
1704449413502 0.8474059104919434 0
1704449413528 0.8646999001502991 0
1704449413554 0.8830111622810364 0
1704449413579 0.9033570885658264 0
1704449413606 0.942014217376709 0
1704449413632 0.9582909345626831 0
1704449413658 0.9593082666397095 0
1704449413685 0.9552390575408936 0
1704449413713 0.962360143661499 0
1704449413739 0.9552390575408936 0
1704449413765 0.9766022562980652 0
1704449413792 0.9806714057922363 0
1704449413819 0.9796541333198547 0
1704449413845 0.989827036857605 0
1704449413873 0.9837232828140259 0
1704449413903 0.9908443689346313 0
1704449413931 1.014242172241211 0
1704449413959 1.0213631391525269 0
1704449413987 1.0264496803283691 0
1704449414015 1.033570647239685 0
1704449414042 1.0722278356552124 0
1704449414069 1.0905392169952393 0
1704449414098 1.0630722045898438 0
1704449414125 1.0935910940170288 0
1704449414151 1.1088504791259766 0
1704449414178 1.1068158149719238 0
1704449414204 1.0946083068847656 0
1704449414230 1.1088504791259766 0
1704449414258 1.1444557905197144 0
1704449414284 1.163784384727478 0
1704449414312 1.1698881387710571 0
1704449414338 1.1861648559570312 0
1704449414364 1.181078314781189 0
1704449414391 1.1943031549453735 0
1704449414418 1.2095625400543213 0
1704449414445 1.2146490812301636 0
1704449414472 1.2339776754379272 0
