1704449413171 0.6899971887469292 0
1704449413201 0.6806039288640022 0
1704449413230 0.6691777855157852 0
1704449413257 0.6518435776233673 0
1704449413286 0.6239817887544632 0
1704449413313 0.5812493562698364 0
1704449413340 0.5234669372439384 0
1704449413367 0.4627387784421444 0
1704449413394 0.42005637660622597 0
1704449413420 0.4047417715191841 0
1704449413446 0.4014100059866905 0
1704449413471 0.3972707577049732 0
1704449413497 0.39421577379107475 0
1704449413523 0.3932621665298939 0
1704449413548 0.3928602896630764 0
1704449413574 0.39248792827129364 0
1704449413600 0.39232680201530457 0
1704449413627 0.3922153562307358 0
1704449413653 0.3921760357916355 0
1704449413679 0.3920707553625107 0
1704449413708 0.39196646586060524 0
1704449413734 0.3919496685266495 0
1704449413760 0.3918009512126446 0
1704449413786 0.3917744643986225 0
1704449413813 0.39169417694211006 0
1704449413840 0.39159392192959785 0
1704449413868 0.3915328159928322 0
1704449413896 0.3914365954697132 0
1704449413925 0.391393031924963 0
1704449413953 0.3913067691028118 0
1704449413981 0.3912137821316719 0
1704449414010 0.3911033272743225 0
1704449414036 0.3910447545349598 0
1704449414063 0.3909057267010212 0
1704449414091 0.3908315785229206 0
1704449414120 0.39070170745253563 0
1704449414146 0.39063187688589096 0
1704449414172 0.3905521407723427 0
1704449414198 0.3904663063585758 0
1704449414225 0.3903667628765106 0
1704449414252 0.3902205675840378 0
1704449414278 0.39010758325457573 0
1704449414307 0.3900010287761688 0
1704449414332 0.38987521454691887 0
1704449414359 0.38975105807185173 0
1704449414385 0.3896418735384941 0
1704449414413 0.38953251391649246 0
1704449414439 0.3893897421658039 0
1704449414465 0.38924938440322876 0
