1713521472797 0.8054162263870239 0
1713521472836 0.8074222803115845 0
1713521472876 0.80842524766922 0
1713521472914 0.8164493441581726 0
1713521472949 0.8184553384780884 0
1713521472988 0.8184553384780884 0
1713521473031 0.8335005044937134 0
1713521473087 0.8204613924026489 0
1713521473160 0.8365095257759094 0
1713521473254 0.8475426435470581 0
1713521473338 0.8345035314559937 0
1713521473375 0.8254764080047607 0
1713521473414 0.8154463171958923 0
1713521473453 0.8184553384780884 0
1713521473490 0.7963891625404358 0
1713521473534 0.7963891625404358 0
1713521473579 0.7843530774116516 0
1713521473744 0.7803410291671753 0
1713521473863 0.7803410291671753 0
1713521473948 0.7783349752426147 0
1713521474021 0.7803410291671753 0
1713521474149 0.7783349752426147 0
1713521474260 0.7823470234870911 0
1713521474362 0.7893680930137634 0
1713521474455 0.791374146938324 0
1713521474497 0.79438316822052 0
1713521474540 0.7963891625404358 0
1713521474585 0.79438316822052 0
1713521474788 0.7963891625404358 0
1713521474915 0.7933801412582397 0
1713521475096 0.7923771142959595 0
1713521475260 0.7973921895027161 0
1713521475299 0.7893680930137634 0
1713521475390 0.7923771142959595 0
1713521475572 0.7963891625404358 0
1713521475624 0.8104313015937805 0
1713521475668 0.7993981838226318 0
1713521475754 0.8014042377471924 0
1713521475962 0.8134403228759766 0
1713521476005 0.8204613924026489 0
1713521476048 0.8375125527381897 0
1713521476100 0.8345035314559937 0
1713521476212 0.855566680431366 0
1713521476391 0.8756268620491028 0
1713521476434 0.8806419372558594 0
1713521476548 0.8996990919113159 0
1713521476619 0.908726155757904 0
1713521476663 0.9127382040023804 0
1713521476712 0.917753279209137 0
1713521476754 0.908726155757904 0
1713521476790 0.9267803430557251 0
1713521476830 0.9317953586578369 0
1713521476871 0.9518555402755737 0
