1699006285274 0.8092307448387146 0
1699006285308 0.7948718070983887 0
1699006285341 0.7979487180709839 0
1699006285375 0.7948718070983887 0
1699006285411 0.8123077154159546 0
1699006285457 0.8082051277160645 0
1699006285491 0.7958974242210388 0
1699006285526 0.7815384864807129 0
1699006285561 0.7866666913032532 0
1699006285596 0.782564103603363 0
1699006285629 0.7897436022758484 0
1699006285665 0.7815384864807129 0
1699006285700 0.7846153974533081 0
1699006285756 0.7928205132484436 0
1699006285793 0.7928205132484436 0
1699006285826 0.7969231009483337 0
1699006285859 0.7969231009483337 0
1699006285893 0.800000011920929 0
1699006285934 0.8030769228935242 0
1699006285985 0.8061538338661194 0
1699006286033 0.8102564215660095 0
1699006286073 0.8061538338661194 0
1699006286107 0.8246153593063354 0
1699006286141 0.8112820386886597 0
1699006286179 0.8215384483337402 0
1699006286218 0.8420512676239014 0
1699006286253 0.8215384483337402 0
1699006286286 0.8482051491737366 0
1699006286320 0.8502563834190369 0
1699006286360 0.8328205347061157 0
1699006286404 0.8307692408561707 0
1699006286442 0.8276923298835754 0
1699006286476 0.8287179470062256 0
1699006286515 0.8328205347061157 0
1699006286548 0.8420512676239014 0
1699006286581 0.8502563834190369 0
1699006286615 0.8625640869140625 0
1699006286652 0.8861538171768188 0
1699006286686 0.8933333158493042 0
1699006286721 0.9046154022216797 0
1699006286754 0.9128205180168152 0
1699006286786 0.9343589544296265 0
1699006286819 0.9558974504470825 0
1699006286853 0.9661538600921631 0
1699006286891 0.9692307710647583 0
1699006286938 0.9794871807098389 0
1699006287008 0.983589768409729 0
1699006287047 1.001025676727295 0
1699006287081 0.9969230890274048 0
1699006287114 1.0020512342453003 0
1699006287148 0.9958974123001099 0
1699006287181 1.0030769109725952 0
