1730456038777 0.6924833133816719 0
1730456038824 0.6826747916638851 0
1730456038868 0.6676269471645355 0
1730456038913 0.6389959007501602 0
1730456038958 0.5864091664552689 0
1730456039004 0.5112187769263983 0
1730456039050 0.44035889208316803 0
1730456039095 0.40587979555130005 0
1730456039139 0.3977765776216984 0
1730456039183 0.3947275150567293 0
1730456039229 0.3932303190231323 0
1730456039279 0.392620338127017 0
1730456039329 0.39224645867943764 0
1730456039377 0.39207393676042557 0
1730456039525 0.3919421639293432 0
1730456039573 0.3918152917176485 0
1730456039623 0.39172947965562344 0
1730456039673 0.39159771241247654 0
1730456039727 0.3915083408355713 0
